#iID	sAreaID	sMustJoinStaff	sJoinStaff	iVictory	iFale	sReward	sReward	sTime	sBGM	sinside	sautosave
100001	M0001_20	(0,10001401,0)*(0,10001502,1)*(4,10001602,1)	(0,10001401,0)*(0,10001502,1)*(4,10001602,1)	(0,0,0)	(0,0,0)	100001	100001	-1	0	0	0
100002	M0001_20	(0,10007202,1)*(0,10001401,0)	(0,10007202,1)*(0,10001401,0)	(0,0,0)	(0,0,0)	900002	900002	-1	0	0	0
100011	M0001_21	(0,10001401,0)*(0,10012601,1)	(0,10001401,0)*(0,10012601,1)	(0,0,0)	(0,0,0)	600203	600201	-1	0	1	0
100012	M0001_21	(0,10001401,0)*(0,10012601,1)	(0,10001401,0)*(0,10012601,1)	(0,0,0)	(0,0,0)	600203	600202	-1	0	1	0
100021	M0001_25	(0,10007202,0)*(0,10008502,0)*(0,10003702,0)*(0,10012602,1)*(0,10012702,1)*(0,10012802,1)*(0,10012902,1)	(0,10007201,0)*(0,10008501,0)*(0,10003702,0)*(0,10012602,1)*(0,10012702,1)*(0,10012802,1)*(0,10012902,1)	(0,0,0)	(0,0,0)	600265	600266	-1	0	0	0
100022	M0001_25	(0,10001401,0)*(0,10001502,0)*(0,10001602,0)*(0,10012602,1)*(0,10012702,1)*(0,10012802,1)*(0,10012902,1)	(0,10001401,0)*(0,10001502,0)*(0,10001602,0)*(0,10012602,1)*(0,10012702,1)*(0,10012802,1)*(0,10012902,1)	(0,0,0)	(0,0,0)*(1,8,0)	600263	600264	-1	0	0	0
100023	M0001_25	(0,10001401,0)*(0,10001502,0)*(0,10001602,0)*(0,10013002,1)*(0,10013002,1)	(0,10001401,0)*(0,10001502,0)*(0,10001602,0)*(0,10013002,1)*(0,10013002,1)	(0,0,0)	(0,0,0)	600263	600264	-1	0	0	0
100024	M0001_25	(0,10007403,0)*(5,10008803,0)*(0,10001103,1)	(0,10007403,0)*(5,10008803,0)*(0,10001103,1)	(0,0,0)*(1,10,0)	(0,0,0)	600265	600266	-1	0	0	0
100025	M0003_01	(0,10001401,0)*(0,10012802,1)	(0,10001401,0)*(0,10012802,1)	(0,0,0)	(0,0,0)	600254	600255	-1	0	0	0
100026	M0003_01	(0,10001502,0)*(0,10012801,1)	(0,10001502,0)*(0,10012801,1)	(0,0,0)	(0,0,0)	600254	600254	-1	0	0	0
100027	M0001_25	(0,10007202,0)*(0,10008502,0)*(0,10003702,0)*(0,10012602,1)*(0,10012702,1)*(0,10012802,1)*(0,10012902,1)	(0,10007201,0)*(0,10008501,0)*(0,10003702,0)*(0,10012602,1)*(0,10012702,1)*(0,10012802,1)*(0,10012902,1)	(0,0,0)	(0,0,0)	700012	700011	-1	0	0	0
100028	M0001_25	(0,10001401,0)*(0,10001104,1)	(0,10001401,0)*(0,10001104,1)	(0,0,0)	(0,0,0)	600265	600266	-1	0	0	0
100029	M0000_01	(0,10001401,0)*(0,91000701,1)	0	(0,0,0)	(1,10,0)	501009	501010	6	0	0	0
100101	M0001_26	(0,10001401,0)*(0,10002301,1)*(0,10002201,1)*(4,10002501,1)*(5,10002401,1)	(0,10001401,0)*(0,10002301,1)*(0,10002201,1)*(4,10002501,1)*(5,10002401,1)	(0,0,0)	(0,0,0)	600301	600302	-1	0	0	0
100102	M0003_01	(0,10001401,0)*(0,10004201,1)	(0,10001401,0)*(0,10004201,1)	(0,0,0)	(0,0,0)	600313	0	-1	0	0	0
100103	M0001_27	(0,10001401,0)*(0,10006501,0)*(0,10013001,0)*(0,10041101,0)	(0,10001401,0)*(0,10006501,0)*(0,10013001,0)*(0,10041101,0)	(1,5,0)	(0,0,0)	600305	600306	-1	0	0	0
100104	M0001_28	(0,10001401,0)*(0,10029701,0)*(0,10007802,0)*(0,10011202,1)*(0,10011302,1)	(0,10001401,0)*(0,10029701,0)*(0,10007802,0)*(0,10011202,1)*(0,10011302,1)	(0,0,0)	(0,0,0)	600308	600308	-1	0	0	0
100105	M0001_20	(0,10001401,0)*(0,10001602,0)*(0,10029902,1)*(0,10007202,1)	(0,10001401,0)*(0,10001602,0)*(0,10029902,1)*(0,10007202,1)	(0,0,0)	(0,0,0)	600314	600315	-1	0	0	0
100106	M0001_09	(0,10001502,0)*(0,10004802,1)	(0,10001502,0)*(0,10004802,1)	(0,0,0)	(0,0,0)	600316	600317	-1	0	1	0
100107	M0001_27	(0,10001401,0)*(0,10008502,1)	(0,10001401,0)*(0,10008502,1)	(0,0,0)	(0,0,0)	600318	600319	-1	0	0	0
100108	M0001_21	(0,10001502,0)*(0,10012602,1)	(0,10001502,0)*(0,10012602,1)	(0,0,0)	(0,0,0)	500037	600321	-1	0	1	0
100109	M0001_09	(0,10001602,0)*(0,10012801,1)	(0,10001602,0)*(0,10012801,1)	(0,0,0)	(0,0,0)	600322	600323	-1	0	1	0
100110	M0001_09	(0,10001401,0)*(0,10012902,1)	(0,10001401,0)*(0,10012902,1)	(0,0,0)	(0,0,0)	600324	600325	-1	0	1	0
100111	M0001_27	(0,10001502,0)*(0,10008502,1)	(0,10001502,0)*(0,10008502,1)	(0,0,0)	(0,0,0)	600320	600321	-1	0	0	0
100112	M0001_27	(0,10001602,0)*(0,10008502,1)	(0,10001602,0)*(0,10008502,1)	(0,0,0)	(0,0,0)	600320	600321	-1	0	0	0
100113	M0001_21	(0,10001602,0)*(0,10012602,1)	(0,10001602,0)*(0,10012602,1)	(0,0,0)	(3,10001602,30)	600320	600321	-1	0	1	0
100114	M0001_21	(0,10001401,0)*(0,10012602,1)	(0,10001401,0)*(0,10012602,1)	(0,0,0)	(0,0,0)	600326	600327	-1	0	1	0
100115	M0003_01	(0,10001401,0)*(0,10001502,0)*(0,10001602,0)*(0,10003602,1)*(0,10003702,1)*(0,10004201,1)	(0,10001401,0)*(0,10001502,0)*(0,10001602,0)*(0,10003602,1)*(0,10003702,1)*(0,10004201,1)	(0,0,0)	(0,0,0)	600328	600329	-1	0	0	0
100116	M0004_04	(0,10001401,0)*(0,10001502,1)*(0,10001602,2)	(0,10001401,0)*(0,10001502,1)*(0,10001602,2)	(0,0,0)	(1,8,0)	600334	600335	17	0	0	0
100117	M0004_03	(0,10001401,0)*(0,10001601,1)	(0,10001401,0)*(0,10001602,1)	(0,0,0)	(0,0,0)	600336	600336	9	0	0	0
100118	M0001_21	(0,10001401,0)*(0,10012602,1)	(0,10001401,0)*(0,10012602,1)	(0,0,0)	(0,0,0)	500038	600327	-1	0	1	0
100119	M0001_09	(0,10001401,0)*(0,10004802,1)	(0,10001401,0)*(0,10004802,1)	(0,0,0)	(0,0,0)	501005	501006	-1	0	1	0
105001	M0005_05	(0,10001401,0)*(0,10009202,0)*(0,10011101,1)	(0,10001401,0)*(0,10009202,0)*(0,10011101,1)	(0,0,0)	(0,0,0)	505002	505003	-1	0	0	0
105002	M0005_07	(0,10001401,0)*(0,91001101,1)*(0,91001201,1)	(0,10001401,0)*(0,91001101,1)*(0,91001201,1)	(0,0,0)	(0,0,0)	505012	505010	-1	0	0	1
105003	M0005_05	(0,10001401,0)*(0,10013602,1)*(0,10022401,1)*(0,10022401,1)*(0,10022401,1)*(0,10022401,1)	(0,10001401,0)*(0,10013602,1)*(0,10022401,1)*(0,10022401,1)*(0,10022401,1)*(0,10022401,1)	(0,0,0)	(0,0,0)	920056	920056	-1	0	0	0
105004	M0005_07	(0,10001401,0)*(0,91001101,1)*(0,91001201,1)	(0,10001401,0)*(0,91001101,1)*(0,91001201,1)	(0,0,0)	(0,0,0)	505012	505010	-1	0	0	1
105005	M0005_07	(0,10001401,0)*(0,91001101,1)*(0,91001201,1)	(0,10001401,0)*(0,91001101,1)*(0,91001201,1)	(0,0,0)	(0,0,0)	505012	505010	-1	0	0	1
106001	M0006_09	(0,10001401,0)*(0,10001503,0)*(0,10004303,0)*(0,10013001,1)*(0,10013001,1)*(0,10013001,1)*(0,10013005,1)*(0,10013005,1)*(3,10013005,1)*(3,10013003,1)*(3,10013003,1)	(0,10001401,0)*(0,10001503,0)*(0,10004303,0)*(0,10013001,1)*(0,10013001,1)*(0,10013001,1)*(0,10013005,1)*(0,10013005,1)*(3,10013005,1)*(3,10013003,1)*(3,10013003,1)	(0,0,0)	(0,0,0)	506001	500013	-1	0	0	0
106002	M0006_10	(0,10001401,0)*(0,10001503,0)*(0,10004303,0)*(0,10001103,1)*(0,10001003,1)*(0,10013005,1)*(0,10013002,1)*(0,10013002,1)*(0,10013005,1)*(2,10031203,1)*(3,10013005,1)*(3,10013005,1)*(3,10013002,1)*(3,10013002,1)	(0,10001401,0)*(0,10001503,0)*(0,10004303,0)*(0,10001103,1)*(0,10001003,1)*(0,10013005,1)*(0,10013002,1)*(0,10013002,1)*(0,10013005,1)*(2,10031203,1)*(3,10013005,1)*(3,10013005,1)*(3,10013002,1)*(3,10013002,1)	(0,0,0)	(0,0,0)	506003	500013	-1	0	0	0
106003	M0006_11	(0,10001401,0)*(0,10001503,0)*(0,10003703,0)*(0,10001803,1)*(0,10013005,1)*(0,10013002,1)*(0,10013002,1)*(0,10013002,1)*(0,10000703,2)*(0,10000803,2)*(5,10001603,1)	(0,10001401,0)*(0,10001503,0)*(0,10003703,0)*(0,10001803,1)*(0,10013005,1)*(0,10013002,1)*(0,10013002,1)*(0,10013002,1)*(0,10000703,2)*(0,10000803,2)*(5,10001603,1)	(0,0,0)	(0,0,0)	506005	500013	-1	0	0	0
106004	M0006_13	(0,10001401,0)*(0,10003703,1)*(0,10001603,1)*(0,10001803,1)	(0,10001401,0)*(0,10003703,1)*(0,10001603,1)*(0,10001803,1)	(0,0,0)	(0,0,0)	506007	500013	-1	0	0	0
106005	M0006_13	(0,10001401,0)*(0,10000703,0)*(0,10000803,0)*(0,10003703,1)	(0,10001401,0)*(0,10000703,0)*(0,10000803,0)*(0,10003703,1)	(0,0,0)	(0,0,0)	506008	500013	-1	0	0	0
107001	M0007_04	(0,10001401,0)*(0,10000903,0)*(0,10003603,0)*(0,10004201,1)*(0,10004201,1)*(0,10004201,1)*(0,10004201,1)*(0,10003803,1)*(0,10003703,1)	(0,10001401,0)*(0,10000903,0)*(0,10003603,0)*(0,10004201,1)*(0,10004201,1)*(0,10004201,1)*(0,10004201,1)*(0,10003803,1)*(0,10003703,1)	(0,0,0)	(0,0,0)	860701	860702	-1	0	0	0
107002	M0007_05	(0,10001401,0)*(0,10004202,1)	(0,10001401,0)*(0,10004202,1)	(0,0,0)	(0,0,0)	0	0	-1	0	0	0
108001	M0008_01	(0,10001401,0)*(0,10009803,0)*(0,10029703,0)*(0,10010202,1)*(0,10010202,1)*(0,10010302,1)*(0,10010302,1)*(0,10010003,1)*(0,10010103,1)	0	(0,0,0)	(0,0,0)	800001	980004	-1	0	0	0
108002	M0008_01	(0,10001401,0)*(0,10009803,0)*(0,50000103,1)*(0,10011701,1)*(0,10011701,1)*(0,10011701,1)*(0,10011701,1)	0	(0,0,0)	(0,0,0)	800002	980004	-1	0	0	0
108003	M0008_01	(0,10001401,0)*(3,10009803,0)*(5,10029703,0)*(0,10006602,0)*(0,50000103,1)*(0,50000203,1)*(3,50000303,1)*(3,50000303,1)*(5,50000303,1)*(5,50000303,1)	0	(0,0,0)	(0,0,0)	800003	980004	-1	0	0	0
108004	M0008_01	(0,10001401,0)*(0,10010003,0)*(0,10006603,0)*(0,50000103,1)*(0,10011701,1)*(0,10011701,1)*(0,10011701,1)	0	(0,0,0)	(0,0,0)	800011	980005	-1	0	0	0
108005	M0008_01	(0,10001401,0)*(0,10010003,0)*(0,10006603,0)*(0,50000203,1)*(0,10011701,1)*(0,10011701,1)*(0,10011701,1)	0	(0,0,0)	(0,0,0)	800012	980005	-1	0	0	0
109001	M0009_04	(0,10001401,0)*(0,10001503,0)*(0,10011102,1)*(0,10011102,1)	(0,10001401,0)*(0,10001503,0)*(0,10011102,1)*(0,10011102,1)	(0,0,0)	(0,0,0)	509001	509002	-1	0	0	0
109002	M0009_06	(0,10001401,0)*(0,10001503,0)*(0,10011102,1)*(0,10011102,1)*(0,10011103,1)*(3,10011102,1)*(3,10011103,1)*(5,10011102,1)*(5,10011102,1)*(5,10011103,1)	(0,10001401,0)*(0,10001503,0)*(0,10011102,1)*(0,10011102,1)*(0,10011103,1)*(3,10011102,1)*(3,10011103,1)*(5,10011102,1)*(5,10011102,1)*(5,10011103,1)	(0,0,0)	(0,0,0)	509003	509004	-1	0	0	0
109003	M0009_05	(0,10001401,0)*(0,10001503,0)*(0,10011102,1)*(0,10011102,1)*(0,10011101,1)*(3,10011102,1)*(3,10011103,1)*(3,10011102,1)*(6,10011102,1)*(6,10011102,1)*(6,10011103,1)	(0,10001401,0)*(0,10001503,0)*(0,10011102,1)*(0,10011102,1)*(0,10011101,1)*(3,10011102,1)*(3,10011103,1)*(3,10011103,1)*(6,10011102,1)*(6,10011102,1)*(6,10011103,1)	(0,0,0)	(0,0,0)	509005	509006	-1	0	0	0
109004	M0009_07	(0,10001401,0)*(0,10001503,0)*(0,10010802,1)*(0,10011102,1)*(0,10011102,1)*(0,10011103,1)*(0,10011103,1)*(6,10011102,1)*(6,10011102,1)*(6,10011103,1)*(6,10011103,1)*(10,10011102,1)*(10,10011102,1)*(10,10011102,1)*(10,10011102,1)	(0,10001401,0)*(0,10001503,0)*(0,10010802,1)*(0,10011102,1)*(0,10011102,1)*(0,10011103,1)*(0,10011103,1)*(6,10011102,1)*(6,10011102,1)*(6,10011103,1)*(6,10011103,1)*(10,10011102,1)*(10,10011102,1)*(10,10011102,1)*(10,10011102,1)	(0,0,0)	(0,0,0)	509007	509008	-1	0	0	0
109005	M0009_11	(0,10001401,0)*(0,10001503,0)*(0,10010802,1)*(0,10010702,1)*(0,10011103,1)*(0,10011103,1)*(0,10011102,1)*(0,10011102,1)*(5,10011102,1)*(5,10011103,1)*(5,10011102,1)*(8,10011102,1)*(8,10011103,1)	(0,10001401,0)*(0,10001503,0)*(0,10010802,1)*(0,10010702,1)*(0,10011103,1)*(0,10011103,1)*(0,10011102,1)*(0,10011102,1)*(5,10011102,1)*(5,10011103,1)*(5,10011103,1)*(8,10011103,1)*(8,10011103,1)	(0,0,0)	(0,0,0)	509009	509010	-1	0	0	0
109006	M0009_09	(0,10001401,0)*(0,10001503,0)*(0,10022402,1)*(0,10022402,1)*(2,10011102,1)*(2,10011102,1)*(2,10011103,1)*(2,10011103,1)	(0,10001401,0)*(0,10001503,0)*(0,10022402,1)*(0,10022402,1)*(2,10011102,1)*(2,10011102,1)*(2,10011103,1)*(2,10011103,1)	(0,0,0)	(0,0,0)	509011	509012	-1	0	0	0
109007	M0009_10	(0,10001401,0)*(0,10001503,0)*(0,10010903,1)*(0,10011003,1)*(0,10011102,1)*(0,10011102,1)*(0,10011103,1)*(0,10011103,1)*(5,10011102,1)*(5,10011102,1)*(5,10011103,1)*(5,10011103,1)	0	(0,0,0)	(0,0,0)	509013	509014	-1	0	1	0
109008	M0009_08	(0,10001401,0)*(0,10001503,0)*(0,10010802,1)	(0,10001401,0)*(0,10001503,0)*(0,10010802,1)	(0,0,0)	(0,0,0)	509015	509016	-1	0	0	0
110001	M0010_03	(0,10001401,0)*(0,10009402,0)*(0,10010802,1)	(0,10001401,0)*(0,10009402,0)*(0,10010802,1)	(0,0,0)	(0,0,0)	0	0	-1	0	0	0
110002	M0010_02	(0,10001401,0)*(0,10001503,0)*(0,10013002,1)*(0,10001803,1)*(0,10013003,1)*(0,10013002,1)*(0,10001603,1)*(3,10013005,1)*(3,10013005,1)	0	(0,0,0)	(0,0,0)	510001	500013	-1	0	1	0
111001	M0011_01	(0,10000903,0)*(0,10000603,0)*(4,10001203,0)*(4,10001302,0)*(0,36007701,1)*(0,36007701,1)*(0,36007701,1)*(3,36007701,1)*(3,36007701,1)*(3,36007701,1)*(5,36007701,1)*(5,36007701,1)*(5,36007701,1)	(0,10000903,0)*(0,10000603,0)*(4,10001203,0)*(4,10001302,0)*(0,36007701,1)*(0,36007701,1)*(0,36007701,1)*(3,36007701,1)*(3,36007701,1)*(3,36007701,1)*(5,36007701,1)*(5,36007701,1)*(5,36007701,1)	(0,0,0)	(0,0,0)	511001	500005	-1	0	0	0
111002	M0011_02	(0,10000903,0)*(0,10000603,0)*(0,10001203,0)*(0,10001302,0)*(0,36007801,1)*(0,36007801,1)*(0,36007801,1)*(3,36007801,1)*(3,36007801,1)*(3,36007801,1)	(0,10000903,0)*(0,10000603,0)*(0,10001203,0)*(0,10001302,0)*(0,36007801,1)*(0,36007801,1)*(0,36007801,1)*(3,36007801,1)*(3,36007801,1)*(3,36007801,1)	(0,0,0)	(0,0,0)	511003	500005	-1	0	0	0
111003	M0011_03	(0,10000903,0)*(0,10000603,0)*(0,10001203,0)*(0,10001302,0)*(0,36007801,1)*(0,36007801,1)*(0,36007801,1)*(0,36007801,1)*(0,36007801,1)*(0,36007801,1)	(0,10000903,0)*(0,10000603,0)*(0,10001203,0)*(0,10001302,0)*(0,36007801,1)*(0,36007801,1)*(0,36007801,1)*(0,36007801,1)*(0,36007801,1)*(0,36007801,1)	(0,0,0)	(0,0,0)	511005	500005	-1	0	0	0
111601	M0011_03	(0,10001401,0)*(0,10001503,0)*(0,10014304,1)	0	(0,0,0)	(0,0,0)	511007	500013	-1	0	0	0
111701	M0011_01	(0,10001401,0)*(0,10001604,0)*(0,10009103,0)*(0,10003303,0)*(0,10001804,1)*(0,91000104,1)*(0,91000102,1)*(0,91000102,1)*(0,91000104,1)*(0,91000102,1)*(0,91000102,1)	(0,10001401,0)*(0,10001604,0)*(0,10009103,0)*(0,10003303,0)*(0,10001804,1)*(0,91000104,1)*(0,91000102,1)*(0,91000102,1)*(0,91000104,1)*(0,91000102,1)*(0,91000102,1)	(0,0,0)	(0,0,0)	990071	990070	-1	Story_0003	0	1
111901	M0011_04	(0,10001401,0)*(0,10001604,1)	(0,10001401,0)*(0,10001604,1)	(0,0,0)	(0,0,0)	500070	500072	-1	Story_0005	0	1
111902	M0011_04	(0,10001401,0)*(0,10001604,1)	(0,10001401,0)*(0,10001604,1)	(0,0,0)	(0,0,0)	500071	500072	-1	Story_0005	0	1
111903	M0011_04	(0,10001401,0)*(0,10001604,1)	(0,10001401,0)*(0,10001604,1)	(0,0,0)	(0,0,0)	500073	500075	-1	Story_0005	0	1
111904	M0011_04	(0,10001401,0)*(0,10001604,1)	(0,10001401,0)*(0,10001604,1)	(0,0,0)	(0,0,0)	500074	500075	-1	Story_0005	0	1
112001	M0012_01	(0,10001401,0)*(0,10012002,1)*(0,10007802,2)*(0,10029702,3)	(0,10001401,0)*(0,10012002,1)*(0,10007802,2)*(0,10029702,3)	(0,0,0)	(0,0,0)	590011	599999	-1	0	0	0
112002	M0012_01	(0,10001401,0)*(0,10009602,1)*(0,10005702,2)*(0,10005602,3)	(0,10001401,0)*(0,10009602,1)*(0,10005702,2)*(0,10005602,3)	(0,0,0)	(0,0,0)	590012	599999	-1	0	0	0
112003	M0012_01	(0,10001401,0)*(0,10009402,1)*(0,10008102,2)*(0,10008502,3)	(0,10001401,0)*(0,10009402,1)*(0,10008102,2)*(0,10008502,3)	(0,0,0)	(0,0,0)	590013	599999	-1	0	0	0
112004	M0012_01	(0,10001401,0)*(0,10007202,1)*(0,10004302,2)	(0,10001401,0)*(0,10007202,1)*(0,10004302,2)	(0,0,0)	(0,0,0)	590014	599999	-1	0	0	0
112005	M0012_01	(0,10001401,0)*(0,10007502,3)*(0,10008902,3)	(0,10001401,0)*(0,10007502,3)*(0,10008902,3)	(0,0,0)	(0,0,0)	590015	599999	-1	0	0	0
112006	M0012_01	(0,10001401,0)*(0,10029903,1)*(0,10006103,2)	(0,10001401,0)*(0,10029903,1)*(0,10006103,2)	(0,0,0)	(0,0,0)	590016	599999	-1	0	0	0
112007	M0012_01	(0,10001401,0)*(0,10009803,1)	(0,10001401,0)*(0,10009803,1)	(0,0,0)	(0,0,0)	590017	599999	-1	0	0	0
112008	M0012_01	(0,10001401,0)*(0,10003703,1)	(0,10001401,0)*(0,10003703,1)	(0,0,0)	(0,0,0)	590018	599999	-1	0	0	0
112009	M0012_01	(0,10001401,0)*(0,10009203,1)	(0,10001401,0)*(0,10009203,1)	(0,0,0)	(0,0,0)	590019	599999	-1	0	0	0
112010	M0012_01	(0,10001401,0)*(0,10003803,1)	(0,10001401,0)*(0,10003803,1)	(0,0,0)	(0,0,0)	590020	590021	-1	0	0	0
115001	M0015_01	(0,10001401,0)*(0,10005802,0)*(0,10009702,1)*(0,10009702,1)*(0,10009702,1)*(0,10009702,1)	(0,10001401,0)*(0,10005802,0)*(0,10009702,1)*(0,10009702,1)*(0,10009702,1)*(0,10009702,1)	(0,0,0)	(0,0,0)	215003	215002	-1	0	0	0
115002	M0015_01	(0,10001401,0)*(0,10005802,0)*(0,10009702,1)*(0,10009702,1)*(0,10009602,1)*(0,10012602,1)*(0,10012702,1)	(0,10001401,0)*(0,10005802,0)*(0,10009702,1)*(0,10009702,1)*(0,10009602,1)*(0,10012602,1)*(0,10012702,1)	(0,0,0)	(0,0,0)	215004	215002	-1	0	0	0
115003	M0015_01	(0,10001401,0)*(0,10009602,0)*(0,10009702,0)*(0,10009702,0)*(0,10006802,1)*(0,10006802,1)*(0,10006802,1)*(0,10006902,1)*(0,10006902,1)	(0,10001401,0)*(0,10009602,0)*(0,10009702,0)*(0,10009702,0)*(0,10006802,1)*(0,10006802,1)*(0,10006802,1)*(0,10006902,1)*(0,10006902,1)	(0,0,0)	(0,0,0)	215005	215002	-1	0	0	0
115004	M0015_03	(0,10001401,0)*(0,10009602,0)*(0,10005802,1)*(0,10006802,1)*(0,10006802,1)*(0,10006902,1)*(0,10006902,1)	(0,10001401,0)*(0,10009602,0)*(0,10005802,1)*(0,10006802,1)*(0,10006802,1)*(0,10006902,1)*(0,10006902,1)	(0,0,0)	(0,0,0)	215011	215002	-1	0	1	0
115005	M0015_03	(0,10001401,0)*(0,10009602,0)*(0,10001103,0)*(0,10006702,0)*(0,10005802,1)*(0,10006802,1)*(0,10006802,1)*(0,10006802,1)*(0,10006902,1)*(0,10006902,1)	(0,10001401,0)*(0,10009602,0)*(0,10001103,0)*(0,10006702,0)*(0,10005802,1)*(0,10006802,1)*(0,10006802,1)*(0,10006802,1)*(0,10006902,1)*(0,10006902,1)	(0,0,0)	(0,0,0)	215012	215002	-1	0	1	0
115006	M0015_02	(0,10001401,0)*(0,10006802,1)*(0,10006902,1)*(0,10006702,1)	(0,10001401,0)*(0,10006802,1)*(0,10006902,1)*(0,10006702,1)	(0,0,0)	(0,0,0)	215008	215002	-1	0	0	0
115007	M0015_03	(0,10001401,0)*(0,10005802,0)*(0,10006702,1)*(0,10009602,1)*(0,10001103,1)	(0,10001401,0)*(0,10005802,0)*(0,10006702,1)*(0,10009602,1)*(0,10001103,1)	(0,0,0)	(0,0,0)	215009	215002	-1	0	1	0
116001	M0016_03	(0,10001401,0)*(0,10007203,0)*(0,10009403,0)*(0,10008503,0)*(0,10003703,0)*(0,10001603,1)	(0,10001401,0)*(0,10007203,0)*(0,10009403,0)*(0,10008503,0)*(0,10003703,0)*(0,10001603,1)	(0,0,0)	(0,0,0)	516001	516002	-1	0	0	0
116002	M0016_03	(0,10001401,0)*(3,10001603,0)*(0,10007203,1)*(0,10009403,1)*(0,10008503,1)*(0,10003703,1)	(0,10001401,0)*(3,10001603,0)*(0,10007203,1)*(0,10009403,1)*(0,10008503,1)*(0,10003703,1)	(0,0,0)	(0,0,0)	516003	516004	-1	0	0	0
116003	M0016_02	(0,10001401,0)*(0,10001503,0)*(0,10008003,1)*(0,10008103,1)*(0,10008803,1)*(0,10008903,1)	0	(0,0,0)	(0,0,0)	516006	500013	-1	0	1	0
116004	M0016_04	(0,10001401,0)*(0,10001503,0)*(0,10008503,1)*(0,10008403,1)*(0,10007203,1)*(0,10007103,1)	0	(0,0,0)	(0,0,0)	516008	500013	-1	0	1	0
116005	M0016_02	(0,10001401,0)*(0,10006103,0)*(0,10008003,1)*(0,10008103,1)*(0,10008803,1)*(0,10008903,1)	0	(0,0,0)	(0,0,0)	516006	920356	-1	0	1	0
116006	M0016_04	(0,10001401,0)*(0,10006103,0)*(0,10008503,1)*(0,10008403,1)*(0,10007203,1)*(0,10007103,1)	0	(0,0,0)	(0,0,0)	516008	920356	-1	0	1	0
118001	M0018_02	(0,10001401,0)*(0,10029902,0)*(0,10001003,1)	(0,10001401,0)*(0,10029902,0)*(0,10001003,1)	(0,0,0)	(0,0,0)	518004	518005	-1	0	0	0
118002	M0018_03	(0,10001401,0)*(0,10029902,0)*(0,10001003,1)*(0,10013002,1)*(0,10013002,1)*(0,10013003,1)	(0,10001401,0)*(0,10029902,0)*(0,10001003,1)*(0,10013002,1)*(0,10013002,1)*(0,10013003,1)	(0,0,0)	(0,0,0)	518006	518007	-1	0	0	0
119001	M0019_21	(0,10001401,0)*(0,10029903,0)*(0,10009803,0)*(0,50000303,1)*(0,50000303,1)*(0,50000303,1)	0	(0,0,0)	(0,0,0)	800004	800004	-1	0	0	0
119002	M0019_21	(0,10001401,0)*(0,10010003,0)*(0,10010103,0)*(0,10011602,1)*(0,10011602,1)*(0,10011602,1)*(0,10011602,1)	0	(0,0,0)	(0,0,0)	800017	800016	-1	0	0	0
119601	M0019_28	(0,10001401,0)*(0,10008602,1)*(0,10008602,1)*(0,10008602,1)*(0,10008602,1)*(0,10008602,1)*(0,10008602,1)*(0,10008602,1)*(0,10008602,1)	(0,10001401,0)*(0,10008602,1)*(0,10008602,1)*(0,10008602,1)*(0,10008602,1)*(0,10008602,1)*(0,10008602,1)*(0,10008602,1)*(0,10008602,1)	(0,0,0)	(0,0,0)	519608	519609	-1	0	0	0
120001	M0020_07	(0,10001203,0)*(0,10001302,0)*(0,10013001,1)*(0,10013001,1)*(0,10013001,1)*(0,10013001,1)*(2,10013002,1)*(2,10013002,1)*(3,10013005,1)*(3,10031103,1)*(5,10031003,1)*(5,10013005,1)*(5,10013005,1)*(7,10013004,1)	(0,10001203,0)*(0,10001302,0)*(0,10013001,1)*(0,10013001,1)*(0,10013001,1)*(0,10013001,1)*(2,10013002,1)*(2,10013002,1)*(3,10013005,1)*(3,10031103,1)*(5,10031003,1)*(5,10013005,1)*(5,10013005,1)*(7,10013004,1)	(0,0,0)	(0,0,0)	520001	500005	-1	0	1	0
120002	M0020_08	(0,10001203,0)*(0,10003803,1)	(0,10001203,0)*(0,10003803,1)	(0,0,0)*(1,10,0)	(0,0,0)	520004	520005	-1	0	0	0
120003	M0020_08	(0,10001203,0)*(0,10001103,0)*(3,10031003,0)*(5,10000703,0)*(7,10001302,0)*(9,10000303,0)*(0,10008403,1)*(0,10007103,1)*(2,10008003,1)*(2,10008803,1)*(4,10007403,1)*(4,10009903,1)*(6,10003803,1)*(8,10004403,1)	(0,10001203,0)*(0,10001103,0)*(3,10031003,0)*(5,10000703,0)*(7,10001302,0)*(9,10000303,0)*(0,10008403,1)*(0,10007103,1)*(2,10008003,1)*(2,10008803,1)*(4,10007403,1)*(4,10009903,1)*(6,10003803,1)*(8,10004403,1)	(0,0,0)	(0,0,0)*(1,16,0)	520006	520007	-1	0	0	0
120401	M0020_10	(0,10001401,0)*(0,10001504,0)*(0,10013006,1)*(0,10012804,1)*(0,10013006,1)	0	(0,0,0)	(0,0,0)	520407	500013	-1	Helou_04_Ma	0	1
120402	M0020_11	(0,10001401,0)*(0,10001504,0)*(0,10001106,1)*(0,10031004,1)	0	(0,0,0)	(0,0,0)	520403	500013	-1	Story_0005	0	1
120403	M0020_11	(0,10001401,0)*(0,10001505,0)*(0,10001804,1)*(0,10001604,1)	0	(0,0,0)	(0,0,0)	520405	500013	-1	Helou_08_Ma	0	1
120404	M0020_10	(0,10004403,0)*(0,10013013,1)	(0,10004404,0)*(0,10013013,1)	(0,0,0)	(0,0,0)	520401	520401	-1	0	0	1
120405	M0020_11	(0,10001401,0)*(0,10001505,0)*(0,10001107,1)*(0,10001003,1)	0	(0,0,0)	(0,0,0)	520405	500013	-1	Helou_08_Ma	0	1
120801	M0020_15	(0,10001401,0)*(0,10000406,1)	0	(0,0,0)	(0,0,0)	520801	520802	-1	Helou_04_Ma	0	1
120802	M0020_13	(0,10001401,0)*(0,10011401,1)	0	(0,0,0)	(0,0,0)	520806	520804	-1	Helou_04_Ma	0	1
120803	M0020_11	(0,99002301,0)*(0,99002401,0)*(0,99002501,0)*(0,99002601,0)*(0,99002701,0)*(0,99002801,0)*(0,99002901,0)*(0,99003001,0)*(0,10013014,0)*(0,36006807,1)*(0,10013007,1)*(0,10042202,1)	(0,99002301,0)*(0,99002401,0)*(0,99002501,0)*(0,99002601,0)*(0,99002701,0)*(0,99002801,0)*(0,99002901,0)*(0,99003001,0)*(0,10013014,0)*(0,36006807,1)*(0,10013007,1)*(0,10042202,1)	(0,0,0)	(0,0,0)	0	0	-1	0	0	1
120805	M0020_15	(0,10004201,0)*(0,36006808,1)	0	(0,0,0)	(0,0,0)*(2,10000205,0)	700027	520804	-1	Story_0005	0	1
123001	M0023_03	(0,10001203,0)*(6,10000703,0)*(0,36006805,1)*(0,36006805,1)*(0,36006805,1)*(0,36006805,1)*(0,36006805,1)*(2,36006803,1)*(2,36006805,1)*(2,36006805,1)*(4,36006805,1)*(4,36006805,1)*(4,36006805,1)*(4,36006805,1)*(5,36006804,1)*(5,36006804,1)*(7,10010503,1)*(9,10010403,1)*(11,10010603,1)*(15,10001003,0)*(15,10001103,0)*(0,10001103,0)	(0,10001203,0)*(6,10000703,0)*(0,36006805,1)*(0,36006805,1)*(0,36006805,1)*(0,36006805,1)*(0,36006805,1)*(2,36006803,1)*(2,36006805,1)*(2,36006805,1)*(4,36006805,1)*(4,36006805,1)*(4,36006805,1)*(4,36006805,1)*(5,36006804,1)*(5,36006804,1)*(7,10010503,1)*(9,10010403,1)*(11,10010603,1)*(15,10001003,0)*(15,10001103,0)*(0,10001103,0)	(0,0,0)	(0,0,0)	523001	523001	-1	0	0	0
126001	M0026_01	(0,10001203,0)*(4,10000703,0)*(0,90010303,1)*(0,90010203,1)*(3,90010103,1)	(0,10001203,0)*(4,10000703,0)*(0,90010303,1)*(0,90010203,1)*(3,90010103,1)	(0,0,0)	(0,0,0)	526001	500005	-1	0	0	0
126002	M0026_01	(0,10001203,0)*(0,10001103,0)*(0,10001003,0)*(0,90010503,1)*(0,90010603,1)*(0,90010403,1)*(3,90010703,1)*(3,10024504,1)*(3,10004403,1)	(0,10001203,0)*(0,10001103,0)*(0,10001003,0)*(0,90010503,1)*(0,90010603,1)*(0,90010403,1)*(3,90010703,1)*(3,10024504,1)*(3,10004403,1)	(0,0,0)	(0,0,0)	526003	500005	-1	0	0	0
126003	M0026_02	(0,10001401,0)*(0,10007404,1)*(0,10007503,1)	(0,10001401,0)*(0,10007404,1)*(0,10007503,1)	(0,0,0)	(0,0,0)	526201	500034	-1	0	0	0
126004	M0026_03	(0,10001402,0)*(0,10001504,1)*(0,10001604,1)*(0,10009204,1)*(0,10001705,1)	(0,10001402,0)*(0,10001504,1)*(0,10001604,1)*(0,10009204,1)*(0,10001705,1)	(0,0,0)	(0,0,0)	526203	500034	-1	0	0	0
127001	M0027_01	(0,10001401,0)*(0,10009803,0)*(0,10029703,0)*(0,10013903,1)*(0,10014001,1)*(0,10014001,1)	0	(0,0,0)	(0,0,0)	800005	800005	-1	0	0	0
127002	M0027_02	(0,10001401,0)*(0,10009803,0)*(0,10029703,0)*(0,10013903,0)*(0,10007002,1)*(0,10007002,1)*(0,10007002,1)*(0,10004901,1)*(0,10004901,1)*(2,10004303,1)*(3,10005703,1)*(4,10004503,1)	0	(0,0,0)	(0,0,0)	800006	800006	-1	0	0	0
127003	M0027_03	(0,10001203,0)*(0,10001302,0)*(0,36008501,1)*(0,36008601,1)*(0,36008701,1)*(0,36008801,1)	(0,10001203,0)*(0,10001302,0)*(0,36008501,1)*(0,36008601,1)*(0,36008701,1)*(0,36008801,1)	(0,0,0)	(0,0,0)	527001	500005	-1	0	0	0
128001	M0028_01	(0,10001401,0)*(0,10009803,0)*(4,10029703,0)*(8,10013903,0)*(0,10010003,1)*(0,10010103,1)*(0,10010202,1)*(0,10010202,1)*(0,10010202,1)*(0,10010202,1)*(3,10010103,1)*(5,10010103,1)	0	(0,0,0)	(0,0,0)	800007	980004	-1	0	0	0
128002	M0028_01	(0,10001401,0)*(0,10009803,0)*(3,10029703,0)*(6,10013903,0)*(0,10010003,1)*(3,10010103,1)*(0,10010202,1)*(0,10010202,1)*(0,10010202,1)*(0,10010202,1)*(3,10009903,1)	0	(0,0,0)	(0,0,0)*(1,7,0)	800008	800008	-1	0	0	0
128003	M0028_01	(0,10001401,0)*(4,10009903,0)*(0,10010003,0)*(0,10009803,1)*(0,10011602,1)*(0,10011602,1)*(4,10011602,1)*(4,10011602,1)*(6,10011602,1)*(6,10011602,1)	0	(0,0,0)	(0,0,0)	800013	980005	-1	0	0	0
128004	M0028_01	(0,10001401,0)*(4,10009903,0)*(0,10010003,0)*(2,10010103,0)*(2,10010103,0)*(0,10011602,1)*(0,10011602,1)*(0,10010403,1)*(0,10010503,1)*(0,10010603,1)*(5,10011602,1)*(5,10011602,1)	0	(0,0,0)	(0,0,0)	800014	980005	-1	0	0	0
128011	M0028_02	(0,10001401,0)*(0,10029902,0)*(0,10013002,1)	(0,10001401,0)*(0,10029902,0)*(0,10013002,1)	(0,0,0)	(0,0,0)	300068	300068	-1	0	0	0
130001	M0030_01	(0,10001401,0)*(0,10029703,0)*(0,10009803,0)*(0,10014503,0)*(0,10010003,1)*(0,10010103,1)*(0,10010103,1)*(0,10010103,1)*(0,10010302,1)*(0,10010202,1)*(0,10010302,1)*(0,10010202,1)	0	(0,0,0)	(0,0,0)	800009	980004	-1	GAME06	0	0
130002	M0030_02	(0,10001401,0)*(0,10029703,0)*(0,10009803,0)*(0,10029903,0)*(0,10011602,0)*(0,10011602,0)*(0,10011602,0)*(5,10014503,0)*(7,10013903,0)*(9,10011504,0)*(0,10010003,1)*(0,10010103,1)*(0,10010103,1)*(0,10010103,1)*(0,10010202,1)*(0,10010202,1)*(0,10010202,1)*(0,10010302,1)*(0,10010302,1)*(0,10010302,1)	0	(0,0,0)	(0,0,0)	800010	980004	-1	GAME08	0	0
130003	M0030_02	(0,10001401,0)*(0,10010302,0)*(0,10010302,0)*(0,10010202,0)*(0,10010202,0)*(0,10010003,0)*(0,10010103,0)*(0,10010103,0)*(4,10010103,0)*(6,10010103,0)*(8,10009903,0)*(0,10009803,1)*(0,10014503,1)*(0,10014504,1)*(0,10014401,1)*(0,10014401,1)*(0,10011602,1)*(0,10011602,1)*(0,10011602,1)*(0,10011602,1)*(0,10011602,1)*(8,10011505,1)*(8,10011602,1)*(8,10011602,1)*(8,10011602,1)*(8,10011602,1)*(8,10011602,1)	0	(0,0,0)	(0,0,0)	800015	980005	-1	GAME08	0	0
130004	M0030_03	(0,10009904,0)*(0,99002701,1)	(0,10009904,0)*(0,99002701,1)	(0,0,0)	(0,0,0)	500064	500065	-1	Helou_04_Ma	0	1
130005	M0030_03	(0,10011505,0)*(0,99002701,1)	(0,10011505,0)*(0,99002701,1)	(0,0,0)	(0,0,0)	500067	500068	-1	Helou_04_Ma	0	1
130006	M0030_02	(0,10009904,0)*(0,99002701,1)	(0,10009904,0)*(0,99002701,1)	(0,0,0)	(0,0,0)	500066	500066	-1	Helou_08_Ma	0	1
130007	M0030_02	(0,10011505,0)*(0,99002701,1)	(0,10011505,0)*(0,99002701,1)	(0,0,0)	(0,0,0)	500069	500069	-1	Helou_08_Ma	0	1
131001	M0031_01	(0,10001401,0)*(0,10002603,1)	(0,10001401,0)*(0,10002603,1)	(1,30,0)	(0,0,0)	860005	860014	-1	0	0	0
132001	M0032_02	(0,10001401,0)*(2,10005702,0)*(0,10011101,1)*(0,10011101,1)*(0,10011102,1)	(0,10001401,0)*(2,10005702,0)*(0,10011101,1)*(0,10011101,1)*(0,10011102,1)	(0,0,0)	(0,0,0)	532001	532003	-1	0	0	0
132002	M0032_02	(0,10001401,0)*(0,10005702,0)*(0,10011201,1)*(0,10011301,1)	(0,10001401,0)*(0,10005702,0)*(0,10011201,1)*(0,10011301,1)	(0,0,0)	(0,0,0)	532002	532003	-1	0	0	0
133001	M0033_01	(0,10001401,0)*(0,10010504,1)	(0,10001401,0)*(0,10010504,1)	(0,0,0)	(0,0,0)	533001	920356	-1	0	0	0
134601	M0034_02	(0,10001401,0)*(0,10001503,0)*(0,10003703,0)*(0,10001104,1)*(0,10013005,1)*(0,10013005,1)*(0,10013002,1)*(0,10013002,1)*(3,10001803,1)*(3,10013005,1)*(3,10013005,1)*(5,10013002,1)*(5,10013005,1)*(5,10013005,1)*(5,10001003,1)*(5,10024503,0)	(0,10001401,0)*(0,10001503,0)*(0,10003703,0)*(0,10001104,1)*(0,10013005,1)*(0,10013005,1)*(0,10013002,1)*(0,10013002,1)*(3,10001803,1)*(3,10013005,1)*(3,10013005,1)*(5,10013002,1)*(5,10013005,1)*(5,10013005,1)*(5,10001003,1)*(5,10024503,0)	(0,0,0)	(0,0,0)	534601	500013	-1	0	0	0
134605	M0034_04	(0,10001401,0)*(0,10007703,1)	(0,10001401,0)*(0,10007703,1)	(0,0,0)	(0,0,0)	534604	500013	-1	0	0	0
139901	M0039_01	(0,10001401,0)*(0,99003901,1)	(0,10001401,0)*(0,99003901,1)	(0,0,0)	(0,0,0)	500076	500072	-1	0	0	1
139902	M0039_01	(0,10001401,0)*(0,99003901,1)	(0,10001401,0)*(0,99003901,1)	(0,0,0)	(0,0,0)	500077	500072	-1	0	0	1
139903	M0000_01	(0,10011401,0)*(0,99002301,1)*(0,99002401,1)*(0,99002501,1)*(0,99002601,1)	(0,10011401,0)*(0,99002301,1)*(0,99002401,1)*(0,99002501,1)*(0,99002601,1)	(0,0,0)	(0,0,0)	500078	500072	3	Story_0005	0	1
139905	M0039_01	(0,10003303,0)*(0,99002701,1)	(0,10003303,0)*(0,99002701,1)	(0,0,0)	(0,0,0)	500079	500072	-1	Story_0003	0	1
139906	M0039_01	(0,10003303,0)*(0,99002701,1)	(0,10003303,0)*(0,99002701,1)	(0,0,0)	(0,0,0)	500080	500072	-1	Story_0003	0	1
139911	M0039_01	(0,10001401,0)*(0,99003901,1)	(0,10001401,0)*(0,99003901,1)	(0,0,0)	(0,0,0)	500081	500075	-1	0	0	1
139912	M0039_01	(0,10001401,0)*(0,99003901,1)	(0,10001401,0)*(0,99003901,1)	(0,0,0)	(0,0,0)	500082	500075	-1	0	0	1
139913	M0000_01	(0,10024701,0)*(0,99002301,1)*(0,99002401,1)*(0,99002501,1)*(0,99002601,1)	(0,10024701,0)*(0,99002301,1)*(0,99002401,1)*(0,99002501,1)*(0,99002601,1)	(0,0,0)	(0,0,0)	500083	500075	3	Story_0005	0	1
139915	M0039_01	(0,10003303,0)*(0,99002701,1)*(0,99002801,1)	(0,10003303,0)*(0,99002701,1)*(0,99002801,1)	(0,0,0)	(0,0,0)	500084	500075	-1	Story_0003	0	1
139916	M0039_01	(0,10003303,0)*(0,99002701,1)*(0,99002801,1)	(0,10003303,0)*(0,99002701,1)*(0,99002801,1)	(0,0,0)	(0,0,0)	500085	500075	-1	Story_0003	0	1
150001	M0015_01	(0,10001401,0)*(0,10000404,0)*(0,10000404,0)*(0,10009602,0)*(0,10006801,1)	(0,10001401,0)*(0,10000404,0)*(0,10000404,0)*(0,10009602,0)*(0,10006801,1)	(0,0,0)	(0,0,0)	215003	215002	-1	0	0	0
150002	M0015_02	(0,10001401,0)*(0,10000404,0)*(0,10006801,1)*(0,10006801,1)*(0,10006801,1)*(0,10006801,1)*(0,10005802,1)	(0,10001401,0)*(0,10000404,0)*(0,10006801,1)*(0,10006801,1)*(0,10006801,1)*(0,10006801,1)*(0,10005802,1)	(0,0,0)	(0,0,0)	215004	215002	-1	0	0	0
150003	M0015_03	(0,10001401,0)*(0,10009602,0)*(0,10000404,0)*(0,10001103,0)*(0,10005802,1)	(0,10001401,0)*(0,10009602,0)*(0,10000404,0)*(0,10001103,0)*(0,10005802,1)	(0,0,0)	(0,0,0)	215005	215002	-1	0	1	0
150004	M0015_99	(0,10001401,0)*(0,10005802,1)	(0,10001401,0)*(0,10005802,1)	(0,0,0)	(0,0,0)	215005	215002	-1	0	0	0
150005	M0015_05	(0,10001401,0)*(0,10009602,1)*(0,10001103,1)*(0,10009702,1)*(0,10009702,1)	(0,10001401,0)*(0,10009602,1)*(0,10001103,1)*(0,10009702,1)*(0,10009702,1)	(1,1,0)	(0,0,0)	215009	215002	-1	0	0	0
199001	M0099_01	(0,10001401,0)*(0,10003502,0)*(0,10012802,1)	(0,10001401,0)*(0,10003502,0)*(0,10012802,1)	(0,0,0)	(0,0,0)	860001	860002	-1	0	0	0
199601	M0099_01	(0,10001401,0)*(0,10003703,1)	(0,10001401,0)*(0,10003703,1)	(0,0,0)	(0,0,0)	599201	500013	-1	0	0	0
200001	M0099_01	(0,10001401,0)*(0,10001602,1)	(0,10001401,0)*(0,10001602,1)	(0,0,0)	(0,0,0)	0	0	9	0	0	0
200002	M0099_01	(0,10001401,0)*(0,10001602,1)	(0,10001401,0)*(0,10001602,1)	(0,0,0)	(0,0,0)	0	0	9	0	0	0
200003	M0099_01	(0,10010702,1)*(0,10010802,1)*(0,10001401,0)	(0,10010702,1)*(0,10010802,1)*(0,10001401,0)	(0,0,0)	(0,0,0)	0	0	9	0	0	0
200004	M0099_01	(0,10001401,0)*(0,10011101,1)	(0,10001401,0)*(0,10011101,1)	(0,0,0)	(0,0,0)	900007	900008	9	0	0	0
200005	M0001_34	(0,10001401,0)*(0,10006002,1)	(0,10001401,0)*(0,10006002,1)	(0,0,0)	(1,5,0)	900009	900010	9	0	0	0
200006	M0099_01	(0,10001401,0)*(0,10004302,0)*(0,10011101,1)	(0,10001401,0)*(0,10004302,0)*(0,10011101,1)	(0,0,0)	(0,0,0)	900011	900012	9	0	0	0
200007	M0099_01	(0,10001401,0)*(0,10012802,1)	(0,10001401,0)*(0,10012802,1)	(0,0,0)	(0,0,0)	900013	900014	9	0	0	0
200008	M0099_01	(0,10001401,0)*(0,10012802,1)	(0,10001401,0)*(0,10012802,1)	(0,0,0)	(0,0,0)	900015	900016	9	0	0	0
200009	M0099_01	(0,10001401,0)*(0,10004802,1)	(0,10001401,0)*(0,10004802,1)	(0,0,0)	(0,0,0)	900017	900018	9	0	0	0
200010	M0099_01	(0,10001401,0)*(0,10004302,0)*(0,10004802,1)	(0,10001401,0)*(0,10004302,0)*(0,10004802,1)	(0,0,0)	(0,0,0)	900019	900020	9	0	0	0
200011	M0099_01	(0,10001401,0)*(0,10004302,0)*(0,10004802,1)	(0,10001401,0)*(0,10004302,0)*(0,10004802,1)	(0,0,0)	(0,0,0)	900021	900022	9	0	0	0
200012	M0004_04	(0,10001401,0)*(0,10009402,0)*(0,10011101,1)*(0,10011102,1)*(0,10011103,1)	(0,10001401,0)*(0,10009402,0)*(0,10011101,1)*(0,10011102,1)*(0,10011103,1)	(0,0,0)	(1,10,0)*(0,0,0)	900023	900024	13	0	0	0
200013	M0099_01	(0,10001401,0)*(0,10002201,1)*(0,10002301,1)*(0,10002401,1)*(0,10002501,1)	(0,10001401,0)*(0,10002201,1)*(0,10002301,1)*(0,10002401,1)*(0,10002501,1)	(0,0,0)	(0,0,0)	900003	900004	9	0	0	0
200021	M0099_01	(0,10001401,0)*(0,10006602,0)*(0,10011101,1)	(0,10001401,0)*(0,10006602,0)*(0,10011101,1)	(0,0,0)	(0,0,0)	900025	900026	9	0	0	0
200022	M0099_01	(0,10001401,0)*(0,10006602,0)*(0,10011101,1)	(0,10001401,0)*(0,10006602,0)*(0,10011101,1)	(0,0,0)	(0,0,0)	900027	900028	9	0	0	0
200023	M0099_01	(0,10001401,0)*(0,10005902,0)*(0,10006602,0)*(0,10011101,1)	(0,10001401,0)*(0,10005902,0)*(0,10006602,0)*(0,10011101,1)	(0,0,0)	(0,0,0)	900029	900030	9	0	0	0
200024	M0099_01	(0,10001401,0)*(0,10006602,0)*(0,10011101,1)	(0,10001401,0)*(0,10006602,0)*(0,10011101,1)	(0,0,0)	(0,0,0)	900031	900032	9	0	0	0
200025	M0099_01	(0,10001401,0)*(0,10002301,1)*(3,10002201,1)*(5,10002401,1)*(7,10002501,1)	(0,10001401,0)*(0,10002301,1)*(3,10002201,1)*(5,10002401,1)*(7,10002501,1)	(0,0,0)	(0,0,0)	900005	900006	9	0	0	0
200026	M0099_01	(0,10001401,0)*(0,10011202,1)*(0,10011302,1)	(0,10001401,0)*(0,10011202,1)*(0,10011302,1)	(0,0,0)	(0,0,0)	900005	900006	9	0	0	0
200027	M0099_01	(0,10001401,0)*(0,10001602,1)	(0,10001401,0)*(0,10001602,1)	(0,0,0)	(0,0,0)	900005	900006	9	0	0	0
200028	M0099_01	(0,10001401,0)*(0,10001502,1)	(0,10001401,0)*(0,10001502,1)	(0,0,0)	(0,0,0)	900005	900006	9	0	0	0
200029	M0099_01	(0,10001401,0)*(0,10011101,1)	(0,10001401,0)*(0,10011101,1)	(0,0,0)	(0,0,0)	900103	900104	9	0	0	0
200030	M0099_01	(0,10001401,0)*(0,10011101,1)*(0,10011101,1)	(0,10001401,0)*(0,10011101,1)*(0,10011101,1)	(0,0,0)	(0,0,0)	900104	900006	9	0	0	0
200031	M0099_01	(0,10001401,0)*(0,10022401,1)	(0,10001401,0)*(0,10022401,1)	(0,0,0)	(0,0,0)	900005	900006	9	0	0	0
200032	M0099_01	(0,10001401,0)*(0,10022401,1)*(0,10022401,1)	(0,10001401,0)*(0,10022401,1)*(0,10022401,1)	(0,0,0)	(0,0,0)	900005	900006	9	0	0	0
200033	M0099_01	(0,10001401,0)*(0,10001502,0)*(0,10010702,1)*(0,10010802,1)	(0,10001401,0)*(0,10001502,0)*(0,10010702,1)*(0,10010802,1)	(0,0,0)	(0,0,0)	900101	900102	9	0	0	0
200034	M0099_01	(0,10001401,0)*(0,10014001,1)*(0,10014001,1)*(0,10014001,1)	(0,10001401,0)*(0,10014001,1)*(0,10014001,1)*(0,10014001,1)	(0,0,0)	(0,0,0)	900005	900006	9	0	0	0
200035	M0099_01	(0,10001401,0)*(0,10004802,1)	(0,10001401,0)*(0,10004802,1)	(0,0,0)	(0,0,0)	900017	900018	9	0	0	0
200036	M0038_01	(0,10001401,0)*(0,10007001,1)	(0,10001401,0)*(0,10007001,1)	(0,0,0)	(1,8,0)	910001	910002	9	0	0	0
200037	M0001_33	(0,10001401,0)*(0,10005702,0)*(0,10007001,0)*(0,10007001,0)*(0,10007001,0)*(0,10008102,1)*(0,10008301,1)*(0,10008301,1)*(0,10008301,1)*(0,10008301,1)	(0,10001401,0)*(0,10005702,0)*(0,10007001,0)*(0,10007001,0)*(0,10007001,0)*(0,10008102,1)*(0,10008301,1)*(0,10008301,1)*(0,10008301,1)*(0,10008301,1)	(0,0,0)	(0,0,0)	910003	910004	9	0	0	0
200038	M0001_33	(0,10001401,0)*(0,10005702,1)*(0,10007001,1)*(0,10007001,1)*(0,10007001,1)*(0,10007001,1)*(0,10008102,0)*(0,10008301,0)*(0,10008301,00)*(0,10008301,0)	(0,10001401,0)*(0,10005702,1)*(0,10007001,1)*(0,10007001,1)*(0,10007001,1)*(0,10007001,1)*(0,10008102,0)*(0,10008301,0)*(0,10008301,00)*(0,10008301,0)	(0,0,0)	(0,0,0)	910005	910006	9	0	0	0
200039	M0030_01	(0,10001401,0)*(0,10005703,0)*(0,10007002,0)*(0,10007002,0)*(6,10007002,0)*(6,10007002,0)*(0,10014503,1)*(0,10014401,1)*(0,10014401,1)*(0,10014401,1)*(4,10014401,1)*(4,10014401,1)*(6,10014401,1)*(6,10014401,1)*(8,10014401,1)*(8,10014401,1)*(8,10014401,1)*(8,10014401,1)	(0,10001401,0)*(0,10005703,0)*(0,10007002,0)*(0,10007002,0)*(6,10007002,0)*(6,10007002,0)*(0,10014503,1)*(0,10014401,1)*(0,10014401,1)*(0,10014401,1)*(4,10014401,1)*(4,10014401,1)*(6,10014401,1)*(6,10014401,1)*(8,10014401,1)*(8,10014401,1)*(8,10014401,1)*(8,10014401,1)	(0,0,0)	(0,0,0)	910007	910008	16	0	0	0
200040	M0004_03	(0,10001401,0)*(0,10001603,1)	(0,10001401,0)*(0,10001603,1)	(0,0,0)	(0,0,0)	910009	910010	9	0	0	0
200041	M0099_01	(0,10001401,0)*(0,10009203,1)	(0,10001401,0)*(0,10009203,1)	(0,0,0)	(0,0,0)	910011	910012	9	0	0	0
200042	M0099_01	(0,10001401,0)*(0,10009203,1)	(0,10001401,0)*(0,10009203,1)	(0,0,0)	(0,0,0)	910013	910014	9	0	0	0
200043	M0099_01	(0,10001401,0)*(0,10011102,1)*(0,10011102,1)*(0,10011103,1)*(0,10011103,1)	(0,10001401,0)*(0,10011102,1)*(0,10011102,1)*(0,10011103,1)*(0,10011103,1)	(0,0,0)	(1,10,0)*(0,0,0)	910015	910016	9	0	0	0
200044	M0005_05	(0,10001401,0)*(0,10009202,1)*(0,10009102,2)	(0,10001401,0)*(0,10009202,1)*(0,10009102,2)	(0,0,0)	(0,0,0)	910017	910018	9	0	0	0
200045	M0004_03	(0,10001401,0)*(0,10001503,1)	(0,10001401,0)*(0,10001503,1)	(0,0,0)	(0,0,0)	910019	910020	9	0	0	0
200046	M0004_03	(0,10005702,0)*(0,10001602,1)	(0,10005702,0)*(0,10001602,1)	(1,10,0)*(0,0,0)	(2,10005702,0)*(0,0,0)	910021	910022	9	0	0	0
200047	M0004_03	(0,10001401,0)*(0,10001502,0)*(0,10001602,0)*(0,10001704,1)	(0,10001401,0)*(0,10001502,0)*(0,10001602,0)*(0,10001704,1)	(1,10,0)*(0,0,0)	(0,0,0)	910023	910024	9	0	0	0
200048	M0004_03	(0,10001401,0)*(0,10001502,0)*(0,10001602,0)*(0,10001704,1)	(0,10001401,0)*(0,10001502,0)*(0,10001602,0)*(0,10001704,1)	(1,10,0)*(0,0,0)	(0,0,0)	910025	910026	9	0	0	0
200049	M0004_03	(0,10001401,0)*(0,10001502,0)*(0,10001602,0)*(0,10001704,1)	(0,10001401,0)*(0,10001502,0)*(0,10001602,0)*(0,10001704,1)	(1,10,0)*(0,0,0)	(0,0,0)	910027	910028	9	0	0	0
200050	M0004_03	(0,10001401,0)*(0,10001502,1)	(0,10001401,0)*(0,10001502,1)	(1,6,0)*(0,0,0)	(0,0,0)	910029	910030	9	0	0	0
200051	M0004_03	(0,10001401,0)*(0,10001502,1)	(0,10001401,0)*(0,10001502,1)	(1,10,0)*(0,0,0)	(0,0,0)	910031	910032	9	0	0	0
200052	M0004_03	(0,10001401,0)*(0,10001503,1)	(0,10001401,0)*(0,10001503,1)	(0,0,0)	(1,20,0)*(0,0,0)	910033	910034	9	0	0	0
200053	M0004_03	(0,10001401,0)*(0,10001602,1)	(0,10001401,0)*(0,10001602,1)	(1,6,0)*(0,0,0)	(0,0,0)	910035	910036	9	0	0	0
200054	M0004_03	(0,10001401,0)*(0,10001602,1)	(0,10001401,0)*(0,10001602,1)	(1,10,0)*(0,0,0)	(0,0,0)	910037	910038	9	0	0	0
200055	M0004_03	(0,10001401,0)*(0,10001603,1)	(0,10001401,0)*(0,10001603,1)	(0,0,0)	(1,20,0)*(0,0,0)	910039	910040	9	0	0	0
200056	M0031_01	(0,10001401,0)*(0,10010603,1)	(0,10001401,0)*(0,10010603,1)	(0,0,0)	(0,0,0)	910041	910042	9	0	0	0
200057	M0004_03	(0,10001401,0)*(0,10001603,1)	(0,10001401,0)*(0,10001603,1)	(0,0,0)	(0,0,0)	910043	910044	9	0	0	0
200058	M0001_32	(0,10001401,0)*(0,10008502,1)	(0,10001401,0)*(0,10008502,1)	(0,0,0)	(0,0,0)	910045	910046	9	0	1	0
200059	M0001_32	(0,10001401,0)*(0,10001603,0)*(0,10007203,1)*(0,10007803,1)	(0,10001401,0)*(0,10001603,0)*(0,10007203,1)*(0,10007803,1)	(0,0,0)	(1,10,0)	910047	910048	9	0	1	0
200060	M0001_09	(0,10001401,0)*(0,10001603,0)*(0,10008103,1)*(0,10008903,1)	(0,10001401,0)*(0,10001603,0)*(0,10008103,1)*(0,10008903,1)	(0,0,0)	(1,10,0)	910049	910050	9	0	1	0
200061	M0001_34	(0,10001401,0)*(0,10006002,0)*(0,10007202,1)*(0,10007302,1)	(0,10001401,0)*(0,10006002,0)*(0,10007202,1)*(0,10007302,1)	(0,0,0)	(0,0,0)	910051	910052	9	0	0	0
200062	M0099_01	(0,10001401,0)*(0,10009202,0)*(0,10007802,0)*(0,10007901,0)*(0,10007901,0)*(5,10001103,1)*(0,10013001,1)*(0,10013002,1)*(0,10013002,1)*(0,10013003,1)	(0,10001401,0)*(0,10009202,0)*(0,10007802,0)*(0,10007901,0)*(0,10007901,0)*(5,10001103,1)*(0,10013001,1)*(0,10013002,1)*(0,10013002,1)*(0,10013003,1)	(1,10,0)*(0,0,0)	(0,0,0)	910053	910054	9	0	0	0
200063	M0001_35	(0,10001401,0)*(0,10005902,0)*(0,10011701,1)*(0,10011701,1)*(0,10006501,1)	(0,10001401,0)*(0,10005902,0)*(0,10011701,1)*(0,10011701,1)*(0,10006501,1)	(0,0,0)	(0,0,0)	910055	910056	9	0	0	0
200064	M0099_01	(0,10001401,0)*(0,10006002,0)*(0,10006302,1)	(0,10001401,0)*(0,10006002,0)*(0,10006302,1)	(1,10,0)*(0,0,0)	(0,0,0)	910057	910058	9	0	0	0
200065	M0099_01	(0,10001401,0)*(0,10007802,0)*(0,10011202,1)*(0,10011302,1)	(0,10001401,0)*(0,10007802,0)*(0,10011202,1)*(0,10011302,1)	(0,0,0)	(0,0,0)	910059	910060	9	0	0	0
200066	M0038_01	(0,10001401,0)*(0,10002301,1)*(3,10002201,1)*(5,10002401,1)*(7,10002501,1)	(0,10001401,0)*(0,10002301,1)*(3,10002201,1)*(5,10002401,1)*(7,10002501,1)	(0,0,0)	(0,0,0)	910061	910062	9	0	0	0
200067	M0099_01	(0,10001401,0)*(0,10005902,0)*(0,10009601,1)*(0,10009701,1)*(0,10009701,1)	(0,10001401,0)*(0,10005902,0)*(0,10009601,1)*(0,10009701,1)*(0,10009701,1)	(0,0,0)	(0,0,0)	910063	910064	9	0	0	0
200068	M0023_04	(0,10001401,0)*(0,10005902,0)*(3,10001103,1)*(0,10013003,1)*(0,10013002,1)*(0,10013002,1)*(0,10013002,1)	(0,10001401,0)*(0,10005902,0)*(3,10001103,1)*(0,10013003,1)*(0,10013002,1)*(0,10013002,1)*(0,10013002,1)	(0,0,0)	(0,0,0)	910065	910066	9	0	1	0
200069	M0001_28	(0,10001401,0)*(0,10009403,0)*(0,10011203,1)*(0,10011303,1)*(0,10011102,1)*(0,10011103,1)*(0,10011102,1)*(0,10011103,1)	(0,10001401,0)*(0,10009403,0)*(0,10011203,1)*(0,10011302,1)*(0,10011103,1)*(0,10011102,1)*(0,10011103,1)*(0,10011102,1)	(0,0,0)	(1,12,0)*(0,0,0)	910067	910068	22	0	0	0
200070	M0001_09	(0,10001401,0)*(0,10008902,1)*(0,10007802,2)*(0,10029702,3)*(0,10008502,4)*(0,10005702,5)	(0,10001401,0)*(0,10008902,1)*(0,10007802,2)*(0,10029702,3)*(0,10008502,4)*(0,10005702,5)	(0,0,0)	(1,16,0)*(0,0,0)	910069	910070	17	0	1	0
200071	M0001_35	(0,10001401,0)*(0,10004302,0)*(0,10029702,0)*(0,10010103,1)*(0,10010202,1)*(0,10010202,1)*(0,10010302,1)*(0,10010302,1)	(0,10001401,0)*(0,10004302,0)*(0,10029702,0)*(0,10010103,1)*(0,10010202,1)*(0,10010202,1)*(0,10010302,1)*(0,10010302,1)	(0,0,0)	(0,0,0)	910071	910072	14	0	0	0
200072	M0038_01	(0,10001401,0)*(0,10004302,0)*(0,10011103,1)*(0,10011102,1)*(0,10011103,1)*(0,10011102,1)	(0,10001401,0)*(0,10004302,0)*(0,10011103,1)*(0,10011102,1)*(0,10011103,1)*(0,10011102,1)	(0,0,0)	(1,12,0)*(0,0,0)	910073	910074	16	0	0	0
200073	M0001_34	(0,10001401,0)*(0,10004302,0)*(0,10004803,1)	(0,10001401,0)*(0,10004302,0)*(0,10004803,1)	(0,0,0)	(1,8,0)*(0,0,0)	910075	910076	5	0	0	0
200074	M0001_27	(0,10001401,0)*(0,10007503,0)*(0,10013903,1)	(0,10001401,0)*(0,10007503,0)*(0,10013903,1)	(0,0,0)	(1,8,0)*(0,0,0)	910077	910078	18	0	0	0
200075	M0001_28	(0,10001401,0)*(0,10001602,0)*(0,10006302,1)	(0,10001401,0)*(0,10001602,0)*(0,10006302,1)	(0,0,0)	(1,6,0)*(0,0,0)	910079	910080	22	0	0	0
200076	M0099_01	(0,10001401,0)*(0,10006302,0)*(0,10003603,1)*(0,10003703,1)*(4,10003803,1)	(0,10001401,0)*(0,10006302,0)*(0,10003603,1)*(0,10003703,1)*(4,10003803,1)	(1,10,0)	(0,0,0)	910081	910082	20	0	0	0
200077	M0099_01	(0,10001401,0)*(0,50000003,1)	(0,10001401,0)*(0,50000003,1)	(0,0,0)	(1,8,0)*(0,0,0)	910083	910084	9	0	0	0
200078	M0004_04	(0,10001401,0)*(5,10006103,0)*(0,10010403,1)*(0,10010503,1)*(0,10010603,1)	(0,10001401,0)*(5,10006103,0)*(0,10010403,1)*(0,10010503,1)*(0,10010603,1)	(0,0,0)	(0,0,0)	910085	910086	9	0	0	0
200079	M0037_01	(0,10001401,0)*(0,10004803,1)	(0,10001401,0)*(0,10004803,1)	(0,0,0)	(0,0,0)	910087	910088	9	0	1	0
200080	M0037_01	(0,10001401,0)*(0,10009203,1)	(0,10001401,0)*(0,10009203,1)	(0,0,0)	(0,0,0)	910087	910088	9	0	1	0
200081	M0037_01	(0,10001401,0)*(0,10009103,1)	(0,10001401,0)*(0,10009103,1)	(0,0,0)	(0,0,0)	910087	910088	9	0	1	0
200082	M0037_01	(0,10001401,0)*(0,10007203,1)	(0,10001401,0)*(0,10007203,1)	(0,0,0)	(0,0,0)	910087	910088	9	0	1	0
200083	M0037_01	(0,10001401,0)*(0,10008503,1)	(0,10001401,0)*(0,10008503,1)	(0,0,0)	(0,0,0)	910087	910088	9	0	1	0
200084	M0037_01	(0,10001401,0)*(0,10007503,1)	(0,10001401,0)*(0,10007503,1)	(0,0,0)	(0,0,0)	910087	910088	9	0	1	0
200085	M0037_01	(0,10001401,0)*(0,10010702,1)*(0,10010802,1)	(0,10001401,0)*(0,10010702,1)*(0,10010802,1)	(0,0,0)	(0,0,0)	910087	910088	9	0	1	0
200090	M0037_01	(0,10001401,0)*(0,10009403,1)	(0,10001401,0)*(0,10009403,1)	(0,0,0)	(0,0,0)	910087	910088	9	0	1	0
200091	M0037_01	(0,10001401,0)*(0,10008903,1)	(0,10001401,0)*(0,10008903,1)	(0,0,0)	(0,0,0)	910087	910088	9	0	1	0
200092	M0037_01	(0,10001401,0)*(0,10009603,1)	(0,10001401,0)*(0,10009603,1)	(0,0,0)	(0,0,0)	910087	910088	9	0	1	0
200095	M0037_01	(0,10001401,0)*(0,10003703,1)	(0,10001401,0)*(0,10003703,1)	(0,0,0)	(0,0,0)	910087	910088	9	0	1	0
200096	M0037_01	(0,10001401,0)*(0,10004303,1)	(0,10001401,0)*(0,10004303,1)	(0,0,0)	(0,0,0)	910087	910088	9	0	1	0
200097	M0037_01	(0,10001401,0)*(0,10003603,1)	(0,10001401,0)*(0,10003603,1)	(0,0,0)	(0,0,0)	910087	910088	9	0	1	0
200099	M0037_01	(0,10001401,0)*(0,10005703,1)	(0,10001401,0)*(0,10005703,1)	(0,0,0)	(0,0,0)	910087	910088	9	0	1	0
200100	M0037_01	(0,10001401,0)*(0,10006102,1)	(0,10001401,0)*(0,10006102,1)	(0,0,0)	(0,0,0)	910087	910088	9	0	1	0
200102	M0037_01	(0,10001401,0)*(0,10001603,1)	(0,10001401,0)*(0,10001603,1)	(0,0,0)	(0,0,0)	910087	910088	9	0	1	0
200104	M0037_01	(0,10001401,0)*(0,10009803,1)	(0,10001401,0)*(0,10009803,1)	(0,0,0)	(0,0,0)	910087	910088	9	0	1	0
200105	M0037_01	(0,10001401,0)*(0,10010103,1)*(0,10010103,1)	(0,10001401,0)*(0,10010103,1)*(0,10010103,1)	(0,0,0)	(0,0,0)	910087	910088	9	0	1	0
200107	M0037_01	(0,10001401,0)*(0,10012003,1)	(0,10001401,0)*(0,10012003,1)	(0,0,0)	(0,0,0)	910087	910088	9	0	1	0
200108	M0037_01	(0,10001401,0)*(0,10029703,1)	(0,10001401,0)*(0,10029703,1)	(0,0,0)	(0,0,0)	910087	910088	9	0	1	0
200114	M0037_01	(0,10001401,0)*(0,10005802,1)	(0,10001401,0)*(0,10005802,1)	(0,0,0)	(0,0,0)	910087	910088	9	0	1	0
200115	M0037_01	(0,10001401,0)*(0,10008103,1)	(0,10001401,0)*(0,10008103,1)	(0,0,0)	(0,0,0)	910087	910088	9	0	1	0
200116	M0037_01	(0,10001401,0)*(0,10011103,1)*(0,10011102,1)*(0,10011103,1)	(0,10001401,0)*(0,10011103,1)*(0,10011102,1)*(0,10011103,1)	(0,0,0)	(0,0,0)	910087	910088	9	0	1	0
200117	M0037_01	(0,10001401,0)*(0,10013003,1)*(0,10013003,1)*(0,10013003,1)	(0,10001401,0)*(0,10013003,1)*(0,10013003,1)*(0,10013003,1)	(0,0,0)	(0,0,0)	910087	910088	9	0	1	0
200120	M0037_01	(0,10001401,0)*(0,10007803,1)	(0,10001401,0)*(0,10007803,1)	(0,0,0)	(0,0,0)	910087	910088	9	0	1	0
210001	M0004_04	(0,10001401,0)*(0,10006202,0)*(0,10012602,1)*(0,10012702,1)*(0,10012802,1)*(0,10012902,1)	(0,10001401,0)*(0,10006202,0)*(0,10012602,1)*(0,10012702,1)*(0,10012802,1)*(0,10012902,1)	(0,0,0)	(0,0,0)	920001	920002	9	0	0	0
210002	M0001_32	(0,10001401,0)*(0,10006602,0)*(0,10012702,1)	(0,10001401,0)*(0,10006602,0)*(0,10012702,1)	(0,0,0)	(1,8,0)	920003	920004	9	0	1	0
210003	M0099_01	(0,10001401,0)*(0,10006602,1)	(0,10001401,0)*(0,10006602,1)	(0,0,0)	(0,0,0)	920005	920006	9	0	0	0
210004	M0099_01	(0,10001401,0)*(0,10005602,0)*(0,10010201,1)*(0,10010202,1)*(0,10010301,1)*(0,10010302,1)*(0,10010103,1)	(0,10001401,0)*(0,10005602,0)*(0,10010201,1)*(0,10010202,1)*(0,10010301,1)*(0,10010302,1)*(0,10010103,1)	(0,0,0)	(0,0,0)	920007	920008	9	0	0	0
210005	M0099_01	(0,10001401,0)*(0,10005602,0)*(0,10012602,1)	(0,10001401,0)*(0,10005602,0)*(0,10012602,1)	(0,0,0)	(0,0,0)	920009	920010	9	0	0	0
210006	M0099_01	(0,10001401,0)*(0,10008102,1)*(0,10008902,1)	(0,10001401,0)*(0,10008102,1)*(0,10008902,1)	(0,0,0)	(0,0,0)	920011	920012	9	0	0	0
210007	M0019_25	(0,10001401,0)*(0,10008503,0)*(0,10005603,0)*(0,10005803,0)*(5,10009603,1)*(0,10009702,1)*(0,10009702,1)*(0,10009702,1)*(0,10009702,1)*(0,10009702,1)*(5,10009702,1)*(5,10009702,1)*(5,10009702,1)*(5,10009702,1)	(0,10001401,0)*(0,10008503,0)*(0,10005603,0)*(0,10005803,0)*(5,10009603,1)*(0,10009702,1)*(0,10009702,1)*(0,10009702,1)*(0,10009702,1)*(0,10009702,1)*(5,10009702,1)*(5,10009702,1)*(5,10009702,1)*(5,10009702,1)	(0,0,0)	(0,0,0)	920013	920014	9	0	0	0
210008	M0099_01	(0,10001401,0)*(0,10009403,0)*(0,10012803,1)*(0,10012903,1)	(0,10001401,0)*(0,10009403,0)*(0,10012803,1)*(0,10012903,1)	(0,0,0)	(0,0,0)	920015	920016	9	0	0	0
210009	M0099_01	(0,10001803,0)*(0,10013001,1)*(0,10013001,1)	(0,10001803,0)*(0,10013001,1)*(0,10013001,1)	(0,0,0)	(0,0,0)	920017	920017	9	0	0	0
210010	M0004_03	(0,10001803,1)*(0,10001401,0)*(0,10001502,0)*(0,10001602,0)	(0,10001803,1)*(0,10001401,0)*(0,10001502,0)*(0,10001602,0)	(0,0,0)	(1,6,0)*(0,0,0)	920018	920019	20	0	0	0
210011	M0004_03	(0,10001704,0)*(0,10001803,1)	(0,10001704,0)*(0,10001803,1)	(1,6,0)*(0,0,0,)	(0,0,0)	920020	920020	20	0	0	0
210012	M0099_01	(0,10099904,0)*(0,10099803,1)*(0,10099703,1)*(0,10099603,1)*(0,10099503,1)*(0,10099403,1)*(0,10099303,1)*(0,10099203,1)*(0,10099103,1)*(0,10099003,1)*(0,10098903,1)	(0,10099904,0)*(0,10099803,1)*(0,10099703,1)*(0,10099603,1)*(0,10099503,1)*(0,10099403,1)*(0,10099303,1)*(0,10099203,1)*(0,10099103,1)*(0,10099003,1)*(0,10098903,1)	(0,0,0)	(0,0,0)	920021	920021	9	0	0	0
210013	M0099_01	(0,10001401,0)*(3,10001902,0)*(0,10005702,1)	(0,10001401,0)*(3,10001902,0)*(0,10005702,1)	(0,0,0)	(0,0,0)	920022	920022	9	0	0	0
210014	M0004_04	(0,10001401,0)*(0,10009202,1)	(0,10001401,0)*(0,10009202,1)	(0,0,0)	(0,0,0)	920023	920024	9	0	0	0
210015	M0099_01	(0,10001401,0)*(0,10000703,0)*(0,10000803,0)*(0,10001103,1)*(0,10001003,1)*(0,10013002,1)*(0,10013002,1)*(0,10013002,1)*(0,10013002,1)	(0,10001401,0)*(0,10000703,0)*(0,10000803,0)*(0,10001103,1)*(0,10001003,1)*(0,10013002,1)*(0,10013002,1)*(0,10013002,1)*(0,10013002,1)	(0,0,0)	(0,0,0)	920025	920026	9	0	0	0
210016	M0099_01	(0,10001401,0)*(0,10001803,1)	(0,10001401,0)*(0,10001803,1)	(0,0,0)	(0,0,0)	920027	920028	9	0	0	0
210017	M0099_01	(0,10001401,0)*(0,10001502,0)*(0,10012802,1)	(0,10001401,0)*(0,10001502,0)*(0,10012802,1)	(0,0,0)	(0,0,0)	920029	920029	17	0	0	0
210018	M0038_01	(0,10001401,0)*(0,10003702,0)*(0,10003602,1)*(0,10012002,1)	(0,10001401,0)*(0,10003702,0)*(0,10003602,1)*(0,10012002,1)	(0,0,0)	(0,0,0)	920030	920031	9	0	0	0
210019	M0038_01	(0,10003702,0)*(0,10003602,1)*(0,10012002,1)	(0,10003702,0)*(0,10003602,1)*(0,10012002,1)	(0,0,0)	(1,6,0)*(0,0,0)	920031	920031	9	0	0	0
210020	M0038_01	(0,10001401,0)*(0,10003702,0)*(0,10003602,0)*(0,10012002,1)*(0,10011902,1)	(0,10001401,0)*(0,10003702,0)*(0,10003602,0)*(0,10012002,1)*(0,10011902,1)	(0,0,0)	(0,0,0)*(1,8,0)	920032	920032	9	0	0	0
210021	M0099_01	(0,10001401,0)*(0,10005602,0)*(0,91000102,1)	(0,10001401,0)*(0,10005602,0)*(0,91000102,1)	(0,0,0)	(0,0,0)	920033	920034	9	0	0	0
210022	M0099_01	(0,10001401,0)*(0,10001502,0)*(0,10010201,1)*(0,10010201,1)*(0,10010301,1)*(0,10010301,1)	(0,10001401,0)*(0,10001502,0)*(0,10010201,1)*(0,10010201,1)*(0,10010301,1)*(0,10010301,1)	(0,0,0)	(0,0,0)	920035	920036	9	0	0	0
210023	M0099_01	(0,10001401,0)*(0,10012802,1)	(0,10001401,0)*(0,10012802,1)	(0,0,0)	(0,0,0)	920037	920038	9	0	0	0
210024	M0099_01	(0,10001401,0)*(0,10005402,0)*(0,10012802,1)*(0,10012602,1)	(0,10001401,0)*(0,10005402,0)*(0,10012802,1)*(0,10012602,1)	(0,0,0)	(0,0,0)	920039	920040	9	0	0	0
210025	M0099_01	(0,10001401,0)*(0,10005403,0)*(0,10000603,1)*(0,10013302,1)*(0,10013302,1)*(0,10013302,1)*(0,10013302,1)	(0,10001401,0)*(0,10005403,0)*(0,10000603,1)*(0,10013302,1)*(0,10013302,1)*(0,10013302,1)*(0,10013302,1)	(0,0,0)	(0,0,0)	920041	920042	9	0	0	0
210026	M0004_03	(0,10001401,0)*(0,10001603,0)*(0,10001503,1)	(0,10001401,0)*(0,10001603,0)*(0,10001503,1)	(0,0,0)	(0,0,0)	920043	920044	-1	Story_0003	0	0
210027	M0020_09	(0,10001401,0)*(0,10001603,1)	(0,10001401,0)*(0,10001603,1)	(0,0,0)	(0,0,0)	920045	920044	-1	0	0	0
210028	M0020_09	(0,10001401,0)*(0,10001603,0)*(0,10013002,1)*(0,10013002,1)*(0,10013002,1)*(0,10013002,1)*(0,10013002,1)*(6,10012602,1)*(5,10012702,1)*(4,10012802,1)*(3,10012902,1)	(0,10001401,0)*(0,10001603,0)*(0,10013002,1)*(0,10013002,1)*(0,10013002,1)*(0,10013002,1)*(0,10013002,1)*(6,10012602,1)*(5,10012702,1)*(4,10012802,1)*(3,10012902,1)	(0,0,0)	(0,0,0)	920046	920044	-1	Story_0003	0	0
210029	M0020_09	(0,10001401,0)*(0,10001603,0)*(0,10001003,1)*(0,10001103,1)*(0,10001803,1)*(3,10013002,1)*(3,10013002,1)*(5,10013002,1)*(5,10013002,1)*(7,10013002,1)*(7,10013002,1)	(0,10001401,0)*(0,10001603,0)*(0,10001003,1)*(0,10001103,1)*(0,10001803,1)*(3,10013002,1)*(3,10013002,1)*(5,10013002,1)*(5,10013002,1)*(7,10013002,1)*(7,10013002,1)	(0,0,0)	(0,0,0)	920047	920044	-1	Story_0003	0	0
210030	M0020_09	(0,10001401,0)*(0,10001803,0)*(0,10001004,1)*(0,91000102,1)*(0,91000102,1)*(0,91000102,1)*(0,91000102,1)	(0,10001401,0)*(0,10001803,0)*(0,10001004,1)*(0,91000102,1)*(0,91000102,1)*(0,91000102,1)*(0,91000102,1)	(0,0,0)	(0,0,0)	920048	920044	-1	Helou_05_Ma	0	0
210031	M0020_12	(0,10001401,0)*(0,10007703,0)*(0,10001803,0)*(0,10006703,0)*(0,10007103,0)*(0,10008003,0)*(0,10008403,0)*(0,10008803,0)*(0,10009303,0)*(0,10012604,1)*(0,10012704,1)*(0,10012804,1)*(0,10012902,1)*(0,10013009,1)*(0,10013010,1)*(0,10013011,1)*(0,10013012,1)*(0,10014504,1)	0	(0,0,0)	(0,0,0)	920049	920044	-1	Helou_04_Ma	1	0
210032	M0020_12	(0,10001401,0)*(0,10001803,1)	(0,10001401,0)*(0,10001803,1)	(0,0,0)	(0,0,0)	920050	920044	-1	0	1	0
210033	M0020_07	(0,10001401,0)*(0,10001803,1)	(0,10001401,0)*(0,10001803,1)	(0,0,0)	(0,0,0)	920051	920052	-1	0	1	0
210034	M0015_03	(0,10001401,0)*(0,10001803,0)*(0,10001603,0)*(0,10006703,1)*(0,10006802,1)*(0,10006802,1)*(0,10006802,1)*(0,10006802,1)	(0,10001401,0)*(0,10001803,0)*(0,10001603,0)*(0,10006703,1)*(0,10006802,1)*(0,10006802,1)*(0,10006802,1)*(0,10006802,1)	(0,0,0)	(0,0,0)	920053	920044	-1	0	1	0
210035	M0001_30	(0,10001401,0)*(0,10001803,0)*(0,10001603,0)*(0,10009002,1)*(0,10009002,1)*(0,10009002,1)*(0,10009002,1)*(0,10009002,1)*(0,10009002,1)	0	(0,0,0)	(0,0,0)	920054	920044	-1	0	1	0
210036	M0001_31	(0,10001401,0)*(0,10001603,0)*(0,10007103,1)*(0,10007203,1)*(0,10007302,1)*(0,10007302,1)*(0,10007302,1)*(0,10007302,1)*(0,10007302,1)	(0,10001401,0)*(0,10001603,0)*(0,10007103,1)*(0,10007203,1)*(0,10007302,1)*(0,10007302,1)*(0,10007302,1)*(0,10007302,1)*(0,10007302,1)	(0,0,0)	(0,0,0)	920055	920044	-1	0	1	0
210037	M0001_31	(0,10001401,0)*(0,10001603,0)*(0,10007103,1)*(0,10007203,1)*(0,10007302,1)*(0,10007302,1)*(0,10007302,1)*(0,10007302,1)*(0,10007302,1)	(0,10001401,0)*(0,10001603,0)*(0,10007103,1)*(0,10007203,1)*(0,10007302,1)*(0,10007302,1)*(0,10007302,1)*(0,10007302,1)*(0,10007302,1)	(0,0,0)	(0,0,0)	920055	920044	-1	0	0	0
210038	M0005_05	(0,10001401,0)*(0,10013602,1)*(0,10022401,1)*(0,10022401,1)*(0,10022401,1)*(0,10022401,1)	(0,10001401,0)*(0,10013602,1)*(0,10022401,1)*(0,10022401,1)*(0,10022401,1)*(0,10022401,1)	(0,0,0)	(0,0,0)	920056	920056	-1	0	0	0
210039	M0006_06	(0,10001401,0)*(0,10001603,0)*(0,10004901,1)*(0,10004901,1)*(0,10004901,1)	(0,10001401,0)*(0,10001603,0)*(0,10004901,1)*(0,10004901,1)*(0,10004901,1)	(0,0,0)	(0,0,0)	920057	920044	-1	0	0	0
210040	M0006_07	(0,10001401,0)*(0,10001603,0)*(0,10001803,0)*(0,10013003,0)*(0,10013003,0)*(0,10000703,1)*(0,10000803,1)	(0,10001401,0)*(0,10001603,0)*(0,10001803,0)*(0,10013003,0)*(0,10013003,0)*(0,10000703,1)*(0,10000803,1)	(0,0,0)	(0,0,0)	920058	920044	-1	0	0	0
210041	M0019_22	(0,10001401,0)*(0,10001603,0)*(0,10008403,1)*(0,10008503,1)*(0,10008602,1)*(0,10008602,1)*(0,10008602,1)*(0,10008602,1)*(0,10008602,1)	(0,10001401,0)*(0,10001603,0)*(0,10008403,1)*(0,10008503,1)*(0,10008602,1)*(0,10008602,1)*(0,10008602,1)*(0,10008602,1)*(0,10008602,1)	(0,0,0)	(0,0,0)	920059	920044	-1	0	1	0
210042	M0005_06	(0,10001502,0)*(0,10012701,1)	(0,10001502,0)*(0,10012701,1)	(0,0,0)	(0,0,0)	920085	920085	-1	0	1	0
210043	M0006_08	(0,10001401,0)*(0,10004302,0)*(5,10013903,1)*(0,10014001,1)*(0,10014001,1)*(0,10014001,1)*(0,10014001,1)	(0,10001401,0)*(0,10004302,0)*(5,10013903,1)*(0,10014001,1)*(0,10014001,1)*(0,10014001,1)*(0,10014001,1)	(0,0,0)	(0,0,0)	920108	920109	-1	0	0	0
210044	M0019_23	(0,10001401,0)*(0,10001603,0)*(0,10001803,0)*(0,10008003,1)*(0,10008103,1)*(0,10008202,1)*(0,10008302,1)*(0,10008302,1)*(0,10008302,1)*(0,10008302,1)*(0,10008302,1)	0	(0,0,0)	(0,0,0)	920113	920044	-1	0	0	0
210045	M0008_01	(0,10001401,0)*(0,10001603,0)*(0,10014201,1)*(0,10014201,1)*(0,10014201,1)*(0,10014201,1)	(0,10001401,0)*(0,10004302,0)*(5,10013903,1)*(0,10014001,1)*(0,10014001,1)*(0,10014001,1)*(0,10014001,1)	(0,0,0)	(0,0,0)	920114	920044	-1	0	0	0
210046	M0008_01	(0,10001401,0)*(0,10001603,0)*(0,10014201,1)*(0,10014201,1)*(0,10014201,1)*(0,10014201,1)	(0,10001401,0)*(0,10004302,0)*(5,10013903,1)*(0,10014001,1)*(0,10014001,1)*(0,10014001,1)*(0,10014001,1)	(0,0,0)	(0,0,0)	920116	920044	-1	0	0	0
210047	M0008_01	(0,10001401,0)*(0,10001603,0)*(0,10014201,1)*(0,10014201,1)*(0,10014201,1)*(0,10014201,1)	(0,10001401,0)*(0,10004302,0)*(5,10013903,1)*(0,10014001,1)*(0,10014001,1)*(0,10014001,1)*(0,10014001,1)	(0,0,0)	(0,0,0)	920118	920044	-1	0	0	0
210048	M0008_01	(0,10001401,0)*(0,10001603,0)*(0,10014201,1)*(0,10014201,1)*(0,10014201,1)*(0,10014201,1)	(0,10001401,0)*(0,10004302,0)*(5,10013903,1)*(0,10014001,1)*(0,10014001,1)*(0,10014001,1)*(0,10014001,1)	(0,0,0)	(0,0,0)	920120	920044	-1	0	0	0
210049	M0008_01	(0,10001401,0)*(0,10001603,0)*(0,10014201,1)*(0,10014201,1)*(0,10014201,1)*(0,10014201,1)	(0,10001401,0)*(0,10004302,0)*(5,10013903,1)*(0,10014001,1)*(0,10014001,1)*(0,10014001,1)*(0,10014001,1)	(0,0,0)	(0,0,0)	920122	920044	-1	0	0	0
210050	M0008_01	(0,10001401,0)*(0,10001603,0)*(0,10014201,1)*(0,10014201,1)*(0,10014201,1)*(0,10014201,1)	(0,10001401,0)*(0,10004302,0)*(5,10013903,1)*(0,10014001,1)*(0,10014001,1)*(0,10014001,1)*(0,10014001,1)	(0,0,0)	(0,0,0)	920124	920044	-1	0	0	0
210051	M0008_01	(0,10001401,0)*(0,10001603,0)*(0,10001803,0)*(0,10014202,1)*(0,10014202,1)*(0,10014202,1)*(0,10014202,1)*(0,10014202,1)*(0,10006603,1)*(0,10029702,1)*(0,10014104,1)	0	(0,0,0)	(0,0,0)	920127	920044	-1	0	0	0
210052	M0010_02	(0,10001401,0)*(0,10001603,0)*(0,10001803,0)*(0,10009403,1)*(0,10009303,1)*(0,10009502,1)*(0,10009502,1)*(0,10009502,1)*(0,10009502,1)*(0,10009502,1)*(0,10009502,1)	0	(0,0,0)	(0,0,0)	920128	920044	-1	0	1	0
210053	M0019_24	(0,10001401,0)*(0,10002102,0)*(0,10008502,0)*(0,10012602,1)*(0,10013001,1)*(0,10013001,1)*(0,10013001,1)*(0,10013001,1)*(0,10013001,1)	(0,10001401,0)*(0,10002102,0)*(0,10008502,0)*(0,10012602,1)*(0,10013001,1)*(0,10013001,1)*(0,10013001,1)*(0,10013001,1)*(0,10013001,1)	(0,0,0)	(0,0,0)	920134	920135	-1	0	0	0
210054	M0019_25	(0,10001401,0)*(0,10008502,0)*(0,10005602,0)*(0,91000204,1)	(0,10001401,0)*(0,10008502,0)*(0,10005602,0)*(0,91000204,1)	(0,0,0)	(0,0,0)	920143	920135	-1	0	0	0
210055	M0019_25	(0,10001401,0)*(0,10008502,0)*(0,10005602,1)*(0,91000204,1)	(0,10001401,0)*(0,10008502,0)*(0,10005602,1)*(0,91000204,1)	(0,0,0)	(0,0,0)	920146	920135	-1	0	0	0
210056	M0019_25	(0,10001401,0)*(0,10008502,0)*(0,10005902,0)*(0,10012602,1)*(0,10013001,1)*(0,10013001,1)*(0,10013001,1)*(0,10013001,1)*(0,10013001,1)*(0,10031203,1)	(0,10001401,0)*(0,10008502,0)*(0,10005902,0)*(0,10012602,1)*(0,10013001,1)*(0,10013001,1)*(0,10013001,1)*(0,10013001,1)*(0,10013001,1)*(0,10031203,1)	(0,0,0)	(0,0,0)	920149	920135	-1	0	0	0
210057	M0019_25	(0,10001401,0)*(0,10008502,0)*(0,10009802,0)*(0,10012602,1)*(0,10013001,1)*(0,10013001,1)*(0,10013001,1)*(0,10013001,1)*(0,10013001,1)*(0,10031203,1)	(0,10001401,0)*(0,10008502,0)*(0,10009802,0)*(0,10012602,1)*(0,10013001,1)*(0,10013001,1)*(0,10013001,1)*(0,10013001,1)*(0,10013001,1)*(0,10031203,1)	(0,0,0)	(0,0,0)	920150	920135	-1	0	0	0
210058	M0011_01	(0,10001401,0)*(0,10001603,0)*(0,10001803,0)*(0,91000102,1)*(0,91000102,1)*(0,91000102,1)*(0,10003303,1)*(5,91000102,1)*(5,91000102,1)*(10,91000102,1)*(10,91000102,1)*(15,91000102,1)*(15,91000102,1)*(20,91000102,1)*(20,91000102,1)	(0,10001401,0)*(0,10001603,0)*(0,10001803,0)*(0,91000102,1)*(0,91000102,1)*(0,91000102,1)*(0,10003303,1)*(5,91000102,1)*(5,91000102,1)*(10,91000102,1)*(10,91000102,1)*(15,91000102,1)*(15,91000102,1)*(20,91000102,1)*(20,91000102,1)	(0,0,0)	(0,0,0)	920168	920044	-1	0	0	0
210059	M0021_05	(0,10001603,0)*(0,10000605,1)	(0,10001603,0)*(0,10000605,1)	(0,0,0)	(0,0,0)	920169	920044	-1	0	0	0
210060	M0022_02	(0,10001401,0)*(0,10001603,0)*(0,10001803,0)*(0,10011803,1)*(0,10011903,1)*(0,10012102,1)*(0,10012102,1)*(0,10012102,1)*(0,10012102,1)*(0,10012102,1)*(0,10012102,1)*(0,10012102,1)*(0,10012103,1)	0	(0,0,0)	(0,0,0)	920175	920044	-1	0	0	0
210061	M0018_03	(0,10001401,0)*(0,10001603,0)*(0,10001803,0)*(0,10012203,1)*(0,10012403,1)*(0,10012403,1)*(0,10012403,1)	(0,10001401,0)*(0,10001603,0)*(0,10001803,0)*(0,10012203,1)*(0,10012403,1)*(0,10012403,1)*(0,10012403,1)	(0,0,0)	(0,0,0)	920170	920044	-1	0	0	0
210062	M0001_28	(0,10001401,0)*(0,10007803,1)	(0,10001401,0)*(0,10007803,1)	(0,0,0)	(0,0,0)	920172	920044	-1	0	0	0
210063	M0000_01	(0,10001401,0)*(0,10001603,0)*(0,10001803,0)*(0,10010202,1)*(0,10010202,1)*(0,10010202,1)*(0,10010302,1)*(0,10010302,1)*(0,10010103,1)*(0,10010103,1)	(0,10001401,0)*(0,10001603,0)*(0,10001803,0)*(0,10010202,1)*(0,10010202,1)*(0,10010202,1)*(0,10010302,1)*(0,10010302,1)*(0,10010103,1)*(0,10010103,1)	(0,0,0)	(0,0,0)	920174	920044	-1	0	0	0
210064	M0000_01	(0,10001401,0)*(0,10001603,0)*(0,10001803,0)*(0,10010202,1)*(0,10010202,1)*(0,10010202,1)*(0,10010302,1)*(0,10010302,1)*(0,10010103,1)*(0,10010103,1)	(0,10001401,0)*(0,10001603,0)*(0,10001803,0)*(0,10010202,1)*(0,10010202,1)*(0,10010202,1)*(0,10010302,1)*(0,10010302,1)*(0,10010103,1)*(0,10010103,1)	(0,0,0)	(0,0,0)	920174	920044	-1	0	0	0
210065	M0000_01	(0,10001401,0)*(0,10001603,0)*(0,10001803,0)*(0,10010202,1)*(0,10010202,1)*(0,10010202,1)*(0,10010302,1)*(0,10010302,1)*(0,10010103,1)*(0,10010103,1)	(0,10001401,0)*(0,10001603,0)*(0,10001803,0)*(0,10010202,1)*(0,10010202,1)*(0,10010202,1)*(0,10010302,1)*(0,10010302,1)*(0,10010103,1)*(0,10010103,1)	(0,0,0)	(0,0,0)	920174	920044	-1	0	0	0
210066	M0004_03	(0,10001401,0)*(0,10001603,0)*(0,10001503,1)	(0,10001401,0)*(0,10001603,0)*(0,10001503,1)	(0,0,0)	(0,0,0)	920177	920044	-1	Story_0003	0	0
210067	M0020_21	(0,10001401,0)*(0,10000206,1)*(0,10010603,2)	0	(0,0,0)	(2,10001401,0)	920199	920044	-1	Story_0005	0	1
210068	M0034_02	(0,10001401,0)*(0,10001803,0)*(0,10001103,0)*(0,10031003,0)*(0,10024503,1)*(0,10024603,1)*(0,10024603,1)*(0,10024603,1)*(0,10024603,1)*(0,10024602,1)*(0,10024602,1)	(0,10001401,0)*(0,10001803,0)*(0,10001103,0)*(0,10031003,0)*(0,10024503,1)*(0,10024603,1)*(0,10024603,1)*(0,10024603,1)*(0,10024603,1)*(0,10024602,1)*(0,10024602,1)	(0,0,0)	(0,0,0)	920200	920044	-1	0	0	0
210069	M0034_02	(0,10001401,0)*(0,10007203,1)	(0,10001401,0)*(0,10007203,1)	(0,0,0)	(0,0,0)	920206	920207	-1	0	0	0
210070	M0034_02	(0,10001401,0)*(0,10008503,1)	(0,10001401,0)*(0,10008503,1)	(0,0,0)	(0,0,0)	920206	920207	-1	0	0	0
210071	M0034_02	(0,10001401,0)*(0,10005703,1)	(0,10001401,0)*(0,10005703,1)	(0,0,0)	(0,0,0)	920206	920207	-1	0	0	0
210072	M0034_02	(0,10001401,0)*(0,10009803,1)	(0,10001401,0)*(0,10009803,1)	(0,0,0)	(0,0,0)	920206	920207	-1	0	0	0
210073	M0034_02	(0,10001401,0)*(0,10008903,1)	(0,10001401,0)*(0,10008903,1)	(0,0,0)	(0,0,0)	920206	920207	-1	0	0	0
210074	M0034_02	(0,10001401,0)*(0,10008103,1)	(0,10001401,0)*(0,10008103,1)	(0,0,0)	(0,0,0)	920206	920207	-1	0	0	0
210075	M0034_02	(0,10001401,0)*(0,10003603,1)	(0,10001401,0)*(0,10003603,1)	(0,0,0)	(0,0,0)	920206	920207	-1	0	0	0
210076	M0034_02	(0,10001401,0)*(0,10003703,1)	(0,10001401,0)*(0,10003703,1)	(0,0,0)	(0,0,0)	920206	920207	-1	0	0	0
210077	M0034_02	(0,10001401,0)*(0,10004303,1)	(0,10001401,0)*(0,10004303,1)	(0,0,0)	(0,0,0)	920206	920207	-1	0	0	0
210078	M0034_02	(0,10001401,0)*(0,10009203,1)	(0,10001401,0)*(0,10009203,1)	(0,0,0)	(0,0,0)	920206	920207	-1	0	0	0
210079	M0015_03	(0,10001401,0)*(0,10009603,0)*(0,10009702,0)*(0,10009702,0)*(0,10009702,0)*(0,10005803,1)*(0,10006703,1)*(0,10006802,1)*(0,10006802,1)*(0,10006802,1)	(0,10001401,0)*(0,10009603,0)*(0,10009702,0)*(0,10009702,0)*(0,10009702,0)*(0,10005803,1)*(0,10006703,1)*(0,10006802,1)*(0,10006802,1)*(0,10006802,1)	(0,0,0)	(0,0,0)	920204	515001	-1	0	1	0
210080	M0015_03	(0,10009603,0)*(0,10006703,0)*(0,10005803,1)	(0,10009603,0)*(0,10006703,0)*(0,10005803,1)	(0,0,0)	(0,0,0)	920205	920205	-1	0	1	0
210081	M0034_02	(0,10001401,0)*(0,10002103,1)	(0,10001401,0)*(0,10002103,1)	(0,0,0)	(0,0,0)	920210	920211	-1	0	0	0
210082	M0013_25	(0,10001401,0)*(0,90010703,1)	(0,10001401,0)*(0,90010703,1)	(1,6,0)	(0,0,0)	920262	920261	-1	0	0	0
210083	M0013_25	(0,10001401,0)*(0,99001503,1)	(0,10001401,0)*(0,99001503,1)	(1,6,0)	(0,0,0)	920262	920261	-1	0	0	0
210084	M0013_25	(0,10001401,0)*(0,10000103,1)	(0,10001401,0)*(0,10000103,1)	(1,6,0)	(0,0,0)	920262	920261	-1	0	0	0
210085	M0013_25	(0,10001401,0)*(0,10000303,1)	(0,10001401,0)*(0,10000303,1)	(1,6,0)	(0,0,0)	920262	920261	-1	0	0	0
210086	M0013_25	(0,10001401,0)*(0,10005702,0)*(0,10007001,0)*(0,10007001,0)*(0,10014201,1)*(0,10014201,1)*(0,10014201,1)*(0,10014201,1)*(0,10014201,1)*(0,10014201,1)	(0,10001401,0)*(0,10005702,0)*(0,10007001,0)*(0,10007001,0)*(0,10014201,1)*(0,10014201,1)*(0,10014201,1)*(0,10014201,1)*(0,10014201,1)*(0,10014201,1)	(0,0,0)	(0,0,0)	920274	920275	-1	0	0	0
210087	M0028_02	(0,10001401,0)*(0,10003003,0)*(0,10003103,0)*(0,10010003,0)*(0,10010403,1)*(0,10010503,1)*(0,10010603,1)*(0,10006303,1)	(0,10001401,0)*(0,10003003,0)*(0,10003103,0)*(0,10010003,0)*(0,10010403,1)*(0,10010503,1)*(0,10010603,1)*(0,10006303,1)	(0,0,0)	(0,0,0)	920277	920275	-1	0	0	0
210088	M0028_03	(0,10001401,0)*(0,10003003,0)*(0,10003103,0)*(0,10010003,0)*(0,10011602,1)*(0,10011602,1)*(0,10011602,1)*(0,10011602,1)*(0,10011602,1)*(0,10014503,1)*(3,10009903,0)	(0,10001401,0)*(0,10003003,0)*(0,10003103,0)*(0,10010003,0)*(0,10011602,1)*(0,10011602,1)*(0,10011602,1)*(0,10011602,1)*(0,10011602,1)*(0,10014503,1)*(3,10009903,0)	(0,0,0)	(0,0,0)	920278	920275	-1	0	1	0
210089	M0019_26	(0,10001401,0)*(0,10008103,1)	(0,10001401,0)*(0,10008103,1)	(0,0,0)	(0,0,0)	920280	920281	-1	0	0	0
210090	M0004_03	(0,10001401,0)*(0,10001502,0)*(0,91000204,1)	(0,10001401,0)*(0,10001502,0)*(0,91000204,1)	(0,0,0)	(0,0,0)	920290	920291	-1	0	0	0
210091	M0019_26	(0,10001401,0)*(0,10008103,1)	(0,10001401,0)*(0,10008103,1)	(0,0,0)	(0,0,0)	920280	920280	-1	0	0	0
210092	M0006_12	(0,10001401,0)*(0,10005102,1)*(0,10005102,1)*(0,10005102,1)*(0,10005102,1)*(0,10005102,1)*(0,10005102,1)	0	(0,0,0)	(0,0,0)	920322	0	-1	0	1	0
210093	M0006_12	(0,10001401,0)*(0,10005202,1)*(0,10005202,1)*(0,10005202,1)*(0,10005202,1)*(0,10005202,1)*(0,10005202,1)	0	(0,0,0)	(0,0,0)	920322	0	-1	0	1	0
210094	M0006_12	(0,10001401,0)*(0,10005302,1)*(0,10005302,1)*(0,10005302,1)*(0,10005302,1)*(0,10005302,1)*(0,10005302,1)	0	(0,0,0)	(0,0,0)	920322	0	-1	0	1	0
210095	M0031_01	(0,10001401,0)*(0,10006103,1)	(0,10001401,0)*(0,10006103,1)	(0,0,0)	(0,0,0)	920322	0	-1	0	0	0
210096	M0013_25	(0,10001401,0)*(0,10011602,1)*(0,10011602,1)*(0,10011602,1)	(0,10001401,0)*(0,10011602,1)*(0,10011602,1)*(0,10011602,1)	(0,0,0)	(0,0,0)	920328	920334	-1	0	0	0
210097	M0013_25	(0,10001401,0)*(0,10001503,0)*(0,10031203,1)*(0,10013005,1)*(0,10013005,1)*(0,10013004,1)*(0,10013002,1)*(0,10013002,1)*(0,10013002,1)	0	(0,0,0)	(0,0,0)	920332	920334	-1	0	0	0
210098	M0000_01	(0,10001401,0)*(0,10006203,0)*(0,99001703,1)*(0,10014001,1)*(0,10014001,1)*(0,10014001,1)*(0,10014001,1)*(0,10014001,1)	(0,10001401,0)*(0,10006203,0)*(0,99001703,1)*(0,10014001,1)*(0,10014001,1)*(0,10014001,1)*(0,10014001,1)*(0,10014001,1)	(0,0,0)	(0,0,0)	920355	920356	-1	0	0	0
210099	M0099_01	(0,10001401,0)*(0,91000102,1)*(0,91000102,1)	(0,10001401,0)*(0,91000102,1)*(0,91000102,1)	(0,0,0)	(0,0,0)	920368	920369	-1	0	0	0
210100	M0019_24	(0,10001401,0)*(0,10006203,0)*(0,10005306,1)	(0,10001401,0)*(0,10006203,0)*(0,10005306,1)	(0,0,0)	(0,0,0)	920378	920356	-1	0	0	0
210101	M0029_01	(0,10001401,0)*(0,10001003,1)	(0,10001401,0)*(0,10007703,1)	(0,0,0)	(0,0,0)	920379	920380	-1	0	1	0
210102	M0027_02	(0,10001401,0)*(0,10006203,0)*(0,91000102,1)*(0,91000102,1)*(0,91000102,1)*(0,10003303,1)*(5,91000102,1)*(5,91000102,1)*(10,91000102,1)*(10,91000102,1)*(15,91000102,1)*(15,91000102,1)*(20,91000102,1)*(20,91000102,1)	(0,10001401,0)*(0,10006203,0)*(0,91000102,1)*(0,91000102,1)*(0,91000102,1)*(0,10003303,1)*(5,91000102,1)*(5,91000102,1)*(10,91000102,1)*(10,91000102,1)*(15,91000102,1)*(15,91000102,1)*(20,91000102,1)*(20,91000102,1)	(0,0,0)	(0,0,0)	920388	920389	-1	0	0	0
210103	M0011_01	(0,10001401,0)*(0,10006203,0)*(0,10022403,1)*(0,10022403,1)*(0,10022403,1)*(0,10022403,1)*(0,10022403,1)*(0,10022403,1)*(0,10004803,1)	(0,10001401,0)*(0,10006203,0)*(0,10022403,1)*(0,10022403,1)*(0,10022403,1)*(0,10022403,1)*(0,10022403,1)*(0,10022403,1)*(0,10004803,1)	(0,0,0)	(0,0,0)	920390	920387	-1	0	0	0
210104	M0099_01	(0,10001401,0)*(0,10003703,1)	(0,10001401,0)*(0,10003703,1)	(0,0,0)	(0,0,0)	920395	920356	-1	0	0	0
210105	M0021_05	(0,10001401,0)*(0,10006103,0)*(0,10000604,1)*(0,10013302,1)*(0,10013302,1)*(0,10013302,1)*(0,10013302,1)*(0,10013302,1)	0	(0,0,0)	(0,0,0)	920399	920356	-1	0	0	0
210106	M0010_02	(0,10001401,0)*(0,10006103,0)*(0,10013002,1)*(0,10001803,1)*(0,10013003,1)*(0,10013002,1)*(0,10001603,1)*(3,10013004,1)*(3,10013004,1)	0	(0,0,0)	(0,0,0)	920400	920356	-1	0	1	0
210107	M0030_02	(0,10001401,0)*(0,10029703,0)*(0,10009803,0)*(0,10029903,0)*(0,10011602,0)*(0,10011602,0)*(0,10006103,0)*(5,10014503,0)*(9,10011504,0)*(0,10010003,1)*(0,10010103,1)*(0,10010103,1)*(0,10010103,1)*(0,10010202,1)*(0,10010202,1)*(0,10010202,1)*(0,10010302,1)*(0,10010302,1)*(0,10010302,1)*(3,10009904,1)	(0,10001401,0)*(0,10029703,0)*(0,10009803,0)*(0,10029903,0)*(0,10011602,0)*(0,10011602,0)*(0,10006103,0)*(5,10014503,0)*(9,10011504,0)*(0,10010003,1)*(0,10010103,1)*(0,10010103,1)*(0,10010103,1)*(0,10010202,1)*(0,10010202,1)*(0,10010202,1)*(0,10010302,1)*(0,10010302,1)*(0,10010302,1)*(3,10009904,1)	(0,0,0)	(0,0,0)	920401	920356	-1	GAME08	0	0
210108	M0023_05	(0,10001401,0)*(0,10005703,1)	(0,10001401,0)*(0,10005703,1)	(0,0,0)	(0,0,0)	920410	920411	-1	GAME08	1	0
210109	M0013_25	(0,10001401,0)*(0,50000303,1)*(0,50000303,1)*(0,50000303,1)	(0,10001401,0)*(0,50000303,1)*(0,50000303,1)*(0,50000303,1)	(0,0,0)	(0,0,0)	920412	920356	-1	0	0	0
210110	M0013_25	(0,10001401,0)*(0,10005703,0)*(0,10006103,0)*(0,10006504,1)*(0,50000303,1)*(0,50000303,1)*(0,50000303,1)*(0,50000303,1)	0	(0,0,0)	(0,0,0)	920420	920356	-1	0	0	0
210111	M0012_03	(0,10001401,0)*(0,36006807,1)	(0,10001401,0)*(0,36006807,1)	(0,0,0)	(0,0,0)	920422	920421	-1	0	0	0
210112	M0016_03	(0,10001401,0)*(0,10014203,1)	(0,10001401,0)*(0,10014203,1)	(0,0,0)	(0,0,0)	920425	920421	-1	0	0	0
234567	M0099_01	(0,10004503,0)*(0,10003803,0)*(0,10007403,0)*(0,10001103,1)	(0,10004503,0)*(0,10003803,0)*(0,10007403,0)*(0,10001103,1)	(0,0,0)	(0,0,0)	910083	910084	-1	0	0	0
300001	M0013_16	(0,10001401,0)*(0,10002201,1)*(0,10002301,1)*(0,10002401,1)*(0,10002501,1)	(0,10001401,0)*(0,10002201,1)*(0,10002301,1)*(0,10002401,1)*(0,10002501,1)	(0,0,0)	(0,0,0)	300009	300010	-1	0	0	0
400001	M0000_01	(0,10001401,0)*(0,91000206,1)	0	(0,0,0)	(0,0,0)	500045	500046	-1	0	0	0
400002	M0000_01	(0,10001401,0)*(0,91000206,1)	0	(0,0,0)	(0,0,0)	500045	500046	-1	0	0	0
400003	M0000_01	(0,10001401,0)*(0,36010801,1)*(0,36010801,1)*(0,36010801,1)*(0,36010801,1)*(0,36010801,1)	0	(0,0,0)	(0,0,0)	500047	500048	-1	0	0	0
400004	M0000_01	(0,10001401,0)*(0,36011101,1)*(0,36011001,1)*(0,36011001,1)*(0,36011001,1)*(0,36011001,1)	0	(0,0,0)	(0,0,0)	500053	500055	-1	0	0	0
600001	Develop_02	(0,10001401,0)*(0,10006602,0)*(0,10011101,1)	(0,10001401,0)*(0,10006602,0)*(0,10011101,1)	(0,0,0)	(0,0,0)	960001	960002	-1	0	0	0
600002	Develop_03	(0,10001401,0)*(0,10006602,0)*(0,10011101,1)	(0,10001401,0)*(0,10006602,0)*(0,10011101,1)	(0,0,0)	(0,0,0)	960003	960004	-1	0	0	0
600003	Develop_04	(0,10001401,0)*(0,10006602,0)*(0,10011101,1)	(0,10001401,0)*(0,10006602,0)*(0,10011101,1)	(0,0,0)	(0,0,0)	960005	960006	-1	0	0	0
700001	M0099_01	(0,10001401,0)*(0,91000207,1)	(0,10001401,0)*(0,91000207,1)	(1,30,0)*(0,0,0)	(0,0,0)	700003	700004	-1	0	0	0
700002	M0099_01	(0,10001401,0)*(0,10010403,1)*(0,10010603,1)	(0,10001401,0)*(0,10001104,0)*(0,10010403,1)*(0,10010603,1)	(1,8,0)*(0,0,0)	(0,0,0)	700005	700006	-1	0	0	0
700003	M0099_01	(0,10001401,0)*(0,10000703,0)*(0,10000803,0)*(0,10001103,1)*(0,10001003,1)*(0,10013002,1)*(0,10013002,1)*(0,10013002,1)*(0,10013002,1)	(0,10001401,0)*(0,10000703,0)*(0,10000803,0)*(0,10001103,1)*(0,10001003,1)*(0,10013002,1)*(0,10013002,1)*(0,10013002,1)*(0,10013002,1)	(0,0,0)	(0,0,0)	700007	700008	-1	0	0	0
700004	M0023_04	(0,10001401,0)*(0,10001107,0)*(0,10031005,1)*(0,91000102,1)*(0,91000102,1)*(0,91000102,1)*(0,91000102,1)*(0,91000102,1)	(0,10001401,0)*(0,10001106,0)*(0,10001004,1)*(0,91000102,1)*(0,91000102,1)*(0,91000102,1)*(0,91000102,1)*(0,91000102,1)	(0,0,0)	(0,0,0)	700009	700010	-1	0	0	0
700005	M0001_33	(0,10001401,0)*(0,10009103,0)*(0,10009205,1)*(0,10010202,1)*(0,10010302,1)*(0,10010301,1)*(0,10010201,1)	(0,10001401,0)*(0,10009103,0)*(0,10009203,1)*(0,10010202,1)*(0,10010302,1)*(0,10010301,1)*(0,10010201,1)	(0,0,0)	(0,0,0)	700013	700014	9	0	0	0
700006	M0031_02	(0,10001401,0)*(0,10003003,1)*(0,10003103,1)	(0,10001401,0)*(0,10003003,1)*(0,10003103,1)	(0,0,0)	(0,0,0)	700015	700016	-1	0	0	0
700007	M0004_04	(0,10001401,0)*(0,10003003,1)	(0,10001401,0)*(0,10003003,1)	(1,10,0)*(0,0,0)	(0,0,0)	700017	700018	-1	0	0	0
700008	M0099_01	(0,10001401,0)*(0,99002301,1)	(0,10001401,0)*(0,99002301,1)	(0,0,0)	(0,0,0)	700019	700020	-1	0	0	0
700009	M0099_01	(0,10001401,0)*(0,99002301,0)*(0,99002601,0)*(0,10013904,1)*(0,10014503,1)*(0,10014503,1)*(0,10014401,1)*(0,10014401,1)*(0,10014401,1)	(0,10001401,0)*(0,99002301,0)*(0,99002601,0)*(0,10013904,1)*(0,10014503,1)*(0,10014503,1)*(0,10014401,1)*(0,10014401,1)*(0,10014401,1)	(0,0,0)	(0,0,0)	700021	700022	-1	0	0	0
700010	M0099_01	(0,10001401,0)*(0,10001902,1)	(0,10001401,0)*(0,10001902,1)	(0,0,0)	(0,0,0)	700023	700024	-1	0	0	0
700011	M0099_01	(0,10001401,0)*(0,10005602,0)*(0,10006602,1)	(0,10001401,0)*(0,10005602,0)*(0,10006602,1)	(0,0,0)	(0,0,0)	700025	700026	-1	0	0	0
700012	M0099_01	(0,10001401,0)*(0,36008701,1)*(0,36008801,1)*(0,36008701,1)	(0,10001401,0)*(0,36008701,1)*(0,36008801,1)*(0,36008701,1)	(0,0,0)	(0,0,0)	700028	700028	-1	0	0	0
700013	M0099_01	(0,10001401,0)*(0,10009802,0)*(0,36011301,1)*(0,36011302,1)*(0,36011202,1)	(0,10001401,0)*(0,10009803,0)*(0,10010202,0)*(0,10010202,0)*(0,36011301,1)*(0,36011302,1)*(0,36011303,1)*(0,36011201,1)*(0,36011202,1)	(0,0,0)	(0,0,0)	700029	700030	-1	0	0	0
700014	M0099_01	(0,10001401,0)*(0,10009803,0)*(0,10010202,0)*(0,10010202,0)*(0,36011301,1)*(0,36011302,1)*(0,36011303,1)*(0,36011201,1)*(0,36011202,1)	(0,10001401,0)*(0,10009803,0)*(0,10010202,0)*(0,10010202,0)*(0,36011301,1)*(0,36011302,1)*(0,36011303,1)*(0,36011201,1)*(0,36011202,1)	(0,0,0)	(0,0,0)	700031	700032	-1	0	0	0
700015	M0004_04	(0,10001401,0)*(0,99008401,0)*(0,99008501,0)*(3,99008601,0)*(0,99009101,1)*(0,99009201,1)	(0,10001401,0)*(0,99008401,0)*(0,99008501,0)*(0,99008601,0)*(0,99009101,1)*(0,99009201,1)	(0,0,0)	(0,0,0)	700033	700034	16	0	0	0
700016	M0099_01	(0,10001401,0)*(0,10008103,0)*(0,10008903,0)*(0,10013006,1)*(0,10013006,1)*(0,10013006,1)*(0,10013006,1)*(0,10013006,1)*(0,10013003,1)*(0,10013003,1)*(0,10013003,1)	(0,10001401,0)*(0,10008103,0)*(0,10008903,0)*(0,10013006,1)*(0,10013006,1)*(0,10013006,1)*(0,10013006,1)*(0,10013006,1)*(0,10013003,1)*(0,10013003,1)*(0,10013003,1)	(0,0,0)	(0,0,0)	700035	700036	-1	0	0	0
700017	M0099_01	(0,10001401,0)*(0,10008202,0)*(0,10012904,1)*(0,10012804,1)*(0,10013006,1)*(0,10013006,1)*(0,10013006,1)*(0,10013006,1)*(0,10013006,1)	(0,10001401,0)*(0,10008202,0)*(0,10012904,1)*(0,10012804,1)*(0,10013006,1)*(0,10013006,1)*(0,10013006,1)*(0,10013006,1)*(0,10013006,1)	(0,0,0)	(0,0,0)	700037	700038	-1	0	0	0
765432	M0099_01	(0,10003803,0)*(0,10005802,0)*(0,10006801,0)*(0,10006801,0)*(0,10028001,0)*(0,10006702,1)*(0,10001103,1)*(0,10009602,1)*(0,10009702,1)*(0,10009702,1)	(0,10003803,0)*(0,10005802,0)*(0,10006801,0)*(0,10006801,0)*(0,10028001,0)*(0,10006702,1)*(0,10001103,1)*(0,10009602,1)*(0,10009702,1)*(0,10009702,1)	(0,0,0)	(0,0,0)	910083	910084	-1	0	0	0
791001	M0099_01	(0,10005803,0)*(0,10003303,1)	(0,10005803,0)*(0,10003303,1)	(0,0,0)	(0,0,0)	791001	791002	-1	0	0	0
791002	M0099_01	(0,10001401,0)*(0,10005803,0)*(0,10010404,1)*(0,91000102,1)*(0,91000102,1)*(0,91000102,1)*(0,91000102,1)	(0,10001401,0)*(0,10005803,0)*(0,10010404,1)*(0,91000102,1)*(0,91000102,1)*(0,91000102,1)*(0,91000102,1)	(0,0,0)	(0,0,0)	791003	791004	-1	0	0	0
791003	M0099_01	(0,10001401,0)*(0,10003303,0)*(0,10010404,1)*(0,91000102,1)*(0,91000102,1)*(0,91000102,1)*(0,91000102,1)	(0,10001401,0)*(0,10003303,0)*(0,10010404,1)*(0,91000102,1)*(0,91000102,1)*(0,91000102,1)*(0,91000102,1)	(0,0,0)	(0,0,0)	791005	791006	-1	0	0	0
791004	M0099_01	(0,10001401,0)*(0,10003303,0)*(0,10005803,0)*(0,10010404,1)*(0,91000102,1)*(0,91000102,1)*(0,91000102,1)*(0,91000102,1)*(0,91000102,1)*(0,91000102,1)	(0,10001401,0)*(0,10003303,0)*(0,10005803,0)*(0,10010404,1)*(0,91000102,1)*(0,91000102,1)*(0,91000102,1)*(0,91000102,1)*(0,91000102,1)*(0,91000102,1)	(0,0,0)	(0,0,0)	791007	791008	-1	0	0	0
791005	M0099_01	(0,10001401,0)*(0,10000703,0)*(0,10000803,0)*(0,10001103,1)*(0,10001003,1)*(0,10013002,1)*(0,10013002,1)*(0,10013002,1)*(0,10013002,1)	(0,10001401,0)*(0,10000703,0)*(0,10000803,0)*(0,10001103,1)*(0,10001003,1)*(0,10013002,1)*(0,10013002,1)*(0,10013002,1)*(0,10013002,1)	(0,0,0)	(0,0,0)	791009	791010	-1	0	0	0
791006	M0099_01	(0,10001401,0)*(0,10003503,0)*(0,10013002,1)*(0,10013002,1)*(0,10013002,1)*(0,10013002,1)*(0,10013002,1)*(0,10013002,1)*(0,10013002,1)*(0,10013002,1)	(0,10001401,0)*(0,10003503,0)*(0,10013002,1)*(0,10013002,1)*(0,10013002,1)*(0,10013002,1)*(0,10013002,1)*(0,10013002,1)*(0,10013002,1)*(0,10013002,1)	(0,0,0)	(0,0,0)	791011	791012	-1	0	0	0
791007	M0099_01	(0,10001401,0)*(0,91000206,1)	(0,10001401,0)*(0,91000206,1)	(0,0,0)	(0,0,0)	791013	791014	-1	0	0	0
791008	M0017_02	(0,10001401,0)*(0,10003404,1)	(0,10001401,0)*(0,10003404,1)	(1,3,0)*(0,0,0)	(0,0,0)	791015	791016	-1	0	0	0
791009	M0099_01	(0,10001401,0)*(0,10001504,0)*(0,10005803,0)*(0,10001804,1)*(0,91000102,1)*(0,91000102,1)*(0,91000102,1)*(0,91000102,1)*(0,91000102,1)*(0,91000102,1)	(0,10001401,0)*(0,10001504,0)*(0,10005803,0)*(0,10001804,1)*(0,91000102,1)*(0,91000102,1)*(0,91000102,1)*(0,91000102,1)*(0,91000102,1)*(0,91000102,1)	(0,0,0)	(0,0,0)	791017	791018	-1	0	0	0
791010	M0099_01	(0,10001401,0)*(0,10001504,0)*(0,10001804,1)*(0,91000102,1)*(0,91000102,1)*(0,91000102,1)*(0,91000102,1)*(0,91000102,1)*(0,91000102,1)	(0,10001401,0)*(0,10001504,0)*(0,10001804,1)*(0,91000102,1)*(0,91000102,1)*(0,91000102,1)*(0,91000102,1)*(0,91000102,1)*(0,91000102,1)	(0,0,0)	(0,0,0)	791019	791020	-1	0	0	0
791011	M0099_01	(0,10001401,0)*(0,10001504,0)*(0,10005803,0)*(0,10001804,1)*(0,91000102,1)*(0,91000102,1)*(0,91000102,1)*(0,91000102,1)*(0,91000102,1)*(0,91000102,1)	(0,10001401,0)*(0,10001504,0)*(0,10005803,0)*(0,10001804,1)*(0,91000102,1)*(0,91000102,1)*(0,91000102,1)*(0,91000102,1)*(0,91000102,1)*(0,91000102,1)	(0,0,0)	(0,0,0)	791021	791022	-1	0	0	0
791012	M0099_01	(0,10001401,0)*(0,10001504,0)*(0,10001804,1)*(0,91000102,1)*(0,91000102,1)*(0,91000102,1)*(0,91000102,1)*(0,91000102,1)*(0,91000102,1)	(0,10001401,0)*(0,10001504,0)*(0,10001804,1)*(0,91000102,1)*(0,91000102,1)*(0,91000102,1)*(0,91000102,1)*(0,91000102,1)*(0,91000102,1)	(0,0,0)	(0,0,0)	791023	791024	-1	0	0	0
791013	M0010_02	(0,10001401,0)*(0,10007203,0)*(0,10009403,1)*(0,10009502,1)*(0,10009502,1)*(0,10009502,1)*(0,10009502,1)*(0,10009502,1)*(0,10009502,1)*(0,10009502,1)	(0,10001401,0)*(0,10007203,0)*(0,10009403,1)*(0,10009502,1)*(0,10009502,1)*(0,10009502,1)*(0,10009502,1)*(0,10009502,1)*(0,10009502,1)*(0,10009502,1)	(0,0,0)	(0,0,0)	791025	791026	-1	0	0	0
791014	M0006_14	(0,10001401,0)*(0,91000401,1)*(0,91000401,1)*(0,91000401,1)	(0,10001401,0)*(0,91000401,1)*(0,91000401,1)*(0,91000401,1)	(0,0,0)	(0,0,0)	791027	791028	-1	0	0	0
791015	M0004_04	(0,10001401,0)*(0,99010001,1)	(0,10001401,0)*(0,99010001,1)	(0,0,0)	(0,0,0)	791029	791030	-1	0	0	0
791016	M0004_04	(0,10001401,0)*(0,99010001,1)	(0,10001401,0)*(0,99010001,1)	(0,0,0)	(0,0,0)	791031	791032	-1	0	0	0
791017	M0099_01	(0,10002903,0)*(0,99010601,1)	(0,10002903,0)*(0,99010601,1)	(0,0,0)	(0,0,0)	791033	791034	-1	0	0	0
791018	M0001_33	(0,10009403,0)*(0,10009204,0)*(0,10009103,0)*(0,10029903,1)*(0,10029703,1)*(0,10009803,1)	(0,10009403,0)*(0,10009204,0)*(0,10009103,0)*(0,10029903,1)*(0,10029703,1)*(0,10009803,1)	(0,0,0)	(0,0,0)	791035	791036	-1	0	0	0
791019	M0001_33	(0,10029903,0)*(0,10029703,0)*(0,10009803,0)*(0,10009403,1)*(0,10009204,1)*(0,10009103,1)	(0,10029903,0)*(0,10029703,0)*(0,10009803,0)*(0,10009403,1)*(0,10009204,1)*(0,10009103,1)	(0,0,0)	(0,0,0)	791036	791035	-1	0	0	0
791020	M0099_01	(0,10001401,0)*(0,10029902,0)*(0,99011601,1)	(0,10001401,0)*(0,10029902,0)*(0,99011601,1)	(0,0,0)	(0,0,0)	791037	791038	-1	0	0	0
800001	M0013_20	(0,10001401,0)*(0,10001602,1)	(0,10001401,0)*(0,10001602,1)	(1,5,0)	(0,0,0)	0	0	-1	0	0	0
800002	M0013_20	(0,10001401,0)*(0,10001602,1)	(0,10001401,0)*(0,10001602,1)	(0,0,0)	(0,0,0)	100001	100051	-1	0	0	0
800003	M0013_20	(0,10001401,0)*(0,10001602,1)	(0,10001401,0)*(0,10001602,1)	(0,0,0)	(0,0,0)	0	0	-1	0	0	0
800004	M0013_18	(0,10001401,0)*(0,10007202,1)*(0,10008502,1)	(0,10001401,0)*(0,10007202,1)*(0,10008502,1)	(0,0,0)	(0,0,0)	0	0	-1	0	0	0
800006	M0013_22	(0,10001401,0)*(0,10011101,1)*(0,10011102,1)	(0,10001401,0)*(0,10011101,1)*(0,10011102,1)	(0,0,0)	(0,0,0)	100206	100207	-1	0	0	0
800007	M0028_01	(0,10001401,0)*(0,10003602,1)	(0,10001401,0)*(0,10003602,1)	(0,0,0)	(0,0,0)	0	0	-1	0	0	0
800008	M0013_23	(0,10001401,0)*(0,10003502,1)	(0,10001401,0)*(0,10003502,1)	(0,0,0)	(0,0,0)	0	0	-1	0	0	0
800009	M0013_23	(0,10001401,0)*(0,10003702,1)	(0,10001401,0)*(0,10003702,1)	(0,0,0)	(0,0,0)	0	0	-1	0	0	0
800010	M0013_23	(0,10001401,0)*(0,10004302,1)	(0,10001401,0)*(0,10004302,1)	(0,0,0)	(0,0,0)	0	0	-1	0	0	0
800011	M0013_23	(0,10001401,0)*(0,10005402,1)	(0,10001401,0)*(0,10005402,1)	(0,0,0)	(0,0,0)	0	0	-1	0	0	0
800012	M0013_23	(0,10001401,0)*(0,10005502,1)	(0,10001401,0)*(0,10005502,1)	(0,0,0)	(0,0,0)	0	0	-1	0	0	0
800013	M0013_23	(0,10001401,0)*(0,10005602,1)	(0,10001401,0)*(0,10005602,1)	(0,0,0)	(0,0,0)	0	0	-1	0	0	0
800014	M0013_23	(0,10001401,0)*(0,10005902,1)	(0,10001401,0)*(0,10005902,1)	(0,0,0)	(0,0,0)	0	0	-1	0	0	0
800015	M0013_18	(0,10001401,0)*(0,10006002,1)	(0,10001401,0)*(0,10006002,1)	(0,0,0)	(0,0,0)	0	0	-1	0	0	0
800016	M0013_18	(0,10001401,0)*(0,10007202,1)	(0,10001401,0)*(0,10007202,1)	(0,0,0)	(0,0,0)	0	0	-1	0	0	0
800017	M0013_23	(0,10001401,0)*(0,10007502,1)	(0,10001401,0)*(0,10007502,1)	(0,0,0)	(0,0,0)	0	0	-1	0	0	0
800018	M0013_18	(0,10001401,0)*(0,10008202,1)	(0,10001401,0)*(0,10008202,1)	(0,0,0)	(0,0,0)	0	0	-1	0	0	0
800019	M0013_18	(0,10001401,0)*(0,10008502,1)	(0,10001401,0)*(0,10008502,1)	(0,0,0)	(0,0,0)	0	0	-1	0	0	0
800020	M0013_23	(0,10001401,0)*(0,10009102,1)	(0,10001401,0)*(0,10009102,1)	(0,0,0)	(0,0,0)	0	0	-1	0	0	0
800021	M0013_23	(0,10001401,0)*(0,10009202,1)	(0,10001401,0)*(0,10009202,1)	(0,0,0)	(0,0,0)	0	0	-1	0	0	0
800022	M0013_22	(0,10001401,0)*(0,10009402,1)	(0,10001401,0)*(0,10009402,1)	(0,0,0)	(0,0,0)	0	0	-1	0	0	0
800023	M0013_23	(0,10001401,0)*(0,10009602,1)	(0,10001401,0)*(0,10009602,1)	(0,0,0)	(0,0,0)	0	0	-1	0	0	0
800024	M0013_23	(0,10001401,0)*(0,10009802,1)	(0,10001401,0)*(0,10009802,1)	(0,0,0)	(0,0,0)	0	0	-1	0	0	0
800025	M0013_23	(0,10001401,0)*(0,10029902,1)	(0,10001401,0)*(0,10029902,1)	(0,0,0)	(0,0,0)	500060	500060	-1	0	0	0
800026	M0013_23	(0,10001401,0)*(0,10006503,1)	(0,10001401,0)*(0,10006503,1)	(0,0,0)	(0,0,0)	500060	500060	-1	0	0	0
800027	M0013_23	(0,10001401,0)*(0,10006602,1)	(0,10001401,0)*(0,10006602,1)	(0,0,0)	(0,0,0)	0	0	-1	0	0	0
800028	M0013_23	(0,10001401,0)*(0,10005702,1)	(0,10001401,0)*(0,10005702,1)	(0,0,0)	(0,0,0)	0	0	-1	0	0	0
800029	M0013_23	(0,10001401,0)*(0,10006202,1)	(0,10001401,0)*(0,10006202,1)	(0,0,0)	(0,0,0)	0	0	-1	0	0	0
800030	M0013_23	(0,10001401,0)*(0,10007803,1)	(0,10001401,0)*(0,10007803,1)	(0,0,0)	(0,0,0)	0	0	-1	0	0	0
800031	M0013_23	(0,10001401,0)*(0,10008102,1)	(0,10001401,0)*(0,10008102,1)	(0,0,0)	(0,0,0)	0	0	-1	0	0	0
800032	M0013_23	(0,10001401,0)*(0,10008902,1)	(0,10001401,0)*(0,10008902,1)	(0,0,0)	(0,0,0)	0	0	-1	0	0	0
850001	M0018_04	(0,10001401,0)*(0,10012403,1)*(0,10012403,1)*(0,10012403,1)*(0,10012403,1)*(0,10012403,1)	0	(0,0,0)	(0,0,0)	0	0	-1	0	0	0
850002	M0001_20	(0,10001401,0)*(0,10007302,1)	(0,10001401,0)*(0,10007302,1)	(0,0,0)	(0,0,0)	0	0	-1	0	0	0
850003	M0004_04	(0,10001401,0)*(0,10001503,1)	(0,10001401,0)*(0,10001503,1)	(0,0,0)	(0,0,0)	0	0	-1	0	0	0
850004	M0004_04	(0,10001401,0)*(0,10001603,1)	(0,10001401,0)*(0,10001603,1)	(0,0,0)	(0,0,0)	0	0	-1	0	0	0
850005	M0004_04	(0,10001401,0)*(0,10001704,1)	(0,10001401,0)*(0,10001704,1)	(1,10,0)	(0,0,0)	0	0	-1	0	0	0
850006	M0004_04	(0,10001401,0)*(0,10001902,1)	(0,10001401,0)*(0,10001902,1)	(1,10,0)	(0,0,0)	0	0	-1	0	0	0
850011	M0031_01	(0,10001401,0)*(0,10002603,1)	(0,10001401,0)*(0,10002603,1)	(1,10,0)	(0,0,0)	0	0	-1	0	0	0
850012	M0031_01	(0,10001401,0)*(0,10002703,1)	(0,10001401,0)*(0,10002703,1)	(1,10,0)	(0,0,0)	0	0	-1	0	0	0
850013	M0031_01	(0,10001401,0)*(0,10002803,1)	(0,10001401,0)*(0,10002803,1)	(1,10,0)	(0,0,0)	0	0	-1	0	0	0
850014	M0031_01	(0,10001401,0)*(0,10002903,1)	(0,10001401,0)*(0,10002903,1)	(1,10,0)	(0,0,0)	0	0	-1	0	0	0
850015	M0031_01	(0,10001401,0)*(0,10003003,1)	(0,10001401,0)*(0,10003003,1)	(1,10,0)	(0,0,0)	0	0	-1	0	0	0
850016	M0031_01	(0,10001401,0)*(0,10003103,1)	(0,10001401,0)*(0,10003103,1)	(1,10,0)	(0,0,0)	0	0	-1	0	0	0
850017	M0031_01	(0,10001401,0)*(0,10041903,1)	(0,10001401,0)*(0,10041903,1)	(1,10,0)*(0,0,0)	(0,0,0)	0	0	-1	0	0	0
850021	M0020_08	(0,10001401,0)*(0,10013003,1)	(0,10001401,0)*(0,10013003,1)	(1,10,0)*(0,0,0)	(0,0,0)	0	0	-1	0	0	0
900001	M0001_09	(0,10001401,0)*(0,10010802,1)	(0,10001401,0)*(0,10010802,1)	(0,0,0)	(0,0,0)	990001	990002	9	0	1	0
900002	M0001_09	(0,10001401,0)*(0,10010702,1)	(0,10001401,0)*(0,10010702,1)	(0,0,0)	(0,0,0)	990003	990004	9	0	1	0
900003	M0001_09	(0,10001401,0)*(0,10002501,1)*(0,10002502,1)*(0,10002503,1)*(0,10002504,1)*(0,10002505,1)	(0,10001401,0)*(0,10002501,1)*(0,10002502,1)*(0,10002503,1)*(0,10002504,1)*(0,10002505,1)	(0,0,0)	(0,0,0)	990005	990006	9	0	1	0
900004	M0001_09	(0,10001401,0)*(0,10007203,1)	(0,10001401,0)*(0,10007203,1)	(0,0,0)	(0,0,0)	990007	990008	9	0	1	0
900005	M0001_09	(0,10001401,0)*(0,10008503,1)	(0,10001401,0)*(0,10008503,1)	(0,0,0)	(0,0,0)	990009	990010	9	0	1	0
900006	M0001_09	(0,10001401,0)*(0,10006603,1)	(0,10001401,0)*(0,10006603,1)	(0,0,0)	(0,0,0)	990011	990012	9	0	1	0
900007	M0001_09	(0,10001401,0)*(0,10003003,1)	(0,10001401,0)*(0,10003003,1)	(0,0,0)	(0,0,0)	990013	990014	9	0	1	0
900008	M0001_09	(0,10001401,0)*(0,10008103,1)*(0,10012903,2)*(0,10002703,3)*(0,10008003,4)	(0,10001401,0)*(0,10008103,1)*(0,10012903,2)*(0,10002703,3)*(0,10008003,4)	(0,0,0)	(0,0,0)	990015	990016	9	0	1	0
900011	M0013_24	(0,10001401,0)*(0,10003703,0)*(0,10007203,0)*(0,10029903,0)*(0,10010003,1)*(0,10009803,1)*(0,10010103,1)*(0,10010202,1)*(0,10010203,1)*(4,10009903,1)	(0,10001401,0)*(0,10003703,0)*(0,10007203,0)*(0,10029903,0)*(0,10010003,1)*(0,10009803,1)*(0,10010103,1)*(0,10010202,1)*(0,10010203,1)*(4,10009903,1)	(0,0,0)	(0,0,0)	990018	990017	9	0	0	0
900012	M0007_06	(0,10001401,0)*(0,10008503,0)*(0,10008903,0)*(0,10029703,0)*(4,10003803,1)*(0,10003603,1)*(0,10003703,1)*(0,10004002,1)*(0,10004102,1)*(0,10004202,1)*(0,10004202,1)	(0,10001401,0)*(0,10008503,0)*(0,10008903,0)*(0,10029703,0)*(4,10003803,1)*(0,10003603,1)*(0,10003703,1)*(0,10004002,1)*(0,10004102,1)*(0,10004202,1)*(0,10004202,1)	(0,0,0)	(0,0,0)	990019	990017	9	0	0	0
900013	M0018_03	(0,10001401,0)*(0,10003603,0)*(0,10007503,0)*(4,10012203,1)*(3,10012303,1)*(0,10029903,1)*(0,10012402,1)*(0,10012402,1)*(0,10012402,1)*(0,10012402,1)	(0,10001401,0)*(0,10003603,0)*(0,10007503,0)*(4,10012203,1)*(3,10012303,1)*(0,10029903,1)*(0,10012402,1)*(0,10012402,1)*(0,10012402,1)*(0,10012402,1)	(0,0,0)	(0,0,0)	990020	990017	9	0	0	0
900014	M0010_03	(0,10001401,0)*(0,10004303,0)*(0,10006603,0)*(3,10009303,1)*(0,10009403,1)*(0,10009502,1)*(0,10009502,1)*(2,10007703,1)*(0,10007803,1)	(0,10001401,0)*(0,10004303,0)*(0,10006603,0)*(3,10009303,1)*(5,10009403,1)*(0,10009502,1)*(0,10009502,1)*(0,10007703,1)*(0,10007803,1)	(0,0,0)	(0,0,0)	990021	990017	9	0	0	0
900015	M0008_01	(0,10001401,0)*(0,10008103,0)*(0,10008202,0)*(0,10014103,1)*(0,10014202,1)*(0,10006603,1)*(0,10014202,1)*(3,10029703,1)*(0,10014202,1)	(0,10001401,0)*(0,10008103,0)*(0,10008202,0)*(0,10014103,1)*(0,10014202,1)*(0,10006603,1)*(0,10014202,1)*(3,10029703,1)*(0,10014202,1)	(0,0,0)	(0,0,0)	990022	990017	9	0	0	0
900016	M0031_01	(0,10001401,0)*(0,10005902,0)*(0,10005502,0)*(4,10013504,0)*(0,10002603,1)*(0,10002703,1)*(0,10002803,1)*(3,10003103,1)*(3,10003003,1)*(5,10002903,1)*(5,10041903,1)	(0,10001401,0)*(0,10005902,0)*(0,10005502,0)*(4,10013504,0)*(0,10002603,1)*(0,10002703,1)*(0,10002803,1)*(3,10003103,1)*(3,10003003,1)*(5,10002903,1)*(5,10041903,1)	(0,0,0)	(0,0,0)	990023	990017	9	0	0	0
900017	M0016_02	(0,10001401,0)*(0,10009803,0)*(0,10002103,0)*(3,10007103,1)*(3,10008403,1)*(0,10007203,1)*(0,10008503,1)*(0,10008602,1)*(0,10007302,1)*(0,10008602,1)*(0,10007302,1)	(0,10001401,0)*(0,10009803,0)*(0,10002103,0)*(3,10007103,1)*(3,10008403,1)*(0,10007203,1)*(0,10008503,1)*(0,10008602,1)*(0,10007302,1)*(0,10008602,1)*(0,10007302,1)	(0,0,0)	(0,0,0)	990024	990017	9	0	0	0
900018	M0009_04	(0,10001401,0)*(0,10007803,0)*(0,10005603,0)*(0,10010702,1)*(0,10010802,1)*(0,10011203,1)*(0,10011303,1)*(0,10011103,1)*(0,10011103,1)*(4,10010903,1)*(4,10011003,1)	(0,10001401,0)*(0,10007803,0)*(0,10005603,0)*(0,10010702,1)*(0,10010802,1)*(0,10011203,1)*(0,10011303,1)*(0,10011103,1)*(0,10011103,1)*(4,10010903,1)*(4,10011003,1)	(0,0,0)	(0,0,0)	990025	990017	9	0	0	0
900019	M0001_25	(0,10001401,0)*(0,10005703,0)*(0,10001902,0)*(5,10007403,1)*(0,10007503,1)*(3,10008803,1)*(0,10008903,1)*(0,10009002,1)*(0,10009002,1)	(0,10001401,0)*(0,10005703,0)*(0,10001902,0)*(5,10007403,1)*(0,10007503,1)*(3,10008803,1)*(0,10008903,1)*(0,10009002,1)*(0,10009002,1)	(0,0,0)	(0,0,0)	990026	990017	9	0	0	0
900020	M0021_05	(0,10001401,0)*(0,10002603,0)*(0,10041903,0)*(3,10000604,1)*(2,10005403,1)*(0,10013302,1)*(0,10013302,1)*(0,10013302,1)*(0,10013302,1)	(0,10001401,0)*(0,10002603,0)*(0,10041903,0)*(3,10000604,1)*(2,10005403,1)*(0,10013302,1)*(0,10013302,1)*(0,10013302,1)*(0,10013302,1)	(0,0,0)	(0,0,0)	990027	990017	9	0	0	0
900021	M0028_03	(0,10001401,0)*(0,10002703,0)*(0,10002903,0)*(0,10003003,0)*(0,10003103,0)*(0,10011602,1)*(0,10011602,1)*(0,10011602,1)*(0,10011602,1)*(0,10011602,1)*(0,10014503,1)	(0,10001401,0)*(0,10002703,0)*(0,10002903,0)*(0,10003003,0)*(0,10003103,0)*(0,10011602,1)*(0,10011602,1)*(0,10011602,1)*(0,10011602,1)*(0,10011602,1)*(0,10014503,1)	(0,0,0)	(0,0,0)	990028	990017	9	0	1	0
900022	M0022_02	(0,10001401,0)*(0,10005803,0)*(0,10003303,0)*(3,10009103,1)*(5,10011803,1)*(0,10011903,1)*(0,10012003,1)*(0,10012102,1)*(0,11001002,1)	(0,10001401,0)*(0,10005803,0)*(0,10003303,0)*(3,10009103,1)*(5,10011803,1)*(0,10011903,1)*(0,10012003,1)*(0,10012102,1)*(0,11001002,1)	(0,0,0)	(0,0,0)	990029	990017	9	0	0	0
900023	M0019_24	(0,10001401,0)*(0,10003502,0)*(0,10002803,0)*(3,10008003,1)*(0,10008103,1)*(0,10008202,1)*(0,10008302,1)*(0,10008302,1)	(0,10001401,0)*(0,10003502,0)*(0,10002803,0)*(3,10008003,1)*(0,10008103,1)*(0,10008202,1)*(0,10008302,1)*(0,10008302,1)	(0,0,0)	(0,0,0)	990030	990017	9	0	0	0
900024	M0006_08	(0,10001401,0)*(0,10009103,0)*(0,10009203,0)*(0,10009403,0)*(0,10004303,1)*(5,10004403,1)*(3,10004503,1)*(0,10004603,1)*(0,10004703,1)*(0,10005102,1)*(0,10005202,1)*(0,10005302,1)	(0,10001401,0)*(0,10009103,0)*(0,10009203,0)*(0,10009403,0)*(0,10004303,1)*(5,10004403,1)*(3,10004503,1)*(0,10004603,1)*(0,10004703,1)*(0,10005102,1)*(0,10005202,1)*(0,10005302,1)	(0,0,0)	(0,0,0)	990031	990017	9	0	0	0
900031	M0001_27	(0,10001602,0)*(0,10009402,1)	(0,10001602,0)*(0,10009402,1)	(0,0,0)	(0,0,0)	990032	990033	9	0	0	0
900032	M0001_27	(0,10001602,1)*(0,10009402,0)	(0,10001602,1)*(0,10009402,0)	(0,0,0)	(0,0,0)	990034	990035	-1	0	0	0
999906	M0099_01	(0,10006902,0)*(1,10010403,0)*(1,10010503,0)*(2,10010603,0)*(3,10011504,0)*(4,10011602,0)*(5,10011701,0)*(6,10011803,0)*(7,10012502,0)*(8,10013301,0)*(9,10014401,0)*(10,10014503,0)*(11,10029702,0)*(0,10001704,1)	(0,10006902,0)*(1,10010403,0)*(1,10010503,0)*(2,10010603,0)*(3,10011504,0)*(4,10011602,0)*(5,10011701,0)*(6,10011803,0)*(7,10012502,0)*(8,10013301,0)*(9,10014401,0)*(10,10014503,0)*(11,10029702,0)*(0,10001704,1)	(0,0,0)	(0,0,0)	0	0	-1	0	0	0
999907	M0099_01	(0,10000204,0)*(2,10002102,0)*(3,10002703,0)*(4,10002803,0)*(5,10002903,0)*(6,10003404,0)*(7,10005001,0)*(8,10005502,0)*(9,10006902,0)*(10,10010403,0)*(11,10010503,0)*(12,10010603,0)*(13,10011504,0)*(14,10011602,0)*(15,10011701,0)*(16,10011803,0)*(17,10012502,0)*(18,10013301,0)*(19,10014401,0)*(20,10014503,0)*(21,10029702,0)*(0,10001704,1)	(0,10000204,0)*(2,10002102,0)*(3,10002703,0)*(4,10002803,0)*(5,10002903,0)*(6,10003404,0)*(7,10005001,0)*(8,10005502,0)*(9,10006902,0)*(10,10010403,0)*(11,10010503,0)*(12,10010603,0)*(13,10011504,0)*(14,10011602,0)*(15,10011701,0)*(16,10011803,0)*(17,10012502,0)*(18,10013301,0)*(19,10014401,0)*(20,10014503,0)*(21,10029702,0)*(0,10001704,1)	(0,0,0)	(0,0,0)	0	0	-1	0	0	0
999908	M0099_01	(0,10041903,0)*(0,50000303,0)*(0,30012901,0)*(0,10001704,1)	(0,10041903,0)*(0,50000303,0)*(0,30012901,0)*(0,10001704,1)	(0,0,0)	(0,0,0)	0	0	-1	0	0	0
999909	M0026_01	(0,10005502,0)*(0,50000103,0)*(0,50000203,0)*(0,50000303,0)*(0,10003803,1)	(0,10005502,0)*(0,50000103,0)*(0,50000203,0)*(0,50000303,0)*(0,10003803,1)	(0,0,0)	(0,0,0)	0	0	-1	0	0	0