#iRID	sRewardData
100000	(6,100015,15,200005)
100001	(6,100016,15,200005)
100002	(6,100021,15,200005)
100003	(6,100035,15,200005)
100004	(6,100036,15,200005)
100005	(6,100037,15,200005)
100006	(6,100043,15,200005)
100007	(6,100054,15,200005)
100008	(6,100055,15,200005)
100009	(6,100056,15,200005)
100010	(6,100057,15,200005)
100011	(6,100058,15,200005)
100012	(6,100059,15,200005)
100013	(6,100060,15,200005)
100014	(6,100061,15,200005)
100015	(6,100065,15,200005)
100016	(6,100066,15,200005)
100017	(6,100072,15,200005)
100018	(6,100075,15,200005)
100019	(6,100078,15,200005)
100020	(6,100081,15,200005)
100021	(6,100082,15,200005)
100022	(6,100085,15,200005)
100023	(6,100089,15,200005)
100024	(6,100091,15,200005)
100025	(6,100092,15,200005)
100026	(6,100094,15,200005)
100027	(6,100096,15,200005)
100028	(6,100098,15,200005)
100029	(6,100297,15,200005)
100030	(6,100299,15,200005)
100031	(6,100307,15,200005)
100032	(6,100308,15,200005)
100033	(6,100418,15,200005)
100034	(6,100134,15,200005)
100035	(6,100135,15,200005)
100051	(6,100021,3,200005)
100101	(6,100021,-5,200064)*(4,8,5,200046)
100201	(20,1015101,0,0)
100202	(20,1011101,0,0)
100203	(6,100037,5,200005)*(5,5,5,200045)
100204	(6,100043,3,200005)*(1,4,5,200015)
100205	(20,1045101,0,0)
100206	(20,1085201,0,0)
100207	(20,1085301,0,0)
100208	(6,100016,-1,200064)
100209	(6,100036,-1,200064)
100210	(6,100035,-1,200064)
100211	(20,1261601,0,0)
100212	(6,100037,-1,200064)
100213	(6,100043,-1,200064)
100214	(6,100054,-1,200064)
100215	(6,100055,-1,200064)
100216	(6,100056,-1,200064)
100217	(6,100059,-1,200064)
100218	(6,100060,-1,200064)
100219	(6,100072,-1,200064)*(6,100085,5,200005)
100220	(6,100075,-1,200064)
100221	(6,100082,-1,200064)
100222	(6,100085,-1,200064)*(6,100072,5,200005)
100223	(6,100091,-1,200064)
100224	(6,100092,-1,200064)
100225	(6,100094,-1,200064)
100226	(20,1185101,0,0)
100227	(6,100096,-1,200064)
100228	(6,100098,-1,200064)
100229	(6,100299,-1,200064)
100230	(6,100065,-1,200064)
100231	(6,100066,-1,200064)
100232	(6,100057,-1,200064)
100233	(6,100061,-1,200064)
100234	(6,100078,-1,200064)
100235	(6,100081,-1,200064)
100236	(6,100089,-1,200064)
100251	(6,100035,3,200005)
100252	(6,100054,3,200005)
100253	(6,100055,3,200005)
100254	(6,100060,3,200005)
100255	(6,100082,3,200005)
100256	(6,100098,3,200005)
160001	(4,6,2,200086)
160101	(4,8,2,200046)*(19,10801,0,200069)
160102	(4,8,2,200046)*(19,10802,0,200069)
160103	(4,8,2,200046)*(19,10803,0,200069)
160104	(4,8,2,200046)*(19,10804,0,200069)
160105	(4,8,2,200046)*(19,10805,0,200069)
160106	(4,8,2,200046)*(19,10806,0,200069)
160107	(4,8,2,200046)*(19,10807,0,200069)
160108	(4,8,2,200046)*(19,10808,0,200069)
160109	(4,8,2,200046)*(19,10809,0,200069)
160110	(4,8,2,200046)*(19,10810,0,200069)
160111	(4,8,2,200046)*(19,10811,0,200069)
160112	(4,8,2,200046)*(19,10812,0,200069)
160113	(4,8,2,200046)*(19,10813,0,200069)
160114	(4,8,2,200046)*(19,10814,0,200069)
160115	(4,8,2,200046)*(19,10815,0,200069)
160121	(5,8,2,200047)*(19,11702,0,200069)
160122	(5,8,2,200047)*(19,11703,0,200069)
160123	(5,8,2,200047)*(19,11704,0,200069)
160124	(5,8,2,200047)*(19,11705,0,200069)
160125	(5,8,2,200047)*(19,11706,0,200069)
160126	(5,8,2,200047)*(19,11707,0,200069)
160127	(5,8,2,200047)*(19,11708,0,200069)
160128	(5,8,2,200047)*(19,11709,0,200069)
160129	(5,8,2,200047)*(19,11710,0,200069)
160130	(5,8,2,200047)*(19,11711,0,200069)
160131	(5,8,2,200047)*(19,11712,0,200069)
160132	(5,8,2,200047)*(19,11713,0,200069)
160133	(5,8,2,200047)*(19,11714,0,200069)
160134	(5,8,2,200047)*(19,11715,0,200069)
160135	(5,8,2,200047)*(19,11716,0,200069)
160136	(5,8,2,200047)*(19,11717,0,200069)
160137	(5,8,2,200047)*(19,11718,0,200069)
160138	(5,8,2,200047)*(19,11719,0,200069)
160141	(5,6,2,200086)*(19,11502,0,200069)
160142	(5,6,2,200086)*(19,11503,0,200069)
160143	(5,6,2,200086)*(19,11504,0,200069)
160144	(5,6,2,200086)*(19,11505,0,200069)
160145	(5,6,2,200086)*(19,11506,0,200069)
160146	(5,6,2,200086)*(19,11507,0,200069)
160147	(5,6,2,200086)*(19,11508,0,200069)
160148	(5,6,2,200086)*(19,11509,0,200069)
160149	(5,6,2,200086)*(19,11510,0,200069)
160150	(5,6,2,200086)*(19,11511,0,200069)
160151	(5,6,2,200086)*(19,11512,0,200069)
160152	(5,6,2,200086)*(19,11513,0,200069)
160153	(5,6,2,200086)*(19,11514,0,200069)
160154	(5,6,2,200086)*(19,11515,0,200069)
160155	(5,6,2,200086)*(19,11516,0,200069)
160156	(5,6,2,200086)*(19,11517,0,200069)
160157	(5,6,2,200086)*(19,11518,0,200069)
160158	(5,6,2,200086)*(19,11519,0,200069)
160159	(5,6,2,200086)*(19,11520,0,200069)
160160	(5,6,2,200086)*(19,11521,0,200069)
160161	(5,6,2,200086)*(19,11522,0,200069)
212001	(20,20341011,0,0)
212002	(20,20341010,0,0)
212003	(20,20341009,0,0)
212004	(20,20341008,0,0)
212005	(20,20341007,0,0)
212006	(20,20341006,0,0)
212007	(20,20341005,0,0)
212008	(20,20341004,0,0)
212009	(20,20341003,0,0)
212010	(20,20341002,0,0)
212011	(20,21200011,0,0)
212012	(20,21200012,0,0)
212013	(20,21200013,0,0)
212014	(20,21200014,0,0)
212015	(20,21200015,0,0)
212016	(20,21200016,0,0)
212017	(20,21200017,0,0)
212018	(20,21200018,0,0)
212019	(20,21200019,0,0)
212020	(7,660007,1,200054)
212021	(7,690012,1,200054)
212022	(7,920007,1,200054)
212023	(7,920006,1,200054)
212024	(7,680003,1,200054)
212025	(38,4,0,911137)*(31,0,140,0)
212026	(20,21200024,0,0)
212027	(20,21200126,0,0)
212028	(20,21200025,0,0)
212029	(20,21200028,0,0)
212030	(20,21200029,0,0)
212031	(7,690004,1,200054)
212032	(21,0,4011011,0)
215001	(7,680001,1,200054)
215002	(31,0,159,0)
215003	(20,21500206,0,0)
215004	(20,21500208,0,0)*(18,50002,0,200091)
215005	(20,21500002,0,0)
215006	(14,0,50000,200067)*(7,680001,1,200054)*(6,100096,30,200005)
215007	(31,0,159,0)
215008	(20,21500103,0,0)
215009	(20,21500104,0,0)
215010	(7,680004,1,200054)*(6,100058,20,200005)*(6,100096,-50,200064)
215011	(20,21500004,0,0)
215012	(20,21500006,0,0)
250001	(7,230004,1,200054)
250001	(7,230004,1,200054)
250002	(7,200337,1,200054)
250002	(7,200337,1,200054)
300001	(7,990048,1,200054)
300002	(14,0,1000,200067)
300003	(20,21300013,0,0)
300004	(7,231007,1,200054)
300005	(7,990047,1,200054)
300006	(7,990049,1,200054)
300007	(7,990026,1,200054)
300008	(7,100365,1,200054)
300009	(20,21300005,0,0)
300010	(20,21300009,0,0)
300011	(20,21300017,0,0)
300012	(31,0,72,0)
300021	(1,4,3,200015)
300022	(19,10807,0,200069)
300023	(7,990066,5,200054)*(1,2,5,200013)
300024	(1,2,-5,200055)
300025	(1,2,-20,200055)
300026	(20,130122001,0,0)
300027	(7,670001,1,200054)
300028	(7,100501,1,200054)
300029	(7,990029,1,200054)
300030	(7,990111,1,200054)
300031	(7,990067,1,200054)
300032	(7,990068,1,200054)
300033	(4,8,10,200046)*(19,10808,0,200084)
300041	(7,990101,1,200054)
300042	(7,990102,1,200054)
300043	(7,990103,1,200054)
300044	(7,990104,1,200054)
300045	(7,990105,1,200054)
300046	(7,990106,1,200054)
300047	(7,990107,1,200054)
300048	(7,990108,1,200054)
300049	(7,600305,1,200054)
300050	(7,990019,1,200054)*(7,990020,1,200054)*(7,990021,1,200054)*(7,990022,1,200054)*(7,990023,1,200054)*(7,990024,1,200054)
300051	(7,990037,1,200054)
300052	(7,300010,1,200054)
300053	(7,300010,2,200054)
300054	(7,300010,3,200054)
300055	(7,300010,4,200054)
300056	(7,300010,5,200054)
300057	(7,100372,1,200054)*(7,990019,-1,200070)*(7,990020,-1,200070)*(7,990021,-1,200070)*(7,990022,-1,200070)*(7,990023,-1,200070)*(7,990024,-1,200070)
300058	(7,231007,6,200054)
300059	(7,220102,1,200054)
300060	(7,100607,1,200054)
300061	(7,300007,1,200054)*(6,100058,5,200005)
300062	(7,990069,1,200054)
300063	(7,100710,1,200054)*(6,100058,5,200005)
300064	(7,990070,1,200054)
300065	(1,2,-5,200055)
300066	(7,660014,1,200054)*(7,100366,1,200054)
300067	(7,300008,3,200054)
300068	(20,130413001,0,0)
300069	(19,10603,0,200069)*(6,100059,10,200005)*(7,930002,5,200054)*(18,21307,0,200091)
300070	(20,21300005,0,0)
300071	(20,21300005,0,0)
300081	(20,21300014,0,0)
300501	(20,131001003,0,0)
300502	(20,131001008,0,0)
300503	(5,0,50,0)*(5,1,50,0)*(5,4,50,0)*(5,5,50,0)
310001	(7,300014,1,200054)
310002	(7,210002,1,200054)*(19,11605,0,200069)
310003	(7,600202,1,200054)
310004	(7,220452,1,200054)
400001	(4,8,3,200046)
400002	(4,8,3,200046)
400003	(4,8,5,200046)*(19,10816,0,200069)
400004	(4,8,3,200046)*(7,100416,3,200054)*(19,10817,0,200069)
400005	(7,990058,1,200054)
400006	(14,0,1200,200067)
400007	(6,100085,5,200005)
400008	(7,200348,1,200054)
400009	(7,990032,1,200054)
400010	(7,990034,1,200054)
400011	(7,990059,1,200054)
400012	(7,990060,1,200054)
400013	(7,990061,1,200054)
400014	(7,220346,1,200054)
400015	(7,990033,1,200054)
400016	(7,300014,1,200054)
400017	(7,300013,1,200054)*(7,100170,5,200054)
400018	(20,21900005,0,0)
400019	(20,21900006,0,0)
400020	(20,21900007,0,0)
400021	(7,990062,1,200054)
400051	(20,190201001,0,0)
400052	(20,190202001,0,0)
410001	(6,100134,5,200005)
410002	(6,100134,5,200005)*(19,10812,0,200069)
410003	(6,100299,5,200005)
410004	(7,100416,1,200054)
500001	(20,21800008,0,0)
500002	(20,21800020,0,0)
500003	(20,21800022,0,0)
500004	(20,21800023,0,0)
500005	(37,0,0,0)
500006	(38,0,0,911133)
500007	(38,1,0,911134)
500008	(38,2,0,911135)
500009	(38,3,0,911136)
500010	(38,4,0,911137)
500011	(38,5,0,911138)
500012	(38,6,0,911139)
500013	(35,91,0,0)
500014	(18,60002,0,0)
500015	(18,60003,0,0)
500016	(18,60004,0,0)
500017	(18,60005,0,0)
500018	(18,60006,0,200091)
500019	(18,60007,0,0)
500020	(18,60008,0,200091)
500021	(18,60009,0,200091)
500022	(18,60010,0,0)
500023	(18,60011,0,200091)
500024	(18,60012,0,200091)
500025	(18,60013,0,200091)
500026	(18,60014,0,200091)
500027	(18,60015,0,200091)
500028	(18,60016,0,0)
500029	(18,60017,0,0)
500030	(18,60018,0,200091)
500031	(35,1,0,0)
500032	(35,9,0,0)
500033	(35,10,0,0)
500034	(35,11,0,0)
500035	(35,8,0,0)
500036	(18,60024,0,200091)
500037	(14,0,5000,911146)*(1,1,5,200012)
500038	(1,0,5,200011)*(1,3,5,200014)
500039	(41,M00051056,0,0)
500040	(7,100266,1,200054)*(7,100261,4,200054)
500041	(1,2,5,200013)
500042	(1,2,-5,200013)
500043	(1,5,-100,911147)
500044	(7,100105,3,200054)*(7,100257,4,200054)*(7,100258,3,200054)*(7,100278,2,200054)*(7,100262,1,200054)*(7,100269,1,200054)
500045	(20,20000008,0,0)
500046	(20,20000009,0,0)
500047	(20,20000011,0,0)
500048	(20,20000012,0,0)
500049	(18,60026,0,200091)
500050	(18,60027,0,200091)
500051	(18,60028,0,200091)
500052	(18,60029,0,200091)
500053	(20,20000014,0,0)
500054	(18,60030,0,200091)
500055	(20,20000015,0,0)
500056	(1,2,10,200013)*(1,3,10,200014)
500057	(1,3,20,200014)
500058	(1,2,-10,200013)*(14,0,10000,200067)
500059	(1,2,5,200013)*(1,3,10,200014)*(7,600114,1,200054)
500060	(39,1,0,0)
500061	(18,60025,0,200091)
500062	(40,1,10002903,210019)
500063	(7,990134,1,0)
500064	(20,23000011,0,0)
500065	(35,87,0,0)
500066	(20,23000014,0,0)
500067	(20,23000013,0,0)
500068	(35,89,0,0)
500069	(20,23000015,0,0)
500070	(20,21190002,0,0)
500071	(20,21190003,0,0)
500072	(35,88,0,0)
500073	(20,21190005,0,0)
500074	(20,21190006,0,0)
500075	(35,90,0,0)
500076	(20,23990003,0,0)
500077	(20,23990004,0,0)
500078	(20,23990000,0,0)
500079	(20,23990007,0,0)
500080	(20,23990008,0,0)
500081	(20,23990013,0,0)
500082	(20,23990014,0,0)
500083	(20,23990010,0,0)
500084	(20,23990017,0,0)
500085	(20,23990018,0,0)
500086	(38,2,0,911135)*(31,0,172,0)
500087	(16,70052,0,0)*(19,21118,0,200069)*(25,70052,1000000,0)*(7,990135,1,0)*(19,21245,0,200069)*(19,21246,0,200069)*(19,21247,0,200069)
500088	(7,600052,-1,200070)
500089	(16,70051,0,0)*(19,21126,0,200069)*(25,70051,1000000,0)*(19,21242,0,200069)*(19,21243,0,200069)*(19,21244,0,200069)
500090	(43,0,0,0)
500091	(16,10708,0,0)*(19,21271,0,200084)*(19,21272,0,200084)*(19,21273,0,200084)
500092	(16,10709,0,0)*(19,21274,0,200084)*(19,21275,0,200084)*(19,21276,0,200084)*(19,21277,0,200084)
501001	(1,2,-10,200055)*(7,200349,1,200054)
501002	(1,4,10,200015)
501003	(1,2,-5,200055)*(1,4,5,200015)*(7,200349,1,200054)
501004	(1,2,10,200013)*(1,3,10,200014)
501005	(20,20120005,0,0)*(1,0,5,200011)*(1,3,10,200014)*(14,0,10000,200067)
501006	(1,0,1,200011)
501007	(20,20000016,0,0)
501008	(14,0,-2000,200067)
501009	(20,20000017,0,0)*(1,2,-10,200055)*(7,100284,1,200054)
501010	(20,20000018,0,0)*(1,2,5,200013)
501011	(1,3,10,200014)
501012	(1,4,5,200015)
501013	(40,1,91000701,210019)
501014	(40,1,91000601,210019)
501015	(40,1,91001202,210019)
501016	(40,1,36003201,210019)
501017	(20,21010003,0,0)
501018	(40,1,91000402,210019)
501019	(7,100284,-1,0)*(20,20300001,0,0)
501020	(7,660022,1,200054)
501021	(17,60014,0,200083)*(42,60014,10,200104)*(19,20014,0,200084)
501022	(20,22261024,0,0)
501023	(20,990013010,0,0)
501024	(7,300017,6,200054)
501025	(7,220202,1,200054)*(7,220203,1,200054)*(7,220204,1,200054)*(7,220205,1,200054)*(7,220206,1,200054)*(7,220207,1,200054)*(7,220208,1,200054)*(7,220209,1,200054)
505001	(14,0,2000,911146)
505002	(1,2,10,200013)
505003	(20,20500011,0,0)
505004	(31,0,40,0)
505005	(14,0,20000,200067)
505006	(1,2,10,200013)*(7,300007,2,200054)
505007	(6,100015,10,0)
505008	(6,100060,10,0)
505009	(39,1,0,0)*(1,0,2,200011)
505010	(35,33,0,0)
505011	(7,100257,3,200054)
505012	(20,10510002,0,0)
506001	(20,20620002,0,0)
506002	(20,20620002,0,0)
506003	(20,20620003,0,0)
506004	(20,20620003,0,0)
506005	(6,100043,100,200005)*(1,3,30,200014)*(20,20620005,0,0)
506006	(20,20620005,0,0)
506007	(20,20620009,0,0)
506008	(20,20620010,0,0)
507601	(20,20730001,0,0)
507602	(7,990041,1,200054)*(7,100207,1,200054)*(7,210005,1,200054)
509001	(20,20900003,0,0)
509002	(31,0,87,0)
509003	(20,20900017,0,0)
509004	(31,0,87,0)
509005	(20,20900019,0,0)
509006	(31,0,87,0)
509007	(20,20900021,0,0)
509008	(31,0,87,0)
509009	(20,20900023,0,0)
509010	(31,0,87,0)
509011	(20,20900025,0,0)
509012	(31,0,87,0)
509013	(20,20900030,0,0)
509014	(40,0,10006603,0)*(31,0,87,0)
509015	(20,20900034,0,0)
509016	(31,0,87,0)
509017	(7,200326,1,200054)*(7,200313,1,200054)*(7,300013,1,200054)*(14,0,5000,200067)*(1,3,30,200014)*(31,0,87,0)
509018	(20,20900027,0,0)
509019	(20,20900010,0,0)
509020	(20,20900012,0,0)
509021	(6,100066,100,200005)*(40,1,10006603,210019)
509022	(40,0,10006603,0)
510001	(20,21060002,0,0)
510002	(7,600025,1,200054)*(6,100094,100,200005)*(1,3,30,200014)
510003	(18,60025,0,200091)
511001	(20,21100003,0,0)
511002	(20,21100003,0,0)
511003	(20,21100004,0,0)
511004	(20,21100004,0,0)
511005	(20,21100005,0,0)
511006	(20,21100005,0,0)
511007	(20,21160002,0,0)
511008	(20,21160002,0,0)
511009	(7,990041,1,200054)
515001	(6,100058,-99,200064)*(31,0,159,0)
515002	(6,100058,30,200005)*(31,0,159,0)
516001	(20,21600007,0,0)
516002	(20,21600008,0,0)
516003	(20,21600009,0,0)
516004	(6,100072,-40,200064)*(6,100037,-40,200064)*(6,100085,-40,200064)*(38,1,0,911134)*(31,0,168,0)
516005	(38,1,0,911134)*(31,0,168,0)
516006	(20,21600012,0,0)
516007	(38,1,0,911134)*(31,0,168,0)
516008	(20,21600014,0,0)
516009	(38,1,0,911134)*(31,0,168,0)
516010	(38,1,0,911134)*(1,3,30,200014)*(31,0,168,0)
516011	(6,100072,-40,200064)*(6,100037,-40,200064)*(6,100085,-40,200064)
516012	(7,600602,1,200054)
516013	(6,100016,70,200005)
516014	(6,100016,-40,200064)
516015	(6,100094,-40,200064)
516601	(6,100085,100,200005)*(6,100072,100,200005)
516801	(7,990125,2,200054)
517001	(19,11608,0,200069)
517002	(7,210005,1,200054)
518001	(31,0,149,0)
518002	(31,0,149,0)
518003	(31,0,149,0)
518004	(20,21800005,0,0)
518005	(20,21800007,0,0)
518006	(20,21800009,0,0)
518007	(20,21800011,0,0)
518008	(40,1,10029902,210019)
518009	(40,0,10029902,0)
518010	(6,100299,50,200005)*(1,3,30,200014)
519601	(20,21960001,0,0)
519602	(7,100060,1,200054)
519603	(7,100261,-5,200054)*(7,100266,-5,200054)*(7,100267,-5,200054)*(7,100270,-1,200054)
519604	(7,100261,5,200054)*(7,100266,5,200054)*(7,100267,5,200054)*(7,100270,1,200054)
519605	(7,300006,2,200054)*(7,100416,10,200054)*(20,21960002,0,0)
519606	(7,680007,1,200054)
519607	(14,0,100000,200067)
519608	(20,21960003,0,0)
519609	(20,21960004,0,0)
519610	(7,300013,1,200054)
519611	(7,220205,1,200054)
519612	(7,100416,10,200054)*(7,220204,1,200054)
520001	(20,22000010,0,0)
520002	(20,22000011,0,0)
520003	(33,0,0,0)
520004	(20,22000021,0,0)
520005	(20,22000022,0,0)
520006	(20,22000024,0,0)
520007	(20,22000025,0,0)
520401	(20,22040002,0,0)
520402	(20,22040002,0,0)
520403	(20,22040003,0,0)
520404	(20,22040003,0,0)
520405	(20,22040004,0,0)
520406	(20,22040004,0,0)
520407	(20,22040015,0,0)
520801	(20,22080002,0,0)
520802	(35,93,0,0)
520803	(35,12,0,0)
520804	(35,98,0,0)
520805	(35,3,0,0)
520806	(20,22080004,0,0)
522001	(30,2,10206,0)
522002	(1,6,-300,911140)
522003	(7,100102,1,200054)*(7,100105,20,200054)*(7,100106,20,200054)*(7,100265,20,200054)
522004	(7,100051,50,200054)
522005	(7,100278,20,200054)
522006	(7,100207,1,200054)*(14,0,-20000,200067)
522007	(14,0,50000,200067)
522008	(20,22261109,0,0)
523001	(20,22300010,0,0)
523002	(20,22300010,0,0)
523003	(31,0,60,0)
523004	(7,100013,10,200054)*(14,0,20000,911146)
526001	(20,22600003,0,0)
526002	(20,22600003,0,0)
526003	(20,22600004,0,0)
526004	(20,22600004,0,0)
526201	(20,22620011,0,0)
526202	(20,22620008,0,0)
526203	(20,22620008,0,0)
527001	(20,22700002,0,0)
527002	(20,22700002,0,0)
532001	(7,100013,1,0)*(1,0,5,200011)*(1,3,5,200014)*(1,2,1,200013)*(7,300005,2,200054)*(20,23200003,0,0)
532002	(1,0,5,200011)*(1,3,15,200014)*(1,2,1,200013)*(14,0,10000,200067)*(20,23200004,0,0)
532003	(1,0,1,200011)*(1,2,2,200013)*(31,0,15,0)
532004	(31,0,15,0)
532005	(1,3,20,200014)*(13,10003,1,210013)
532006	(1,2,10,200013)*(1,3,10,200014)*(13,10003,1,210013)
532007	(1,2,-10,200055)*(1,4,10,200015)*(13,10003,1,210013)
533001	(20,23300003,0,1)
534601	(20,23460002,0,0)
534602	(20,23460002,0,0)
534603	(7,300005,1,200054)
534604	(1,3,100,200014)*(20,23460006,0,0)
534605	(20,23460006,0,0)
590001	(1,3,100,200014)*(7,660007,1,200054)
590002	(1,3,100,200014)*(7,680003,1,200054)
590003	(1,3,100,200014)*(7,920002,1,200054)
590004	(1,3,100,200014)*(7,920004,1,200054)
590005	(1,3,100,200014)*(7,920001,1,200054)
590006	(1,3,100,200014)*(7,690012,1,200054)
590011	(1,0,5,200011)*(1,1,5,200012)*(1,3,5,200014)*(20,21200011,0,0)
590012	(1,0,5,200011)*(1,1,5,200012)*(1,3,5,200014)*(20,21200012,0,0)
590013	(1,0,5,200011)*(1,1,5,200012)*(1,3,5,200014)*(20,21200013,0,0)
590014	(1,0,5,200011)*(1,1,5,200012)*(1,3,5,200014)*(20,21200014,0,0)
590015	(1,0,5,200011)*(1,1,5,200012)*(1,3,5,200014)*(20,21200015,0,0)
590016	(1,0,5,200011)*(1,1,5,200012)*(1,3,5,200014)*(20,21200016,0,0)
590017	(1,0,5,200011)*(1,1,5,200012)*(1,3,5,200014)*(20,21200017,0,0)
590018	(1,0,5,200011)*(1,1,5,200012)*(1,3,5,200014)*(20,21200018,0,0)
590019	(1,0,5,200011)*(1,1,5,200012)*(1,3,5,200014)*(20,21200024,0,0)
590020	(1,0,5,200011)*(1,1,5,200012)*(1,3,5,200014)*(20,21200029,0,0)
590021	(1,0,5,200011)*(1,1,5,200012)*(1,3,5,200014)*(20,21200028,0,0)
599201	(20,29920002,0,0)
599202	(20,29920002,0,0)
599203	(6,100036,100,0)
599995	(1,0,2,200011)*(1,1,2,200012)
599996	(1,0,5,200011)*(1,1,5,200012)*(1,3,5,200014)
599997	(31,0,101,0)
599998	(31,0,72,0)
599999	(38,4,0,911137)*(31,0,140,0)
600001	(5,7,5,200031)*(19,11604,0,200069)
600002	(5,8,3,200047)
600004	(1,4,3,200015)
600005	(1,1,2,200012)
600006	(6,100060,10,200005)
600007	(7,220403,1,200054)*(32,0,600,200016)
600008	(5,1,5,200041)*(1,2,3,200013)*(1,3,2,200014)*(7,990002,1,200054)*(19,11001,0,200084)
600009	(1,3,5,200014)*(1,2,2,200013)
600010	(5,8,3,200047)*(1,4,2,200015)
600011	(4,6,5,200038)
600012	(5,1,3,200041)*(1,4,1,200015)
600013	(7,200001,1,200054)*(5,4,5,200044)
600015	(5,5,3,200045)*(7,200010,1,200054)
600016	(14,0,1000,200067)*(5,5,-3,200076)
600017	(1,4,2,200015)
600018	(6,100075,10,200005)
600019	(5,6,5,200086)
600020	(1,2,5,200013)
600021	(7,200011,1,200054)
600022	(7,990001,1,200054)
600023	(7,100054,1,200054)*(7,100051,200,200054)*(1,2,5,200013)*(6,100056,20,200005)*(4,1,5,200033)
600024	(1,2,5,200013)
600025	(7,990003,1,200054)
600026	(4,8,5,200046)*(1,3,1,200014)
600027	(14,0,400,200067)*(6,100015,10,200005)*(6,100134,10,200005)
600028	(32,4,3,200020)
600029	(20,20001008,0,0)
600030	(20,20001002,0,0)
600031	(18,10001,0,200091)
600032	(1,4,1,200015)
600033	(4,2,5,200034)
600034	(5,5,5,200045)
600035	(5,0,5,200040)*(19,10901,0,200069)
600036	(17,60006,0,200083)*(19,20006,0,200084)*(6,100135,10,200005)
600037	(1,1,3,200012)
600038	(1,2,5,200013)
600039	(1,2,5,200013)*(6,100060,10,200005)
600040	(1,2,-5,200055)*(6,100060,-10,200064)*(6,100089,20,200005)
600041	(1,2,-5,200055)
600042	(7,200010,1,200054)
600044	(1,3,5,200014)*(1,2,5,200013)
600045	(7,990057,1,200054)
600046	(6,100037,20,200005)
600047	(5,3,5,200043)
600048	(4,1,5,200033)
600049	(4,5,5,200037)
600050	(4,0,5,200032)
600051	(4,8,5,200046)
600052	(1,4,20,200015)
600053	(1,5,400,200097)*(1,6,200,200098)
600054	(27,0,50,200089)*(28,0,100,200090)
600055	(7,100011,10,200054)
600056	(22,0,2,200087)
600057	(39,2,0,0)*(1,5,10,200097)*(1,6,10,200098)
600058	(22,0,3,200087)
600059	(22,0,3,200087)
600060	(22,0,2,200087)
600061	(1,4,3,200015)
600062	(6,100072,20,200005)
600063	(6,100072,5,200005)
600064	(4,3,5,200035)
600065	(20,10091001,0,0)
600066	(17,60006,0,200083)*(19,20006,0,200084)*(6,100135,10,200005)
600201	(20,10213001,0,0)
600202	(20,10214001,0,0)
600203	(20,10216001,0,0)
600231	(6,100037,5,200005)
600232	(6,100043,5,200005)
600233	(6,100094,5,200005)
600234	(6,100081,5,200005)
600235	(6,100299,5,200005)
600236	(6,100096,5,200005)
600237	(6,100089,5,200005)
600238	(6,100085,5,200005)
600239	(6,100065,5,200005)
600240	(6,100072,5,200005)
600241	(6,100078,5,200005)
600242	(6,100060,5,200005)
600243	(6,100036,5,200005)
600244	(6,100037,5,200005)
600245	(6,100043,5,200005)*(6,100094,5,200005)*(6,100081,5,200005)*(6,100299,5,200005)*(6,100096,5,200005)*(6,100089,5,200005)*(6,100085,5,200005)*(6,100065,5,200005)*(6,100072,5,200005)*(6,100078,5,200005)*(6,100060,5,200005)*(6,100036,5,200005)*(6,100037,5,200005)
600251	(7,300014,1,200054)*(7,100371,1,200054)*(7,600405,1,200054)
600252	(7,300015,1,200054)
600253	(38,3,0,911136)*(7,210004,1,200054)*(31,0,30,0)
600254	(20,30101002,0,0)
600255	(20,30103001,0,0)
600261	(20,20001025,0,0)
600262	(20,20001026,0,0)
600263	(20,20001027,0,0)
600264	(20,20001028,0,0)
600265	(20,20001029,0,0)*(7,920012,1,200054)*(1,3,30,200014)
600266	(20,20001030,0,0)
600267	(20,20001024,0,0)
600268	(6,100036,5,200005)
600269	(6,100075,5,200005)
600271	(7,200328,1,200054)
600272	(7,200328,-1,0)
600273	(20,20001023,0,0)
600281	(7,100108,-1,0)*(7,100109,1,200054)
600301	(20,10527001,0,0)*(1,0,3,200011)*(1,3,5,200014)
600302	(20,10528001,0,0)*(1,0,1,200011)
600303	(20,10529001,0,0)
600304	(38,3,0,911136)*(31,0,30,0)
600305	(20,10543001,0,0)
600306	(20,10544001,0,0)
600307	(20,10548001,0,0)
600308	(20,10532001,0,0)
600311	(13,10004,1,210013)*(1,3,5,200014)
600312	(20,10096001,0,0)
600313	(6,100015,3,200005)*(6,100016,3,200005)*(1,0,3,200011)*(1,3,3,200014)
600314	(20,10537001,0,0)
600315	(20,10538001,0,0)
600316	(1,1,5,200012)*(14,0,10000,200067)
600317	(1,1,1,200012)
600318	(1,0,1,200011)*(1,3,3,200014)
600319	(1,0,1,200011)
600320	(7,100402,3,200054)*(7,100414,3,200054)*(7,100415,3,200054)*(1,1,5,200012)
600321	(1,1,1,200012)
600322	(1,1,5,200012)*(14,0,6000,200067)
600323	(1,1,1,200012)
600324	(1,0,5,200011)*(1,3,5,200014)*(14,0,4000,200067)
600325	(1,0,1,200011)
600326	(1,0,10,200011)*(1,1,10,200012)*(1,3,10,200014)
600327	(1,0,1,200011)
600328	(1,0,5,200011)*(1,3,5,200014)
600329	(1,0,1,200011)
600330	(7,600112,1,200054)
600331	(7,690009,1,200054)
600332	(7,690017,1,200054)
600333	(7,100056,1,200054)
600334	(1,0,10,200011)*(1,1,10,200012)*(21,0,1000090,0)
600335	(1,0,1,200011)*(1,1,1,200012)*(21,0,1000090,0)
600336	(1,0,1,200011)*(1,1,1,200012)*(21,0,2022003,0)
600337	(6,100134,5,200005)
600338	(1,3,50,200014)
700001	(20,100001001,0,0)
700002	(20,100006001,0,0)
700003	(21,0,7800003,0)*(1,0,1,200011)
700004	(21,0,7800004,0)
700005	(21,0,7800007,0)*(1,0,1,200011)
700006	(21,0,7800008,0)
700007	(21,0,9100005,0)*(1,0,1,200011)
700008	(21,0,7800032,0)
700009	(21,0,7800041,0)*(1,0,1,200011)
700010	(35,99,0,0)
700011	(20,20001028,0,0)
700012	(20,20001031,0,0)*(1,0,1,200011)
700013	(21,0,7900003,0)*(1,0,1,200011)
700014	(21,0,7900004,0)
700015	(21,0,7900008,0)*(1,0,1,200011)
700016	(21,0,7900009,0)
700017	(21,0,2063004,0)*(1,0,1,200011)
700018	(21,0,2063004,0)
700019	(21,0,7900017,0)*(1,0,1,200011)
700020	(21,0,7900018,0)
700021	(21,0,7900022,0)*(1,0,1,200011)
700022	(21,0,7900023,0)
700023	(21,0,7900028,0)*(1,0,1,200011)
700024	(21,0,7900029,0)
700025	(21,0,9009771,0)*(1,0,1,200011)
700026	(21,0,9009721,0)
700027	(20,22080008,0,0)
700028	(21,0,7900061,0)
700029	(21,0,7900073,0)
700030	(21,0,7900074,0)
700031	(21,0,7900078,0)
700032	(21,0,7900079,0)
700033	(21,0,7900113,0)
700034	(21,0,7900115,0)
700035	(21,0,7900129,0)
700036	(21,0,7900132,0)
700037	(21,0,7900131,0)
700038	(21,0,7900132,0)
791001	(21,0,7910004,0)
791002	(21,0,7910014,0)
791003	(21,0,7910007,0)*(1,0,1,200011)
791004	(21,0,7910012,0)
791005	(21,0,7910017,0)*(1,0,1,200011)
791006	(21,0,7910020,0)
791007	(21,0,7910023,0)*(1,0,1,200011)
791008	(21,0,7910020,0)
791009	(21,0,7910036,0)*(1,0,1,200011)
791010	(21,0,7910037,0)
791011	(21,0,7910040,0)*(1,0,1,200011)
791012	(21,0,7910041,0)
791013	(21,0,7910047,0)*(1,0,1,200011)
791014	(21,0,7910047,0)
791015	(21,0,9101059,0)*(1,0,1,200011)
791016	(21,0,9101060,0)
791017	(21,0,7910078,0)*(1,0,1,200011)
791018	(21,0,7910078,0)
791019	(21,0,7910079,0)*(1,0,1,200011)
791020	(21,0,7910079,0)
791021	(21,0,7910101,0)*(1,0,1,200011)
791022	(21,0,7910101,0)
791023	(21,0,7910102,0)*(1,0,1,200011)
791024	(21,0,7910102,0)
791025	(21,0,7920005,0)*(1,0,1,200011)
791026	(21,0,7920006,0)
791027	(21,0,7920017,0)*(1,0,1,200011)
791028	(21,0,7920019,0)
791029	(21,0,7920029,0)*(1,0,1,200011)
791030	(21,0,7920035,0)
791031	(21,0,7920029,0)*(1,0,1,200011)
791032	(21,0,7920035,0)
791033	(21,0,7920117,0)
791034	(21,0,7920121,0)*(1,0,1,200011)
791035	(21,0,7920126,0)*(1,0,1,200011)
791036	(21,0,7920127,0)*(1,0,1,200011)
791037	(21,0,7920139,0)*(1,0,1,200011)
791038	(21,0,7920140,0)
800001	(20,20800003,0,0)
800002	(20,20800004,0,0)
800003	(20,20800005,0,0)
800004	(20,25100103,0,0)
800005	(20,270001002,0,0)
800006	(20,270001003,0,0)
800007	(20,28001005,0,0)
800008	(20,28001006,0,0)
800009	(20,23000005,0,0)
800010	(20,23000006,0,0)
800011	(20,20800007,0,0)
800012	(20,20800008,0,0)
800013	(20,28001009,0,0)
800014	(20,28001010,0,0)
800015	(20,23000009,0,0)
800016	(20,21930002,0,0)
800017	(20,21930002,0,0)
800018	(35,4,0,0)
800019	(35,5,0,0)
800020	(35,7,0,0)
800021	(18,51001,0,200091)
800022	(18,51002,0,200091)
800023	(18,51003,0,200091)
800024	(18,51004,0,200091)
800025	(18,51005,0,200091)
800026	(18,51006,0,200091)
800027	(18,51007,0,200091)
800028	(18,51008,0,200091)
800029	(18,51009,0,200091)
800030	(18,51010,0,200091)
800031	(18,51011,0,200091)
800032	(18,51012,0,200091)
800033	(18,51013,0,200091)
860001	(20,29910002,0,0)
860002	(31,0,40,0)
860003	(1,3,10,200014)
860004	(7,100304,-1,200070)
860005	(20,23100017,0,0)
860006	(7,300011,1,200054)
860007	(6,100036,20,200005)*(6,100009,10,200005)*(6,100037,-20,200005)
860008	(38,5,0,911138)*(38,6,0,911139)*(31,0,155,0)
860009	(1,5,100,200097)*(5,6,5,200086)
860010	(1,6,200,200098)*(5,6,5,200086)
860011	(1,5,100,200097)*(1,6,200,200098)*(5,6,5,200086)
860012	(7,100373,1,200054)
860013	(1,5,-50,911147)*(1,6,-50,911140)
860014	(20,23100009,0,0)
860015	(7,920022,1,200054)
860016	(7,100373,-1,200070)
860701	(20,20710005,0,0)
860702	(20,20710006,0,0)
860703	(7,100010,1,200054)*(7,300001,1,200054)
860704	(1,5,-200,200102)*(1,6,-100,200102)
860705	(38,5,0,911138)*(38,6,0,911139)*(31,0,155,0)
860007	(6,100036,20,200005)*(6,100009,10,200005)*(6,100037,-20,200005)
860008	(38,5,0,911138)*(38,6,0,911139)*(31,0,155,0)
900001	(1,0,5,200011)
900002	(20,20001014,0,0)
900003	(21,0,8000014,0)*(1,0,1,200011)
900004	(21,0,8000025,0)
900005	(21,0,8018003,0)*(1,0,4,200011)*(1,3,4,200014)*(7,300015,2,200054)
900006	(21,0,8018004,0)*(1,0,1,200011)
900007	(21,0,8054005,0)*(1,0,1,200011)
900008	(21,0,8054006,0)
900009	(21,0,8054035,0)*(1,0,1,200011)
900010	(21,0,8054034,0)
900011	(21,0,8012004,0)*(1,0,1,200011)
900012	(21,0,8012005,0)
900013	(21,0,8051024,0)*(1,0,1,200011)
900014	(21,0,8051026,0)
900015	(21,0,8051034,0)*(1,0,1,200011)
900016	(21,0,8051036,0)
900017	(21,0,8021005,0)*(1,0,1,200011)
900018	(21,0,8021006,0)
900019	(21,0,8012013,0)*(1,0,1,200011)
900020	(21,0,8012014,0)
900021	(21,0,8012023,0)*(1,0,1,200011)
900022	(21,0,8012024,0)
900023	(21,0,8001004,0)*(1,0,2,200011)*(1,3,2,200014)*(7,100007,2,200054)
900024	(21,0,8001005,0)
900025	(21,0,8017005,0)*(1,0,1,200011)
900026	(21,0,8017006,0)
900027	(21,0,8017015,0)*(1,0,1,200011)
900028	(21,0,8017016,0)
900029	(21,0,8017055,0)*(1,0,1,200011)
900030	(21,0,8017056,0)
900031	(21,0,8017063,0)*(1,0,1,200011)
900032	(21,0,8017064,0)
900101	(21,0,8200032,0)
900102	(21,0,8200033,0)
900103	(21,0,8054005,0)
900104	(21,0,8054006,0)
910001	(21,0,9001005,0)*(1,0,5,200011)*(1,3,1,200014)*(7,300007,1,200054)
910002	(21,0,9001004,0)*(1,0,2,200011)
910003	(21,0,9003007,0)*(1,0,5,200011)*(1,3,3,200014)
910004	(21,0,9003008,0)
910005	(21,0,9003009,0)*(1,0,5,200011)*(1,3,3,200014)*(14,0,2000,200067)
910006	(21,0,9003010,0)
910007	(21,0,9007005,0)*(1,0,5,200011)
910008	(21,0,9007006,0)
910009	(21,0,9008303,0)*(1,0,5,200011)*(24,0,4000,200022)
910010	(21,0,9008303,0)*(1,0,1,200011)*(24,0,2000,200022)
910011	(21,0,9009018,0)*(1,0,5,200011)
910012	(21,0,9009018,0)
910013	(21,0,9009021,0)*(1,0,5,200011)
910014	(21,0,9009021,0)
910015	(21,0,9008506,0)*(1,0,5,200011)
910016	(21,0,9008507,0)
910017	(21,0,9009105,0)*(1,0,8,200011)
910018	(21,0,9009106,0)*(1,0,4,200011)
910019	(21,0,3084003,0)*(1,0,5,200011)
910020	(21,0,3084003,0)
910021	(21,0,9007104,0)*(1,0,5,200011)
910022	(21,0,9007105,0)*(1,0,1,200011)
910023	(21,0,1010003,0)*(1,0,10,200011)*(1,1,10,200012)
910024	(21,0,1010004,0)*(1,0,5,200011)*(1,1,5,200012)
910025	(21,0,1010103,0)*(1,0,20,200011)*(1,1,20,200012)
910026	(21,0,1010104,0)*(1,0,10,200011)*(1,1,10,200012)
910027	(21,0,1010203,0)*(1,0,30,200011)*(1,1,30,200012)
910028	(21,0,1010204,0)*(1,0,15,200011)*(1,1,15,200012)
910029	(21,0,1010303,0)*(1,0,5,200011)
910030	(21,0,1010304,0)*(1,0,1,200011)
910031	(21,0,1010308,0)*(1,0,5,200011)
910032	(21,0,1010309,0)*(1,0,2,200011)
910033	(21,0,1010316,0)*(1,0,6,200011)
910034	(21,0,1010317,0)*(1,0,3,200011)
910035	(21,0,1010405,0)*(1,0,5,200011)
910036	(21,0,1010406,0)*(1,0,1,200011)
910037	(21,0,1010409,0)*(1,0,5,200011)
910038	(21,0,1010410,0)*(1,0,2,200011)
910039	(21,0,1010413,0)*(1,0,6,200011)
910040	(21,0,1010415,0)*(1,0,3,200011)
910041	(21,0,8051109,0)*(1,0,5,200011)
910042	(21,0,8051109,0)
910043	(21,0,3121004,0)*(1,0,5,200011)
910044	(21,0,3121005,0)
910045	(21,0,9009207,0)*(1,0,5,200011)*(1,3,3,200014)*(7,600115,1,200054)
910046	(21,0,9009208,0)*(1,0,1,200011)
910047	(21,0,9009308,0)*(1,0,5,200011)
910048	(21,0,9009308,0)
910049	(21,0,9009318,0)*(1,0,5,200011)
910050	(21,0,9009319,0)
910051	(21,0,9009405,0)*(1,0,5,200011)*(1,3,3,200014)*(1,2,1,200013)
910052	(21,0,9009406,0)*(1,0,1,200011)*(1,2,3,200013)
910053	(21,0,9009037,0)*(1,0,5,200011)
910054	(21,0,9009038,0)
910055	(21,0,9009505,0)*(1,0,5,200011)*(7,300014,1,200054)
910056	(21,0,9009505,0)*(1,0,1,200011)
910057	(21,0,8054084,0)*(1,0,5,200011)*(1,3,1,200014)*(7,600113,1,200054)
910058	(21,0,8054085,0)*(1,0,1,200011)
910059	(21,0,8054604,0)*(1,0,5,200011)*(1,3,6,200014)*(14,0,5000,200067)
910060	(21,0,8054605,0)*(1,0,1,200011)
910061	(21,0,8051076,0)*(1,0,5,200011)*(1,3,1,200014)*(1,2,1,200013)*(7,300004,2,200054)
910062	(21,0,8051077,0)*(1,2,2,200013)
910063	(21,0,9009818,0)*(1,0,5,200011)*(1,3,1,200014)*(1,2,1,200013)*(7,300009,1,200054)
910064	(21,0,9009819,0)*(1,2,2,200013)
910065	(21,0,9009526,0)*(1,0,5,200011)
910066	(21,0,9009527,0)
910067	(21,0,9009946,0)*(1,0,5,200011)
910068	(21,0,9009947,0)
910069	(21,0,1010516,0)*(1,0,5,200011)
910070	(21,0,1010517,0)
910071	(21,0,9010005,0)*(1,0,5,200011)
910072	(21,0,9010006,0)*(1,0,2,200011)
910073	(21,0,9010011,0)*(1,0,5,200011)*(1,3,1,200014)*(1,2,1,200013)*(14,0,3000,200067)
910074	(21,0,9010012,0)*(1,0,1,200011)
910075	(21,0,9010015,0)*(1,0,5,200011)
910076	(21,0,9010016,0)
910077	(21,0,8011023,0)*(1,0,5,200011)
910078	(21,0,8011024,0)
910079	(21,0,9009639,0)*(1,0,5,200011)
910080	(21,0,9009639,0)
910081	(21,0,9009660,0)*(1,0,5,200011)
910082	(21,0,9009661,0)
910083	(21,0,9010105,0)*(1,0,5,200011)
910084	(21,0,9010106,0)
910085	(21,0,9009675,0)*(1,0,5,200011)
910086	(21,0,9009676,0)
910087	(21,0,9099999,0)*(1,0,5,200011)*(1,1,2,200012)*(1,3,5,200014)
910088	(21,0,9099998,0)*(1,0,1,200011)*(1,1,1,200012)
920001	(21,0,9009699,0)*(1,0,5,200011)
920002	(21,0,9009698,0)
920003	(21,0,9009717,0)*(1,0,5,200011)
920004	(21,0,9009718,0)
920005	(21,0,9009720,0)*(1,0,5,200011)
920006	(21,0,9009721,0)
920007	(21,0,9009735,0)*(1,0,5,200011)
920008	(21,0,9009736,0)
920009	(21,0,9009742,0)*(1,0,5,200011)
920010	(21,0,9009743,0)
920011	(21,0,9009747,0)*(1,0,5,200011)
920012	(21,0,9009748,0)
920013	(21,0,9009763,0)*(1,0,5,200011)
920014	(21,0,9009764,0)
920015	(21,0,8001084,0)*(1,0,5,200011)
920016	(21,0,8001085,0)
920017	(21,0,2034005,0)
920018	(21,0,2115006,0)*(1,0,5,200011)
920019	(21,0,2115006,0)
920020	(21,0,2115008,0)
920021	(21,0,2115008,0)
920022	(21,0,1000083,0)*(1,0,5,200011)
920023	(21,0,8000003,0)*(1,0,5,200011)*(1,3,5,200014)
920024	(21,0,8000003,0)*(1,0,2,200011)
920025	(21,0,9100005,0)*(1,0,5,200011)
920026	(21,0,9100006,0)
920027	(21,0,5014004,0)*(1,0,5,200011)
920028	(21,0,5014004,0)
920029	(21,0,4056004,0)*(1,0,5,200011)
920030	(21,0,9100015,0)*(1,0,3,200011)
920031	(21,0,9100015,0)*(1,0,2,200011)
920032	(21,0,9100017,0)*(1,0,1,200011)
920033	(21,0,9109715,0)*(1,0,5,200011)
920034	(21,0,9109711,0)
920035	(21,0,2032011,0)*(1,0,5,200011)*(1,3,1,200014)*(1,2,1,200013)*(7,300002,2,200054)
920036	(21,0,2032012,0)*(1,0,1,200011)*(1,1,2,200013)
920037	(21,0,9101011,0)*(1,0,5,200011)
920038	(21,0,9101012,0)
920039	(21,0,9101015,0)*(1,0,5,200011)
920040	(21,0,9101016,0)
920041	(21,0,9101048,0)*(1,0,5,200011)
920042	(21,0,9101049,0)
920043	(20,20400002,0,0)*(1,0,5,200011)
920044	(35,92,0,0)
920045	(20,22020002,0,0)*(1,0,5,200011)
920046	(20,22020004,0,0)*(1,0,5,200011)
920047	(20,22020005,0,0)*(1,0,5,200011)
920048	(20,22020020,0,0)*(1,0,5,200011)
920049	(20,22020023,0,0)*(1,0,5,200011)
920050	(20,22020025,0,0)*(1,0,5,200011)
920051	(1,0,1,200011)
920052	(1,0,1,200011)
920053	(20,21510004,0,0)*(1,0,5,200011)
920054	(20,30100002,0,0)*(1,0,5,200011)
920055	(20,30100004,0,0)*(1,0,5,200011)
920056	(20,10500004,0,0)*(1,0,5,200011)
920057	(20,20600002,0,0)*(1,0,5,200011)
920058	(20,20600005,0,0)*(1,0,5,200011)
920059	(20,21910002,0,0)*(1,0,5,200011)
920060	(4,0,5,200032)*(7,100101,5,200054)
920061	(7,100261,1,200054)
920062	(4,1,5,200033)*(7,100053,1,200054)*(7,100051,100,200054)
920063	(1,4,3,200015)*(14,0,500,200067)
920064	(1,4,-3,200057)*(14,0,500,200067)
920065	(4,2,5,200034)*(7,100102,1,200054)*(7,100105,10,200054)
920066	(20,10500005,0,0)
920067	(7,100607,1,200054)
920068	(7,100261,-1,200070)
920069	(4,3,5,200035)*(7,100107,5,200054)
920070	(5,1,5,200041)
920071	(7,990002,1,200054)
920072	(1,2,5,200013)
920073	(1,4,3,200015)
920074	(27,0,50,200089)
920075	(1,5,200,200097)
920076	(1,6,200,200098)
920077	(7,310014,1,200054)
920078	(1,2,5,200013)*(7,660001,1,200054)
920079	(1,2,-10,200055)*(7,660001,1,200054)*(1,4,3,200015)
920080	(20,10500006,0,0)
920081	(7,300009,2,200054)
920082	(7,600006,1,200054)
920083	(7,100201,-1,200070)*(7,100257,-1,200070)*(7,100258,-1,200070)
920084	(7,670002,1,200054)
920085	(7,100355,1,200054)*(7,200310,1,200054)*(1,1,2,200012)
920086	(7,920001,1,200054)
920087	(7,920002,1,200054)
920088	(7,920003,1,200054)
920089	(7,920004,1,200054)
920090	(20,10500008,0,0)
920091	(7,100012,5,200054)
920092	(14,0,5000,200067)
920093	(14,0,-500,200068)
920094	(14,0,-1000,200068)
920095	(14,0,-2000,200068)
920096	(14,0,2000,200067)
920097	(1,4,20,200015)
920098	(20,10500009,0,0)
920099	(7,100401,1,200054)*(4,8,5,200046)*(19,10805,0,200084)
920100	(14,0,600,200067)*(4,5,5,200037)
920101	(7,600104,1,200054)
920102	(7,600306,1,200054)
920103	(7,220382,1,200054)*(5,0,5,200040)
920104	(7,200202,1,200054)
920105	(5,7,5,200031)
920106	(7,200012,1,200054)*(5,5,5,200045)
920107	(20,10500011,0,0)
920108	(1,0,10,200011)*(1,3,30,200011)*(20,20610002,0,0)
920109	(1,0,5,200011)*(20,20610003,0,0)
920110	(31,0,53,0)
920111	(20,21910004,0,0)
920112	(20,21910006,0,0)
920113	(20,21910007,0,0)*(1,0,3,200011)
920114	(20,20810007,0,0)*(1,0,1,200011)
920115	(20,20810001,0,0)
920116	(20,20810008,0,0)*(1,0,1,200011)
920117	(20,20810002,0,0)
920118	(20,20810009,0,0)*(1,0,1,200011)
920119	(20,20810003,0,0)
920120	(20,20810010,0,0)*(1,0,1,200011)
920121	(20,20810004,0,0)
920122	(20,20810011,0,0)*(1,0,1,200011)
920123	(20,20810005,0,0)
920124	(20,20810012,0,0)*(1,0,1,200011)
920125	(20,20810006,0,0)
920126	(20,20810013,0,0)
920127	(20,20810014,0,0)
920128	(20,21010002,0,0)*(1,0,1,200011)
920129	(20,28010001,0,0)
920130	(20,190000010,0,0)
920131	(20,190000011,0,0)
920132	(6,100085,100,200005)*(6,100096,100,200005)
920133	(6,100085,5,200005)*(7,690010,1,200054)
920134	(20,190000013,0,0)*(1,0,1,200011)
920135	(31,0,101,0)*(41,M00192001,0,0)*(41,M00192026,0,0)
920136	(7,990036,1,200054)
920137	(7,990033,1,200054)
920138	(7,990033,1,200054)*(1,5,-300,0)
920139	(7,990035,1,200054)
920140	(7,220346,1,200054)
920141	(7,990034,1,200054)
920142	(20,190000014,0,0)
920143	(20,190000015,0,0)*(1,0,1,200011)
920144	(6,100056,10,200005)
920145	(20,190000016,0,0)
920146	(20,190000017,0,0)*(1,0,1,200011)
920147	(20,190000018,0,0)
920148	(20,190000019,0,0)
920149	(20,190000021,0,0)*(1,0,1,200011)
920150	(20,190000023,0,0)*(1,0,1,200011)
920151	(20,190000023,0,0)*(1,0,1,200011)
920152	(7,600204,1,200054)
920153	(20,20410001,0,0)
920154	(7,100418,1,200054)
920155	(20,20410002,0,0)
920156	(7,660013,1,200054)
920157	(20,20410003,0,0)
920158	(7,600307,1,200054)
920159	(20,20410004,0,0)
920160	(7,920015,1,200054)
920161	(20,20410005,0,0)
920162	(7,680012,1,200054)
920163	(20,20410006,0,0)
920164	(7,300015,3,200054)
920165	(20,20410007,0,0)
920166	(38,2,0,911135)*(31,0,172,0)
920167	(33,0,0,0)
920168	(20,21170002,0,0)*(1,0,1,200011)
920169	(20,22170002,0,0)*(1,0,1,200011)
920170	(1,0,1,200011)
920171	(20,21870001,0,0)
920172	(1,0,1,200011)
920173	(20,30100006,0,0)
920174	(1,0,3,200011)
920175	(20,22270002,0,0)*(1,0,2,200011)
920176	(20,20070002,0,0)
920177	(20,20400003,0,0)*(1,0,1,200011)
920178	(18,70001,0,200091)
920179	(18,70002,0,200091)
920180	(18,70003,0,200091)
920181	(18,70004,0,200091)
920182	(18,70005,0,200091)
920183	(18,70006,0,200091)
920184	(18,70007,0,200091)
920185	(18,70008,0,200091)
920186	(18,70009,0,200091)
920187	(18,70010,0,200091)
920188	(18,70011,0,200091)
920189	(18,70012,0,200091)
920190	(18,70013,0,200091)
920191	(18,70014,0,200091)*(18,72014,0,200091)
920192	(18,70015,0,200091)
920193	(18,70016,0,200091)
920194	(18,70017,0,200091)
920195	(18,70018,0,200091)
920196	(18,70019,0,200091)
920197	(18,70020,0,200091)
920198	(18,70021,0,200091)
920199	(20,22020033,0,0)
920200	(20,20347002,0,0)*(1,0,1,200011)
920201	(36,900004,0,0)
920202	(20,20341001,0,0)
920203	(20,190000024,0,0)
920204	(20,21500002,0,0)*(1,0,2,200011)*(5,2,10,200042)
920205	(20,21500003,0,0)*(18,50003,0,200091)
920206	(20,20341012,0,0)*(1,0,10,200011)*(1,3,50,200014)*(18,40002,0,200091)
920207	(20,20341013,0,0)*(1,0,5,200011)*(1,3,20,200014)
920208	(1,2,-30,200055)
920209	(1,3,-40,200056)
920210	(6,100021,-20,200064)*(1,0,2,200011)
920211	(6,100021,20,200005)
920212	(6,100021,10,200005)
920213	(6,100037,10,200005)
920214	(6,100075,10,200005)
920215	(6,100092,10,200005)
920216	(6,100098,10,200005)
920217	(6,100094,10,200005)
920218	(6,100043,10,200005)
920219	(6,100057,10,200005)
920220	(6,100060,10,200005)*(6,100078,-20,200064)
920221	(7,300001,3,200054)
920222	(7,100103,1,200054)*(1,2,5,200013)
920223	(7,990070,1,200054)*(1,2,5,200013)
920224	(7,920009,1,200054)
920225	(7,690019,1,200054)
920226	(7,220109,1,200054)
920227	(7,200327,1,200054)
920228	(5,4,10,200044)
920229	(7,920010,1,200054)
920230	(7,920011,1,200054)
920231	(7,600106,1,200054)*(1,3,20,200014)
920232	(7,990015,1,200054)
920233	(20,20008001,0,0)*(1,4,2,200015)
920234	(20,20008002,0,0)*(1,4,4,200015)
920235	(20,20008003,0,0)*(1,4,6,200015)
920236	(20,20008004,0,0)*(1,4,8,200015)
920237	(20,20008005,0,0)*(1,4,10,200015)
920238	(34,1001,0,0)
920239	(7,300007,3,200054)*(6,100058,30,200005)
920240	(20,130016003,0,0)
920241	(1,3,10,200014)
920242	(1,2,-10,200055)*(14,0,2000,200067)
920243	(18,21301,0,200091)*(18,21302,0,200091)
920244	(18,21302,0,200091)
920245	(18,21303,0,200091)
920246	(18,21304,0,200091)
920247	(18,21305,0,200091)*(20,130016003,0,0)
920248	(7,990047,1,200054)*(4,6,10,200038)
920249	(7,990109,1,200054)*(4,6,10,200038)
920250	(7,300007,3,200054)
920251	(7,100013,10,200054)*(6,100057,30,200005)
920252	(20,130016004,0,0)
920253	(6,100096,10,200005)
920254	(6,100096,10,200005)*(1,2,-10,200055)*(14,0,5000,200067)
920255	(6,100096,-20,200064)*(1,2,10,200013)*(1,3,10,200014)
920256	(6,100096,20,200005)*(7,310006,1,200054)*(7,300014,2,200054)
920257	(6,100043,30,200005)*(7,680005,1,200054)
920258	(6,100059,-30,200064)*(1,2,10,200013)
920259	(6,100059,30,200005)*(1,2,-10,200055)*(1,3,-20,200056)*(7,200328,-1,200070)*(7,680009,1,20054)
920260	(6,100059,-30,200064)*(1,2,-10,200055)*(1,3,-20,200056)
920261	(1,0,2,200011)*(7,990110,1,200054)*(39,2,0,0)
920262	(1,0,5,200011)*(7,990110,3,200054)*(39,2,0,0)
920263	(7,680010,1,200054)
920264	(18,21306,0,200091)
920265	(18,21308,0,200091)
920266	(18,21310,0,200091)
920267	(20,130156001,0,0)
920268	(7,200014,1,200054)
920269	(18,21311,0,200091)*(18,21312,0,200091)
920270	(18,21312,0,200091)
920271	(1,2,10,200013)*(18,21313,0,200091)
920272	(1,2,10,200013)*(6,100057,10,200005)*(18,21314,0,200091)
920273	(6,100057,-50,200064)
920274	(20,21300028,0,0)*(1,0,5,200011)
920275	(31,0,72,0)
920276	(1,3,20,200014)*(6,100057,10,200005)*(18,21315,0,200091)*(6,100066,30,200005)
920277	(1,3,20,200014)*(1,0,5,200011)
920278	(1,3,20,200014)*(20,28010004,0,0)*(1,0,5,200011)*(18,21316,0,200091)
920279	(20,21900010,0,0)
920280	(20,21900012,0,0)*(1,0,5,200011)*(1,2,10,200013)*(18,30004,0,200091)
920281	(35,32,0,0)
920282	(7,920013,1,200054)*(6,100082,30,200005)
920283	(18,30002,0,200091)
920284	(18,30003,0,200091)
920285	(18,30005,0,200091)
920286	(18,30006,0,200091)
920287	(18,20010,0,200091)
920288	(35,6,0,0)
920289	(35,2,0,0)
920290	(21,0,8018009,0)*(1,0,1,200011)
920291	(21,0,8018010,0)
920292	(35,97,0,0)
920293	(7,300015,1,200054)*(7,310006,1,200054)
920294	(40,1,10029903,210019)
920295	(40,1,10009204,210019)
920296	(40,1,10009103,210019)
920297	(40,1,10007203,210019)
920298	(40,1,10008503,210019)
920299	(40,1,10009403,210019)
920300	(40,1,10003604,210019)
920301	(40,1,10004304,210019)
920302	(40,1,10009803,210019)
920303	(40,1,10029703,210019)
920304	(40,1,10007803,210019)
920305	(40,1,10005703,210019)
920306	(40,1,10002104,210019)
920307	(40,1,10005502,210019)
920308	(40,1,10003503,210019)
920309	(40,1,10006103,210019)
920310	(40,1,10005803,210019)
920311	(40,1,10005603,210019)
920312	(40,1,10005403,210019)
920313	(40,1,10006003,210019)
920314	(40,1,10005902,210019)
920315	(40,1,10008202,210019)
920316	(40,1,10009603,210019)
920317	(40,1,10008103,210019)
920318	(40,1,10008903,210019)
920319	(40,1,10004802,210019)
920320	(40,1,10010903,210019)
920321	(40,1,10011003,210019)
920322	(1,0,2,200011)
920323	(20,22020034,0,0)
920324	(40,1,10041903,210019)
920325	(1,0,1,200011)
920326	(7,100266,5,200054)*(7,300007,2,200054)
920327	(18,60019,0,200091)*(18,60020,0,200091)*(18,60021,0,200091)
920328	(20,21360003,0,0)*(1,0,5,200011)*(7,990112,1,200054)
920329	(18,60022,0,200091)
920330	(7,990113,1,200054)
920331	(20,21360009,0,0)*(7,990113,-1,200070)
920332	(1,0,5,200011)*(7,990112,1,200054)
920333	(20,21360011,0,0)*(1,3,30,200014)*(18,60023,0,200091)
920334	(20,21360012,0,0)
920335	(7,680004,1,200054)
920336	(18,80001,0,200091)
920337	(18,80002,0,200091)*(18,80003,0,200091)*(18,80004,0,200091)*(18,80005,0,200091)
920338	(18,80006,0,200091)
920339	(18,80007,0,200091)
920340	(18,80008,0,200091)
920341	(18,80018,0,200091)
920342	(20,29980003,0,0)
920343	(7,990118,1,200054)
920344	(20,29980005,0,0)
920345	(18,80009,0,200091)
920346	(18,80010,0,200091)
920347	(7,100205,2,200054)
920348	(18,80012,0,200091)
920349	(18,80013,0,200091)
920350	(18,80014,0,200091)
920351	(18,80015,0,200091)
920352	(7,990115,1,200054)
920353	(7,990119,1,200054)
920354	(7,990119,1,200054)*(14,0,50000,200067)*(1,3,30,200014)
920355	(20,29980008,0,0)*(1,0,5,200011)
920356	(35,93,0,0)
920357	(18,80016,0,200091)
920358	(7,990116,1,200054)
920359	(20,29980009,0,0)*(18,80017,0,200091)
920360	(14,0,10000,200067)
920361	(7,990121,1,200054)
920362	(20,29980010,0,0)
920363	(20,29980011,0,0)
920364	(20,29980012,0,0)
920365	(7,990120,1,200054)
920366	(20,29980013,0,0)
920367	(20,29980014,0,0)
920368	(21,0,6002123,0)*(1,0,1,200011)*(7,100265,2,200054)
920369	(21,0,6002124,0)
920370	(7,990117,1,200054)*(7,990014,1,200054)
920371	(20,29980015,0,0)
920372	(7,990114,1,200054)
920373	(7,990122,1,200054)
920374	(7,990123,1,200054)
920375	(1,2,-20,200055)*(7,990122,1,200054)
920376	(18,80019,0,200091)
920377	(20,29980021,0,0)
920378	(7,990123,1,200054)*(1,2,-20,200055)
920379	(20,29980027,0,0)
920380	(35,93,0,0)
920381	(18,80020,0,200091)
920382	(18,80021,0,200091)
920383	(18,80022,0,200091)
920384	(1,3,2,210027)
920385	(20,29980032,0,0)
920386	(1,3,5,210028)
920387	(14,0,-9999999,210029)
920388	(20,29980031,0,0)*(1,0,5,200011)*(7,100265,2,200054)
920389	(20,29980031,0,0)
920390	(1,0,5,200011)*(7,990124,1,200054)
920391	(18,80023,0,200091)
920392	(20,29980036,0,0)
920393	(18,80024,0,200091)
920394	(18,80025,0,200091)
920395	(1,0,3,200011)*(20,29920039,0,0)
920396	(7,990125,1,200054)
920397	(40,1,10003303,210019)
920398	(18,80026,0,200091)
920399	(1,0,5,200011)*(20,29980043,0,0)
920400	(1,0,5,200011)*(20,29980045,0,0)
920401	(1,0,30,200011)*(20,29980047,0,0)
920402	(20,29980048,0,0)
920403	(20,29980049,0,0)
920404	(7,300013,5,200054)
920405	(17,60011,0,200083)*(42,60011,10,200104)*(19,20011,0,200084)
920406	(17,60012,0,200083)*(42,60012,10,200104)*(19,20012,0,200084)
920407	(20,29989064,0,0)
920408	(20,29980055,0,0)
920409	(18,80027,0,200091)
920410	(20,29980056,0,0)
920411	(20,29980057,0,0)
920412	(20,29980058,0,0)*(1,0,5,200011)*(18,80028,0,200091)
920413	(18,80029,0,200091)
920414	(7,990128,1,200054)
920415	(7,990126,1,200054)
920416	(7,990127,1,200054)
920417	(20,29980059,0,0)
920418	(7,990069,1,200054)
920419	(7,990032,1,200054)
920420	(20,29980062,0,0)*(1,0,5,200011)
920421	(37,0,0,0)
920422	(1,0,3,200011)
920423	(7,300010,2,200054)
920424	(7,990129,1,200054)*(7,100205,3,200054)
920425	(1,0,3,200011)*(7,220383,1,200054)
920426	(7,990129,-1,200070)*(1,3,20,200014)*(7,310018,1,200054)
920427	(6,100015,10,200005)*(6,100016,10,200005)*(7,100412,3,200054)
920428	(20,29981001,0,0)
920429	(7,990130,1,200054)
920430	(7,990003,1,200054)
920431	(7,100265,10,200054)
920432	(7,100014,5,200054)
920433	(7,300014,3,200054)
920434	(7,990131,1,200054)
920435	(20,29981002,0,0)
920436	(7,100413,10,200054)
920437	(7,990132,1,200054)
920438	(7,990133,1,200054)
920439	(7,660015,1,200054)
920440	(20,29981003,0,0)
920441	(7,920023,1,200054)
920442	(13,20405,0,210013)*(14,0,100000,200067)
950001	(14,0,2000,200067)*(7,300007,2,200054)
950002	(14,0,4000,200067)*(7,220405,1,200054)
950003	(14,0,2000,200067)*(7,300008,2,200054)
950004	(14,0,4000,200067)*(7,200326,1,200054)
950005	(7,220208,1,200054)*(7,220110,1,200054)*(14,0,8000,200067)
950006	(7,930002,1,200054)
950007	(14,0,2000,200067)
950008	(7,300008,1,200054)
950009	(7,100104,1,200054)
950010	(7,100058,1,200054)
950011	(7,930002,1,200054)
950012	(7,220108,1,200054)
950013	(7,200334,1,200054)
950014	(14,0,5000,200067)
950015	(14,0,2000,200067)*(7,930002,1,200054)
950016	(7,930002,1,200054)*(7,100055,1,200054)
950017	(7,930002,1,200054)*(7,100103,1,200054)
950018	(7,930002,1,200054)*(7,300008,1,200054)
950019	(7,930002,1,200054)*(7,300002,1,200054)
950020	(7,930002,5,200054)
950021	(7,930002,5,200054)
950022	(14,0,2000,200067)
950023	(7,300002,2,200054)*(1,2,-5,200055)
950024	(7,300005,2,200054)*(1,2,-5,200055)
950025	(7,300008,2,200054)*(1,2,-5,200055)
950026	(7,300009,2,200054)*(7,220202,1,200054)*(1,2,-5,200055)
950027	(7,300010,2,200054)*(7,699002,1,200054)*(1,2,-5,200055)
950028	(7,300007,2,200054)*(1,2,-5,200055)
950029	(7,690015,1,200054)
950030	(7,300009,2,200054)*(7,920005,1,200054)
950031	(14,0,10000,200067)
950032	(14,0,20000,200067)
950033	(14,0,50000,200067)
950034	(14,0,2000,200067)*(7,930002,1,200054)*(7,699005,1,200054)
950035	(14,0,2000,200067)*(7,930002,1,200054)*(7,699007,1,200054)
950036	(7,930002,1,200054)*(7,300008,1,200054)*(7,200008,1,200054)
950037	(7,930002,1,200054)*(7,300002,1,200054)*(7,200007,1,200054)
950038	(7,930002,1,200054)*(7,100055,1,200054)*(7,220206,1,200054)
950039	(7,930002,1,200054)*(7,100103,1,200054)*(7,100055,1,200054)
950040	(7,930002,1,200054)*(7,699009,1,200054)
950041	(7,930002,1,200054)*(7,690010,1,200054)
950042	(7,930002,1,200054)*(7,699008,1,200054)
950043	(7,300008,1,200054)*(7,600005,1,200054)
950044	(7,220108,1,200054)*(7,699011,1,200054)
950045	(7,200334,1,200054)*(7,699010,1,200054)
980001	(35,91,0,0)
980002	(35,92,0,0)
980003	(35,93,0,0)
980004	(35,94,0,0)
980005	(35,95,0,0)
990001	(21,0,6000012,0)*(1,0,10,200011)
990002	(21,0,6000013,0)*(1,0,5,200011)
990003	(21,0,6000022,0)*(1,0,10,200011)
990004	(21,0,6000023,0)*(1,0,5,200011)
990005	(21,0,6000032,0)*(1,0,10,200011)
990006	(21,0,6000033,0)*(1,0,5,200011)
990007	(21,0,6000042,0)*(1,0,10,200011)
990008	(21,0,6000043,0)*(1,0,5,200011)
990009	(21,0,6000052,0)*(1,0,10,200011)
990010	(21,0,6000053,0)*(1,0,5,200011)
990011	(21,0,6000062,0)*(1,0,10,200011)
990012	(21,0,6000063,0)*(1,0,5,200011)
990013	(21,0,6000072,0)*(1,0,10,200011)
990014	(21,0,6000073,0)*(1,0,5,200011)
990015	(21,0,6000082,0)*(1,0,10,200011)
990016	(21,0,6000083,0)*(1,0,5,200011)
990017	(21,0,6000304,0)*(1,0,5,200011)
990018	(21,0,6000303,0)*(1,0,10,200011)
990019	(21,0,6000403,0)*(1,0,10,200011)
990020	(21,0,6000503,0)*(1,0,10,200011)
990021	(21,0,6000603,0)*(1,0,10,200011)
990022	(21,0,6000703,0)*(1,0,10,200011)
990023	(21,0,6000803,0)*(1,0,10,200011)
990024	(21,0,6000903,0)*(1,0,10,200011)
990025	(21,0,6001003,0)*(1,0,10,200011)
990026	(21,0,6001103,0)*(1,0,10,200011)
990027	(21,0,6001203,0)*(1,0,10,200011)
990028	(21,0,6001303,0)*(1,0,10,200011)
990029	(21,0,6001403,0)*(1,0,10,200011)
990030	(21,0,6001503,0)*(1,0,10,200011)
990031	(21,0,6001603,0)*(1,0,10,200011)
990032	(6,100016,10,200005)
990033	(6,100016,5,200005)
990034	(6,100094,10,200005)
990035	(6,100094,5,200005)
990036	(40,0,10007803,210026)
990037	(40,0,10006003,210026)
990038	(40,0,10009204,210026)
990039	(40,0,10009103,210026)
990040	(40,0,10009403,210026)
990041	(40,0,10029703,210026)
990042	(40,0,10009803,210026)
990043	(40,0,10029903,210026)
990044	(40,0,10003303,210026)
990045	(40,0,10005803,210026)
990046	(40,0,10003503,210026)
990047	(40,0,10008503,210026)
990048	(40,0,10007203,210026)
990049	(40,0,10005502,210026)
990050	(40,0,10005703,210026)
990051	(40,0,10005603,210026)
990052	(40,0,10004304,210026)
990053	(40,0,10003604,210026)
990054	(40,0,10005403,210026)
990055	(40,0,10041903,210026)
990056	(40,0,10002903,210026)
990057	(40,0,10005902,210026)
990058	(40,0,10002104,210026)
990059	(40,0,10008202,210026)
990060	(35,13,0,0)
990061	(35,14,0,0)
990062	(35,15,0,0)
990063	(35,16,0,0)
990064	(35,17,0,0)
990065	(35,18,0,0)
990066	(35,87,0,0)
990067	(35,88,0,0)
990068	(35,89,0,0)
990069	(35,90,0,0)
990070	(35,86,0,0)
990071	(20,21170005,0,0)
990072	(40,0,10001401,210026)
990073	(40,1,10001401,210019)