#iRoutineID	sRoutineName	sModelName	iWearAmsType	iLinkSkill1	iLinkSkill2	iLeamLevel1	iLinkSkill3	iLeamLevel2	sExp	sIcon	iRoutineType	sSpecialAdd	 
10001	大天自在掌	TL_ysky	1	100001001	100001002	0	100001003	0	0	RoutinImage01	3	0,0	0
10002	大天自在掌	TL_sky	1	100002001	100002002	0	100002003	0	0	RoutinImage01	3	0,0	0
10003	唯我独尊功	TL_sky	1	100001004	100001005	0	0	0	0	RoutinImage01	3	0,0	0
10006	霸秦九龙破	TL_ydragon	1	100003001	100003002	0	100003003	0	0	RoutinImage01	1	0,0	0
10007	霸秦九龙破	TL_dragon	1	100004001	100004002	0	100004003	0	0	RoutinImage01	1	0,0	0
10011	修罗无情刀	TL_xiuluo	5	100005001	100005002	0	100005003	0	0	RoutinImage05	1	0,0	0
10016	飞瀑连天诀	TL_naluo	9	100007001	100007002	0	100007003	0	0	RoutinImage10	5	0,0	0
10021	七弦剑意	TL_bitch	9	100008001	100008002	0	100008003	0	0	RoutinImage10	5	0,0	0
10026	金翼斩	TL_eagle	2	100009001	100009002	0	100009003	0	0	RoutinImage02	1	0,0	0
10031	摧魂百毒掌	TL_mohu	1	100010001	100010002	0	100010003	0	0	RoutinImage01	5	0,0	0
10036	冰火莲掌	TL_ghost	1	100011001	100011002	0	100011003	0	0	RoutinImage02	3	0,0	0
10041	无名剑法	TL_eastxi	4	100012001	100012002	0	100012003	0	0	RoutinImage04	3	0,0	0
10046	水浒英雄掌	Xyg_Xuan	1	100015001	100015002	0	100015003	0	0	RoutinImage01	4	0,0	0
10051	刀剑十杀	Xyg_Gingi	4	100016001	100016002	0	100016003	0	0	RoutinImage05	3	0,0	0
10052	刀剑十杀	Xyg_Gingi	4	100016004	100016005	0	0	0	0	RoutinImage05	3	0,0	0
10053	刀剑十杀	Xyg_Gingi	4	100016006	0	0	0	0	0	RoutinImage05	3	0,0	0
10056	天山六阳掌	Xyg_master	1	100017001	100017002	0	100017003	0	0	RoutinImage01	3	0,0	0
10061	玄冥七杀	Xyg_Xuanmin	2	100018001	100018002	0	100018003	0	0	RoutinImage02	5	0,0	0
10066	胡家刀法	Xyg_Hu	5	100019001	100019002	0	100019003	0	0	RoutinImage05	2	0,0	0
10071	白虹掌	Xyg_Xiao	1	100020001	100020002	0	0	0	0	RoutinImage01	5	0,0	0
10076	庖丁解牛刀	Xyg_wanglong	5	100021001	100021002	0	100021003	0	0	RoutinImage05	3	3,8	100
10081	震天槌	Etc_54lei	6	100023001	100023002	0	0	0	0	RoutinImage13	3	0,0	0
10086	云长刀	Etc_54jie	5	100022001	100022002	0	0	0	0	RoutinImage05	3	0,0	0
10091	惊风指	Etc_54zhao	2	100024001	100024002	0	0	0	0	RoutinImage02	3	0,0	0
10096	飞鸿拳	Etc_54sai	1	100025001	100025002	0	0	0	0	RoutinImage01	3	0,0	0
10097	无影脚	Etc_54sai	3	100025003	0	0	0	0	0	RoutinImage03	3	0,0	0
10098	无影脚	Etc_54sai	3	100025004	0	0	0	0	0	RoutinImage03	3	0,0	0
10099	无影脚	Etc_54sai	3	100025005	0	0	0	0	0	RoutinImage03	3	0,0	0
10101	醉拳	Wyg_Wine	1	100026001	100026002	0	100026003	0	0	RoutinImage01	4	0,0	0
10102	满天流星	Wyg_Chess	8	100027001	100027002	0	100027003	0	0	RoutinImage09	4	0,0	0
10103	金针截脉	Wyg_Doctor	2	100028001	100028002	0	100028003	0	0	RoutinImage02	3	0,0	0
10104	余音绕梁	Wyg_Music	9	100029001	100029002	0	100029003	0	0	RoutinImage10	3	0,0	0
10105	桃花扇	Wyg_Book	7	100030001	100030002	0	0	0	0	RoutinImage907	4	0,0	0
10106	天龙八部功	Wyg_Paint	1	100031001	100031002	0	0	0	0	RoutinImage01	3	0,0	0
10107	黑苗蛊术	Wyg_Poison	8	100033001	100033002	0	0	0	0	RoutinImage09	3	0,0	0
10108	百花错拳	Wyg_Flower2	1	100032001	100032002	0	100032003	0	0	RoutinImage01	3	0,0	0
10109	万剑归宗	SwordHoly	4	100034001	100034002	0	100034003	0	0	RoutinImage04	3	0,0	0
10110	清莲印法	Wyg_Sheng	1	100035003	100035001	0	100035002	0	0	RoutinImage01	4	4,3	100
10112	江湖刀法	Lier_tiger	5	100112001	0	0	0	0	0	RoutinImage05	2	0,0	0
10113	江湖刀法	Lier_tiger	5	100112002	0	0	0	0	0	RoutinImage05	2	0,0	0
10116	江湖锤法	Lier_dragon	6	100113002	0	0	0	0	0	RoutinImage13	2	0,0	0
10117	江湖锤法	Lier_dragon	6	100113001	0	0	0	0	0	RoutinImage13	2	0,0	0
10118	狂风快剑	Sword_Feng	4	100072001	100072002	0	100072003	0	0	RoutinImage04	3	0,0	0
10119	狂风快剑	Sword_Feng	4	100072004	100072005	0	0	0	0	RoutinImage04	3	0,0	0
10120	狂风快剑	Sword_Feng	4	100072004	0	0	0	0	0	RoutinImage04	3	0,0	0
10127	水浒英雄掌	Xyg_xuan	1	100015001	100015002	0	100015003	0	0	RoutinImage01	5	0,0	0
10128	水浒英雄掌	Xyg_xuan	1	100015004	100015005	0	0	0	0	RoutinImage01	5	0,0	0
10129	水浒英雄掌	Xyg_xuan	1	100015006	0	0	0	0	0	RoutinImage01	5	0,0	0
10137	力劈华山	Robber_Heifon	5	100111001	0	0	0	0	0	RoutinImage05	2	0,0	0
10142	擒杀术	Robber_big	2	100107001	100107002	0	0	0	0	RoutinImage02	2	0,0	0
10147	擒杀术	Robber_small	1	100108001	100108002	0	0	0	0	RoutinImage01	2	0,0	0
10157	般若拳	SL_Wujie	1	100048001	100048002	0	100048003	0	0	RoutinImage01	2	0,0	0
10161	天门十三剑	Sword_master	4	100071001	100071002	0	100071003	0	0	RoutinImage04	3	0,0	0
10166	五岳剑意	Weapon_nan	4	100094001	100094002	0	100094003	0	0	RoutinImage04	3	0,0	0
10167	五岳剑意	Weapon_nan	4	100094004	100094005	0	0	0	0	RoutinImage04	3	0,0	0
10168	五岳剑意	Weapon_nan	4	100094006	0	0	0	0	0	RoutinImage04	3	0,0	0
10171	九转绝命刀	Blade_master	5	100084001	100084002	0	100084003	0	0	RoutinImage05	1	0,0	0
10176	阴阳极刀	Blade_Fei	5	100085001	100085002	0	100085003	0	0	RoutinImage05	3	0,0	0
10177	阴阳极刀	Blade_Fei	5	100085004	100085005	0	0	0	0	RoutinImage05	3	0,0	0
10178	阴阳极刀	Blade_Fei	5	100085006	0	0	0	0	0	RoutinImage05	3	0,0	0
10180	吞食天地	TL_eat	11	100126004	100126005	0	0	0	0	RoutinImage11	2	0,0	0
10181	吞食天地	TL_eat	11	100126001	100126002	0	0	0	0	RoutinImage11	2	0,0	0
10182	吞食天地	TL_eat	11	100126003	0	0	0	0	0	RoutinImage11	2	0,0	0
10186	庖丁解牛刀	Xyg_wanglong	5	100021001	100021002	0	100021003	0	0	RoutinImage05	3	3,8	100
10191	霸王剑法	Etc_fu	4	100092001	100092002	0	100092003	0	0	RoutinImage04	3	0,0	0
10192	杂烩剑法	Etc_fu	4	100092004	100092005	0	0	0	0	RoutinImage04	3	0,0	0
10193	杂烩剑法	Etc_fu	4	100092006	0	0	0	0	0	RoutinImage04	3	0,0	0
10194	霸王剑法	Etc_fu	4	100092001	100092002	0	0	0	0	RoutinImage04	3	0,0	0
10196	霹雳刀法	Pili_red2	5	100057001	100057002	0	100057003	0	0	RoutinImage05	2	2,7	60
10197	霹雳刀法	Pili_red2	5	100057004	100057005	0	0	0	0	RoutinImage05	2	2,7	60
10198	霹雳刀法	Pili_red2	5	100057006	0	0	0	0	0	RoutinImage05	2	2,7	60
10201	降龙十八掌	Gb_Xiaoyao	1	100098001	100098002	0	100098003	0	0	RoutinImage01	1	0,0	0
10202	降龙十八掌	Gb_Xiaoyao	1	100098004	100098005	0	0	0	0	RoutinImage01	1	0,0	0
10203	降龙十八掌	Gb_Xiaoyao	1	100098006	0	0	0	0	0	RoutinImage01	1	0,0	0
10206	长虹刀法	Biao_Wei	5	100078001	100078002	0	100078003	0	0	RoutinImage05	2	0,0	0
10207	长虹刀法	Biao_Wei	5	100078004	100078005	0	0	0	0	RoutinImage05	2	0,0	0
10211	天罡拳	Jiang_Yu	1	100075001	100075002	0	100075003	0	0	RoutinImage01	2	0,0	0
10212	天罡拳	Jiang_Yu	1	100075004	100075005	0	0	0	0	RoutinImage01	2	0,0	0
10213	天罡拳	Jiang_Yu	1	100075006	0	0	0	0	0	RoutinImage01	2	0,0	0
10216	宝相如来棍	SL_Xue	6	100043001	100043002	0	100043003	0	0	RoutinImage06	2	0,0	0
10217	宝相如来棍	SL_Xue	6	100043004	100043005	0	0	0	0	RoutinImage06	2	0,0	0
10218	宝相如来棍	SL_Xue	6	100043006	0	0	0	0	0	RoutinImage06	2	0,0	0
10221	天羽奇剑	TS_Juan	4	100120001	100120002	0	0	0	0	RoutinImage04	4	0,0	0
10225	醉吞山河	TL_drink	1	100127004	100127005	0	0	0	0	RoutinImage01	2	0,0	0
10226	醉吞山河	TL_drink	1	100127001	100127002	0	0	0	0	RoutinImage01	2	0,0	0
10227	醉吞山河	TL_drink	1	100127003	0	0	0	0	0	RoutinImage01	2	0,0	0
10230	鹰指功	TL_sex	2	100128004	100128005	0	0	0	0	RoutinImage02	4	0,0	0
10231	鹰指功	TL_sex	2	100128001	100128002	0	0	0	0	RoutinImage02	4	0,0	0
10232	鹰指功	TL_sex	2	100128003	0	0	0	0	0	RoutinImage02	4	0,0	0
10235	灌骰拳	TL_gamble	8	100129004	100129005	0	0	0	0	RoutinImage09	3	0,0	0
10236	灌骰拳	TL_gamble	8	100129001	100129002	0	0	0	0	RoutinImage09	3	0,0	0
10237	灌骰拳	TL_gamble	8	100129003	0	0	0	0	0	RoutinImage09	3	0,0	0
10241	天鬼爪	TL_pupil	2	100130001	0	0	0	0	0	RoutinImage02	4	0,0	0
10242	天鬼爪	TL_pupil	2	100130002	0	0	0	0	0	RoutinImage02	4	0,0	0
10243	天鬼爪	TL_pupilxl	2	100130003	100130004	0	0	0	0	RoutinImage02	4	0,0	0
10246	冰火莲掌	TL_ghost	1	100011001	100011002	0	100011003	0	0	RoutinImage02	5	0,0	0
10251	八卦刀法	BG_sheng02	5	100089001	100089002	0	100089003	0	0	RoutinImage05	3	0,0	0
10252	八卦刀法	BG_sheng02	5	100089004	100089005	0	0	0	0	RoutinImage05	3	0,0	0
10256	千秋刀法	BG_master	5	100088001	100088002	0	100088003	0	0	RoutinImage05	3	0,0	0
10261	八卦刀法	BG_pupil	5	100090001	100090002	0	0	0	0	RoutinImage05	3	0,0	0
10262	八卦刀法	BG_pupil	5	100090003	0	0	0	0	0	RoutinImage05	3	0,0	0
10266	太极拳	WD_Gushi	1	100036001	100036002	0	100036003	0	0	RoutinImage01	3	0,0	0
10267	太极拳	WD_Gushi	1	100036004	100036005	0	0	0	0	RoutinImage01	3	0,0	0
10268	太极拳	WD_Gushi	1	100036006	0	0	0	0	0	RoutinImage01	3	0,0	0
10271	太极剑法	WD_fang	4	100037001	100037002	0	100037003	0	0	RoutinImage04	3	0,0	0
10272	太极剑法	WD_fang	4	100037004	100037005	0	0	0	0	RoutinImage04	3	0,0	0
10273	太极剑法	WD_fang	4	100037006	0	0	0	0	0	RoutinImage04	3	0,0	0
10276	太极剑法	WD_master	4	100038001	100038002	0	100038003	0	0	RoutinImage04	3	0,0	0
10281	太极剑法	WD_guya	4	100040001	100040002	0	100040003	0	0	RoutinImage04	3	0,0	0
10286	太极剑法	WD_older	4	100041001	100041002	0	100041003	0	0	RoutinImage04	3	0,0	0
10291	武当剑法	WD_pupil	4	100042001	100042002	0	0	0	0	RoutinImage04	3	0,0	0
10292	绕指柔剑	WD_pupil	4	100042003	100042004	0	100042005	0	0	RoutinImage04	3	0,0	0
10296	妙谛指	SL_master01	2	100044001	100044002	0	100044003	0	0	RoutinImage02	1	0,0	0
10301	宝相如来棍	SL_Wuse	6	100045001	100045002	0	100045003	0	0	RoutinImage06	1	0,0	0
10306	宝相如来棍	SL_Wuhei	6	100046001	100046002	0	100046003	0	0	RoutinImage06	1	0,0	0
10311	大力金刚掌	SL_Wucheng	1	100047001	100047002	0	100047003	0	0	RoutinImage01	1	0,0	0
10316	般若拳	SL_Pupil	1	100049001	100049002	0	0	0	0	RoutinImage01	2	0,0	0
10321	拂尘棍	SL_Pupil02	6	100050001	100050002	0	0	0	0	RoutinImage06	2	0,0	0
10326	燃木刀	Golden18_blade	5	100051001	100051002	0	0	0	0	RoutinImage05	2	0,0	0
10331	宝相如来棍	Golden18_staff	6	100052001	100052002	0	0	0	0	RoutinImage06	2	0,0	0
10336	罗汉拳	Golden18_cuff	1	100053001	100053002	0	0	0	0	RoutinImage01	2	0,0	0
10341	子母天钩	XL_ren	11	100054001	100054002	0	100054003	0	0	RoutinImage07	4	4,7	40
10344	骗术大全	Lier_zhao	11	100055001	100055002	0	100055003	0	0	RoutinImage01	4	2,8	30
10346	狩日弓法	Hunter_ziwen	11	100056001	100056002	0	100056003	0	0	RoutinImage12	2	3,1	80
10347	银蛇鞭法	Hunter_ziwen	10	100056004	100056005	0	100056006	0	0	RoutinImage08	4	3,1	80
10348	银蛇鞭法	Hunter_ziwen	10	100056007	100056008	0	0	0	0	RoutinImage08	4	3,1	80
10351	毒龙追魂鞭	DL_blue	10	100058001	100058002	0	100058003	0	0	RoutinImage08	4	4,2	60
10356	燕子刺	Etc_shiyan	7	100059001	100059002	0	100059003	0	0	RoutinImage07	4	3,6	100
10357	燕子刺	Etc_shiyan	7	100059004	100059005	0	0	0	0	RoutinImage07	4	3,6	100
10360	野球拳	Fist_chili	1	100060001	100060002	0	100060004	0	0	RoutinImage01	3	2,0	200
10361	野球拳	Fist_chili	1	100060001	100060002	0	0	0	0	RoutinImage01	3	2,0	200
10362	野球拳	Fist_chili	1	100060003	0	0	0	0	0	RoutinImage01	3	2,0	200
10366	心合意气流	killer_snow	5	100061001	100061002	0	100061003	0	0	RoutinImage05	4	4,6	30
10367	心合意气流	killer_snow	5	100061004	100061005	0	0	0	0	RoutinImage05	4	4,6	30
10368	心合意气流	killer_snow2	5	100062001	100062002	0	100062003	0	0	RoutinImage05	4	4,6	30
10369	心合意气流	killer_black	5	100063001	100063002	0	0	0	0	RoutinImage05	4	4,6	30
10371	六扇棍法	Guanfu_Gan	6	100065001	0	0	0	0	0	RoutinImage06	2	0,0	0
10376	水浒英雄棍	Guanfu_shiyi	6	100066001	0	0	0	0	0	RoutinImage06	2	0,0	0
10381	毒龙追魂鞭	DL_yellow	8	100067001	100067002	0	100067003	0	0	RoutinImage08	4	0,0	0
10382	毒龙追魂鞭	DL_yellow	8	100067004	100067005	0	100067006	0	0	RoutinImage08	4	0,0	0
10386	毒龙追魂鞭	DL_pupil	8	100068001	100068002	0	0	0	0	RoutinImage08	4	0,0	0
10386	毒龙追魂鞭	DL_pupil	8	100068001	100068002	0	0	0	0	RoutinImage08	4	0,0	0
10387	毒龙追魂鞭	DL_pupil2	8	100069001	100069002	0	0	0	0	RoutinImage08	4	0,0	0
10391	霹雳刀法	Pili_pupil	5	100070001	100070002	0	100070004	0	0	RoutinImage05	4	0,0	0
10392	霹雳刀法	Pili_pupil	5	100070003	100070005	0	0	0	0	RoutinImage05	4	0,0	0
10396	天门十三剑	Sword_master	4	100071001	100071002	0	100071003	0	0	RoutinImage04	1	0,0	0
10401	狂风快剑	Sword_pupil	4	100073001	100073002	0	0	0	0	RoutinImage04	2	0,0	0
10402	狂风快剑	Sword_pupil	4	100073003	0	0	0	0	0	RoutinImage04	2	0,0	0
10406	天罡拳	Jiang_Tian	1	100074001	100074002	0	100074003	0	0	RoutinImage01	1	0,0	0
10407	天罡拳	Jiang_Tian	1	100074004	100074005	0	100074006	0	0	RoutinImage01	1	0,0	0
10411	长虹刀法	Biao_master	5	100077001	100077002	0	100077003	0	0	RoutinImage05	3	0,0	0
10416	长虹刀法	Biao_pupil	5	100079001	100079002	0	0	0	0	RoutinImage05	3	0,0	0
10417	长虹刀法	Biao_pupil	5	100079003	0	0	0	0	0	RoutinImage05	3	0,0	0
10421	唐门大散手	TM_master	8	100080001	100080002	0	100080003	0	0	RoutinImage09	5	0,0	0
10426	唐门大散手	TM_Guannan	8	100081001	100081002	0	100081003	0	0	RoutinImage09	4	0,0	0
10427	唐门大散手	TM_Guannan	8	100081004	100081005	0	0	0	0	RoutinImage09	4	0,0	0
10428	唐门大散手	TM_pupil	8	100083001	0	0	0	0	0	RoutinImage09	3	0,0	0
10429	唐门大散手	TM_pupil	8	100083002	0	0	0	0	0	RoutinImage09	3	0,0	0
10431	小李飞刀	TM_Chunhei	8	100082001	100082002	0	0	0	0	RoutinImage09	4	0,0	0
10436	阴阳极刀	Blade_pupil	5	100086001	100086002	0	0	0	0	RoutinImage05	3	0,0	0
10437	阴阳极刀	Blade_pupil	5	100086001	0	0	0	0	0	RoutinImage05	3	0,0	0
10441	天山幻影剑	TS_Yang	4	100091001	100091002	0	100091003	0	0	RoutinImage04	4	0,0	0
10446	五岳剑意	Weapon_master	4	100093001	100093002	0	100093003	0	0	RoutinImage04	3	0,0	0
10451	重剑无锋	Weapon_pupil	4	100095001	100095002	0	0	0	0	RoutinImage04	3	0,0	0
10456	药王锄法	BC_Gong	6	100096001	100096002	0	100096003	0	0	RoutinImage06	4	0,0	0
10457	药王锄法	BC_Gong	6	100096004	100096005	0	0	0	0	RoutinImage06	4	0,0	0
10461	药王锄法	BC_pupil	6	100097001	100097002	0	0	0	0	RoutinImage06	4	0,0	0
10462	药王锄法	BC_pupil	6	100097003	100097004	0	0	0	0	RoutinImage06	4	0,0	0
10466	降龙十八掌	Gb_master	1	100099001	100099002	0	100099003	0	0	RoutinImage01	1	0,0	0
10471	打狗棍法	Gb_Lihou	6	100100001	100100002	0	100100003	0	0	RoutinImage06	3	0,0	0
10476	打狗棍法	Gb_older	6	100101001	100101002	0	100101003	0	0	RoutinImage06	3	0,0	0
10481	沿街行乞拳	Gb_pupil01	1	100102001	100102002	0	0	0	0	RoutinImage01	2	0,0	0
10482	沿街行乞拳	Gb_pupil01	1	100102003	0	0	0	0	0	RoutinImage01	2	0,0	0
10486	莲花施舍棍	Gb_pupil02	6	100103001	100103002	0	0	0	0	RoutinImage06	2	0,0	0
10491	厄难毒功	Killer_poison	1	100104001	100104002	0	0	0	0	RoutinImage01	5	0,0	0
10496	迷情大法	Killer_sex	1	100105001	100105002	0	0	0	0	RoutinImage11	4	0,0	0
10501	擒杀术	Killer_crazy	1	100106001	100106002	0	0	0	0	RoutinImage01	2	0,0	0
10506	阎王令	Robber_black	7	100109001	100109002	0	0	0	0	RoutinImage07	4	0,0	0
10511	索命镰	Robber_white	7	100110001	100110002	0	0	0	0	RoutinImage07	4	0,0	0
10516	残花宝鉴	East_chen	2	100115001	100115002	0	100115003	0	0	RoutinImage02	5	0,0	0
10521	牙突	East_killer	5	100116001	0	0	0	0	0	RoutinImage05	4	0,0	0
10526	朝廷刀法	Guanfu_pupil	5	100117001	0	0	0	0	0	RoutinImage05	3	0,0	0
10531	天山幻影剑	TS_master	4	100118001	100118002	0	100118003	0	0	RoutinImage04	5	0,0	0
10536	两仪回风拳	TS_Yilan	1	100119001	100119002	0	0	0	0	RoutinImage01	5	0,0	0
10541	天羽奇剑	TS_Juan	4	100120001	100120002	0	0	0	0	RoutinImage04	4	0,0	0
10546	天羽奇剑	TS_pupil	4	100121001	0	0	0	0	0	RoutinImage04	4	0,0	0
10547	天羽奇剑	TS_pulgirl	4	100120001	0	0	0	0	0	RoutinImage04	4	0,0	0
10548	如来神掌	TS_pupil	4	100121002	100121003	0	100121004	0	0	RoutinImage04	4	0,0	0
10551	观清百景剑	CC_purple	4	100122001	100122002	0	100122003	0	0	RoutinImage04	3	0,0	0
10556	观清百景剑	CC_green	4	100123001	100123002	0	100123003	0	0	RoutinImage04	3	0,0	0
10561	松风剑法	CC_pupil	4	100124001	0	0	0	0	0	RoutinImage04	3	0,0	0
10562	玉女十九剑	WS_Cao	4	100125001	100125002	0	0	0	0	RoutinImage04	3	0,0	0
10563	夺命三仙剑	WS_master	4	100245003	100245001	0	100245002	0	0	RoutinImage04	3	0,0	0
10564	华山剑法	WS_pupil1	4	100246001	100246002	0	0	0	0	RoutinImage04	3	0,0	0
10636	玉萧剑法	TL_gongxiyao	9	100013001	100013002	0	100013003	0	0	RoutinImage07	5	0,0	0
70000	挥剑	Player_sw	4	100014000	0	0	0	0	1	RoutinImage04	3	0,0	0
70001	逍遥拳法	Player_un	1	100014001	100014002	8	0	0	1	RoutinImage101	4	1,2	50
70002	野球拳	Player_un	1	100014003	100014004	6	100014152	10	4	RoutinImage102	2	1,1	50
70003	天山六阳掌	Player_un	1	100014007	100014008	7	100014009	10	2	RoutinImage103	1	1,5	50
70004	醉拳	Player_un	1	100014010	100014011	7	100014012	10	3	RoutinImage104	3	4,6	50
70005	摧魂腐心掌	Player_un	1	100014013	100014014	9	0	0	1	RoutinImage105	5	4,2	50
70006	拜月七诀	Player_un	1	100014015	100014016	6	100014017	9	3	RoutinImage106	5	1,5	50
70007	降龙十八掌	Player_un	1	100014018	100014019	8	100014020	10	3	RoutinImage107	1	1,3	50
70008	如来九印	Player_un	1	100014021	100014022	6	100014023	9	3	RoutinImage108	1	0,2	30
70009	一阳指	Player_un	2	100014024	100014025	7	100014225	9	3	RoutinImage201	1	4,3	50
70010	九阴龙爪功	Player_un	2	100014026	100014027	5	100014028	8	2	RoutinImage202	5	4,2	50
70011	飞瀑连环指	Player_un	2	100014029	100014030	5	100014031	8	2	RoutinImage203	5	1,0	50
70012	六脉神剑	Player_un	2	100014032	100014033	10	0	0	3	RoutinImage401	3	1,5	50
70013	情意七剑	Player_sw	4	100014037	100014035	5	100014036	8	2	RoutinImage402	4	4,7	50
70014	逍遥剑法	Player_sw	4	100014034	100014038	6	0	0	1	RoutinImage403	4	1,4	30
70015	诸子剑法	Player_sw	4	100014039	100014040	7	100014041	9	1	RoutinImage404	3	4,5	35
70016	独孤九剑	Player_sw	4	100014042	100014043	6	100014044	10	4	RoutinImage405	3	0,4	40
70017	太王四神剑	Player_sw	4	100014045	100014046	6	100014047	9	2	RoutinImage406	3	2,3	20
70018	庖丁解牛刀	Player_bl	5	100014048	100014049	5	100014050	8	2	RoutinImage501	2	3,8	50
70019	逍遥刀法	Player_bl	5	100014051	100014052	7	0	0	1	RoutinImage05	1	1,3	20
70020	无极刀法	Player_bl	5	100014053	100014054	5	100014055	8	2	RoutinImage503	3	2,4	20
70021	霹雳刀法	Player_bl	5	100014056	100014057	5	100014058	8	3	RoutinImage504	2	2,4	30
70022	逍遥棍法	Player_st	6	100014059	100014060	6	0	0	1	RoutinImage601	3	1,4	30
70023	醉棍	Player_st	6	100014061	100014062	8	100014063	10	3	RoutinImage602	3	4,6	50
70024	打狗棍法	Player_st	6	100014064	100014065	7	100014066	10	3	RoutinImage603	1	1,4	40
70025	满天流星	Player_hw	8	100014067	100014068	5	100014069	8	1	RoutinImage901	3	4,1	35
70026	霹雳九天	Player_hw	8	100014070	100014071	7	0	0	2	RoutinImage902	2	3,6	40
70027	太祖长拳	Player_un	1	100014005	0	0	0	0	2	RoutinImage01	3	0,2	5
70028	风花雪月曲	Player_mu	9	100014132	100014133	5	100014134	8	1	RoutinImage10	3	4,0	30
70029	悲欢离合曲	Player_mu	9	100014135	100014136	5	100014137	8	1	RoutinImage10	3	4,0	30
70030	四大美人曲	Player_mu	9	100014138	100014139	5	100014140	8	2	RoutinImage10	3	4,0	30
70031	房玄龄碑	Player_pen	7	100014141	100014142	7	0	0	2	RoutinImage07	3	4,5	40
70032	佛山无影脚	Player_leg	3	100014144	100014145	5	0	0	3	RoutinImage03	3	1,4	50
70033	风神腿法	Player_leg	3	100014147	100014148	6	100014149	9	1	RoutinImage03	3	2,2	50
70034	小李飞刀	Player_hw	8	100014150	100014151	9	0	0	1	RoutinImage910	3	1,0	50
70035	少商剑法	Player_un	2	100014032	0	0	0	0	2	RoutinImage02	3	1,5	30
70036	第三套暗器	Player_hw	8	100014072	100014073	5	100014074	8	3	RoutinImage901	3	0,0	30
70037	生死符	Player_hw	8	100014153	100014154	6	0	0	1	RoutinImage905	3	1,5	40
70038	逍遥迷踪腿	Player_leg	3	100014156	100014157	6	0	0	1	RoutinImage911	3	1,4	50
70039	逍遥指	Player_un	2	100014159	100014160	6	0	0	1	RoutinImage908	3	1,0	40
70040	逍遥扇	Player_fan	7	100014162	100014163	6	0	0	1	RoutinImage906	3	1,4	40
70041	桃花扇	Player_fan	7	100014165	100014166	6	0	0	2	RoutinImage907	3	1,2	40
70042	唐家霸王枪	Player_st	6	100014169	100014170	5	100014171	7	3	RoutinImage914	3	0,3	8
70043	十二路镇魂腿	Player_leg	3	100014175	100014176	5	100014177	7	2	RoutinImage903	3	2,2	50
70044	狂风迅雷功	Player_fan	7	100014178	100014179	5	100014180	7	2	RoutinImage909	3	1,5	40
70045	墨笔三绝	Player_pen	7	100014181	100014182	5	100014183	7	2	RoutinImage913	3	2,6	40
70046	胡家刀法	Player_bl	5	100014184	100014185	5	100014186	7	3	RoutinImage502	3	2,4	40
70047	阿猴挽仙桃	Player_un	2	100014187	100014188	5	100014189	7	3	RoutinImage904	3	0,4	100
70048	臭垢功	Player_hw	8	100014220	100014221	10	0	0	3	RoutinImage940	3	2,7	20
70049	刀剑十杀	Player_bs	14	100014190	100014191	5	100014192	8	1	RoutinImage917	3	1,4	40
70050	幽冥十三式	Player_ss	14	100014193	100014194	5	100014195	8	3	RoutinImage935	3	2,3	40
70051	刀剑归真	Player_bs	14	100014196	100014197	5	100014198	8	3	RoutinImage916	3	0,4	50
70052	辟邪剑法	Player_sw	4	100014199	100014200	5	100014201	8	4	RoutinImage936	3	1,5	60
70053	百足蜈钩	Player_hh	14	100014202	100014203	5	100014204	8	3	RoutinImage922	3	1,3	40
70054	金蛇剑法	Player_sw	4	100014205	100014206	5	100014207	8	3	RoutinImage930	3	1,2	40
70055	蛊血神弹	Player_hw	8	100014208	100014209	5	100014210	8	3	RoutinImage938	3	4,2	40
70056	缠丝八爪	Player_un	2	100014211	100014212	5	100014213	8	3	RoutinImage918	3	4,2	50
70057	螳螂拳	Player_un	1	100014214	100014215	5	100014216	8	3	RoutinImage934	3	1,4	50
70058	慈悲刀法	Player_bl	5	100014217	100014218	5	100014219	8	3	RoutinImage919	3	0,2	25
70059	药王神针	Player_hw	8	100014222	100014223	5	100014224	8	3	RoutinImage923	3	4,3	40
70060	唐门大散手	Player_hw	8	100014072	100014073	5	100014074	8	3	RoutinImage09	3	2,7	40
10244	天鬼爪	TL_pupil	2	100130002	100130004	0	0	0	0	RoutinImage02	4	0,0	0
10566	子母天钩	Xiuluo_01	2	100131001	100131002	0	0	0	0	RoutinImage02	4	0,0	0
10571	断魂掌	Xiuluo_02	1	100132001	100132002	0	100132003	0	0	RoutinImage01	4	0,0	0
10576	子母天钩	Xiuluo_03	2	100133001	0	0	0	0	0	RoutinImage02	4	0,0	0
10581	玄阴爪功	Chouba	2	100136001	0	0	0	0	0	RoutinImage02	2	0,0	0
10582	玄阴爪功	Chouba	2	100136002	0	0	0	0	0	RoutinImage02	2	0,0	0
10586	龙象般若掌	W_master	1	100139001	100139002	0	100139003	0	0	RoutinImage01	2	0,0	0
10152	梵天降魔杵	W_pupil	6	100140001	100140002	0	0	0	0	RoutinImage13	2	0,0	0
10153	无上金刚杵	W_pupil	6	100140003	100140004	0	0	0	0	RoutinImage13	2	0,0	0
10591	鲛杀刀	Etc_shark1	5	100141001	100141002	0	100141003	0	0	RoutinImage05	2	0,0	0
10601	鲛杀枪	Etc_shark2	6	100142001	100142002	0	0	0	0	RoutinImage06	2	0,0	0
10606	啄人睛	Etc_eagle	11	100143001	100143002	0	100143003	0	0	RoutinImage02	2	0,0	0
10611	倭刀术	Etc_jp01	5	100144001	0	0	0	0	0	RoutinImage05	2	0,0	0
10616	倭刀术	Etc_jp02	5	100145001	100145002	0	0	0	0	RoutinImage05	2	0,0	0
10132	力劈华山	Robber_horse	5	100224001	0	0	0	0	0	RoutinImage05	2	0,0	0
10631	崩云刀法	KF_ruxiulin	5	100297001	100297002	0	100297003	0	0	RoutinImage05	2	0,0	0
10632	崩云刀法	KF_ruxiulin	5	100297004	100297005	0	0	0	0	RoutinImage05	2	0,0	0
10633	金风刀法	KF_pupil	5	100296001	0	0	0	0	0	RoutinImage05	2	0,0	0
10522	锦衣卫功夫	Guanfu_killer	5	100284001	0	0	0	0	0	RoutinImage05	4	0,0	0
10625	大力金刚拳	SL_wdien	1	100298001	100298002	0	100298003	0	0	RoutinImage01	1	0,0	0
10621	青城绝剑	CC_yen	4	100299001	100299002	0	100299003	0	0	RoutinImage04	1	0,0	0
10622	青城绝剑	CC_yen	4	100299004	100299005	0	0	0	0	RoutinImage04	1	0,0	0
10623	青城绝剑	CC_yen	4	100299006	0	0	0	0	0	RoutinImage04	1	0,0	0
10062	玄冥七杀	Xyg_Xuanmin2	2	100311001	100311002	0	100311003	0	0	RoutinImage02	5	0,0	0
10063	玄冥七杀	Xyg_Xuanmin2	2	100311004	100311005	0	100311006	0	0	RoutinImage02	5	0,0	0
10638	大熊	Bear	11	100969001	100969002	0	100969003	0	0	RoutinImage02	3	0,0	0
10639	巨蟒	ETC_salamande	11	100970001	100970002	0	100970003	0	0	RoutinImage02	3	0,0	0
10640	阴阳倒乱刃	Kungonly	4	100988001	100988002	0	0	0	0	RoutinImage04	3	0,0	0
10651	吸星大法	TL_sky	1	100989001	100989002	0	100989003	0	0	RoutinImage01	3	0,0	0
10650	大嵩阳神掌	TL_dragon	1	100990001	100990002	0	100990003	0	0	RoutinImage01	1	0,0	0
10649	铁掌	SL_Wujie	5	100991001	100991002	0	100991003	0	0	RoutinImage01	2	0,0	0
10648	化骨绵掌	TL_mohu	1	100992001	100992002	0	0	0	0	RoutinImage01	5	0,0	0
10647	七伤拳	BG_sheng02	1	100993001	100993002	0	0	0	0	RoutinImage01	3	0,0	0
10646	两仪剑法	WD_master	4	100994001	100994002	0	0	0	0	RoutinImage04	3	0,0	0
10645	辟邪剑法	Jiang_Tian	1	100995001	100995002	0	100995003	0	0	RoutinImage04	1	0,0	0
10644	斗转星移	TL_naluo	13	100996001	100996002	0	100996003	0	0	RoutinImage01	5	0,0	0
10643	天魔吸星掌	Xyg_Xuanmin	11	100997001	100997002	0	100997003	0	0	RoutinImage01	5	0,0	0
10642	龙象般若掌	W_master	1	100998001	100998002	0	100998003	0	0	RoutinImage01	2	0,0	0
10641	野球拳	Xyg_Xuan	1	100999001	100999002	0	0	0	0	RoutinImage01	4	0,0	0
10652	圣堂绝学	Etc_hsu1	1	100134001	100134002	0	100134003	0	0	RoutinImage01	4	0,0	0
10653	圣堂绝学	Etc_hsu2	4	100135001	100135002	0	100135003	0	0	RoutinImage04	4	0,0	0
10626	泼猴戏虎	Monkey	11	360032001	360032002	0	360032003	0	0	RoutinImage02	1	0,0	0
10656	天意忍术	Etc_jpassa	7	360068001	0	0	0	0	0	RoutinImage05	3	0,0	0
10657	胡族刀法	Ho_soldier	5	360077001	0	0	0	0	0	RoutinImage05	3	0,0	0
10658	汉族枪法	Ly_soldier3	6	360078001	0	0	0	0	0	RoutinImage06	3	0,0	0
10659	地痞刀法	Rogue01	5	360085001	0	0	0	0	0	RoutinImage05	3	0,0	0
10660	地痞拳法	Rogue02	1	360086001	0	0	0	0	0	RoutinImage01	3	0,0	0
10661	地痞棒法	Rogue03	6	360087001	0	0	0	0	0	RoutinImage06	3	0,0	0
10662	地痞棒法	Rogue04	6	360088001	0	0	0	0	0	RoutinImage06	3	0,0	0
10663	天意忍术	Etc_jpassa	7	360068001	360068002	0	0	0	0	RoutinImage05	3	0,0	0
10664	天意忍术	Etc_jpassa	7	360068001	360068002	0	360068003	0	0	RoutinImage05	3	0,0	0
10670	七十二路地煞腿	killer_Boss	3	100422001	100422002	0	100422003	0	0	RoutinImage03	5	0,0	0
10671	天鬼脚	TL_pupil	1	100130005	100130006	0	0	0	0	RoutinImage01	3	0,0	0
10672	狂风落叶剑	Guanfu_leaf	4	990023001	990023002	0	990023003	0	0	RoutinImage402	3	0,0	0
10673	天雪指法	Guanfu_flower	2	990024001	990024002	0	990024003	0	0	RoutinImage203	3	0,0	0
10674	偷心指法	Guanfu_bird	2	990025001	990025002	0	990025003	0	0	RoutinImage201	3	0,0	0
10675	虚无刀法	Guanfu_snow	5	990026001	990026002	0	990026003	0	0	RoutinImage502	3	0,0	0
10676	混沌阎罗爪	Guanfu_noface	2	990027001	990027002	0	990027003	0	0	RoutinImage202	3	0,0	0
10677	残阳神掌	Guanfu_buddha	1	990028001	990028002	0	990028003	0	0	RoutinImage108	3	0,0	0
10678	求败剑法	TL_tlpupil2	4	990029001	990029002	0	990029003	0	0	RoutinImage406	3	0,0	0
10679	霹雳刀法	Pili_master	5	990030001	990030002	0	990030003	0	0	RoutinImage503	3	0,0	0
10680	破军枪法	Etc_general	6	100114001	100114002	0	100114003	0	0	RoutinImage06	3	0,0	0
10681	神火炮	LY_BonBon	11	990035001	990035002	0	0	0	0	RoutinImage902	3	0,0	0
10682	绣春刀法	East_killer	5	360112001	360112002	0	0	0	0	RoutinImage05	4	0,0	0
10683	绣春刀法	Guanfu_killer	5	360113001	360113002	0	0	0	0	RoutinImage05	4	0,0	0
10684	朝廷枪法	Ly_soldier3	6	990037001	990037002	0	0	0	0	RoutinImage05	4	0,0	0
10685	朝廷刀法	Ly_soldier4	5	990038001	990038002	0	0	0	0	RoutinImage05	4	0,0	0
10686	帝王神功	Guanfu_emperor	11	990039001	990039002	0	990039003	0	0	RoutinImage05	4	0,0	0
10687	天罗功	TL_tlpupil	1	100415001	100415002	0	0	0	0	RoutinImage02	4	0,0	0
10688	水浒英雄掌	Xyg_Fly	1	100015001	100015002	0	100015003	0	0	RoutinImage01	5	0,0	0
10689	母鸡功	chickenF	11	910011001	0	0	0	0	0	RoutinImage02	3	0,0	0
10690	公鸡功	chickenM	11	910012001	910012002	0	910012003	0	0	RoutinImage02	3	0,0	0
10691	大熊	Bear	11	100969004	0	0	0	0	0	RoutinImage02	3	0,0	0
10692	小熊	BEAR_BABY	11	910003001	0	0	0	0	0	RoutinImage02	3	0,0	0
10693	鳄鱼	CROCODILE	11	910004001	910004002	0	0	0	0	RoutinImage02	3	0,0	0
10694	黑狼	WOLF_B	11	910005001	910005002	0	0	0	0	RoutinImage02	3	0,0	0
10695	小黑狼	WOLF_B_B	11	910006001	0	0	0	0	0	RoutinImage02	3	0,0	0
10696	白狼	WOLF_W	11	910007001	910007002	0	0	0	0	RoutinImage02	3	0,0	0
10697	小白狼	WOLF_W_B	11	910008001	0	0	0	0	0	RoutinImage02	3	0,0	0
10698	棕狼	WOLF_Y	11	910009001	910009002	0	0	0	0	RoutinImage02	3	0,0	0
10699	小棕狼	WOLF_Y_B	11	910009001	0	0	0	0	0	RoutinImage02	3	0,0	0
10700	老鹰	Eagle	11	100143004	100143005	0	0	0	0	RoutinImage02	3	0,0	0
10701	巨蟒	ETC_salamande02	11	100970001	100970002	0	100970003	0	0	RoutinImage02	3	0,0	0
10702	毒蛇	ETC_salamande	11	100970004	100970005	0	0	0	0	RoutinImage02	3	0,0	0
10703	西域勇士	Rogue03	6	505021001	505021002	0	0	0	0	RoutinImage06	3	0,0	0
10704	西域勇士	Rogue04	6	505021001	505021002	0	0	0	0	RoutinImage06	3	0,0	0
10705	辟邪剑法	Player_sw	4	990040001	990040002	0	990040003	0	0	RoutinImage936	3	0,0	0
10706	孙子兵法	East_king	1	100247001	100247002	0	100247003	0	0	RoutinImage01	3	0,0	0
10707	沿街行乞拳	Gb_master	1	100102004	100102005	0	0	0	0	RoutinImage01	2	0,0	0
10708	杜康鸡神功	Player_un	2	100014301	100014302	0	0	0	1	RoutinImage106	1	0,4	100
10709	无敌极限流	Player_un	1	100014303	100014304	0	100014305	0	1	RoutinImage01	1	1,5	100
10710	鸡师傅功	chickenM	11	910012004	910012005	0	910012006	0	0	RoutinImage02	1	0,0	0
10711	佬二咬	CROCODILE	11	910004003	910004004	0	910004005	0	0	RoutinImage02	1	0,0	0
10712	大狼吻	WOLF_W	11	910007001	910007002	0	0	0	0	RoutinImage02	1	0,0	0
10713	小狼吻	WOLF_B_B	11	910006001	0	0	0	0	0	RoutinImage02	1	0,0	0
10714	悲欢离合曲	Player_mu	9	990106001	990106002	0	990106003	0	0	RoutinImage10	3	0,0	0
10715	满天流星	Player_hw	8	990107001	990107002	0	990107003	0	0	RoutinImage901	3	0,0	0
10716	逍遥桃花扇	Player_fan	7	990108001	990108002	0	990108003	0	0	RoutinImage906	3	0,0	0
10717	墨笔三绝	Player_pen	7	990109001	990109002	0	990109003	0	0	RoutinImage913	3	0,0	0
10718	药王神针	Player_hw	8	990110001	990110002	0	990110003	0	0	RoutinImage923	3	0,0	0
10719	霹雳九天	Player_hw	8	990111001	990111002	0	990111003	0	0	RoutinImage902	3	0,0	0
10720	阿猴挽仙桃	Player_un	2	990112001	990112002	0	990112003	0	0	RoutinImage904	3	0,0	0
10721	醉拳	Player_un	1	990113001	990113002	0	990113003	0	0	RoutinImage104	3	0,0	0
10722	雷火流星针	Player_hw	8	990114001	990114002	0	990114003	0	0	RoutinImage901	3	0,0	0
10723	天山六阳掌	Player_un	1	990115001	990115002	0	990115003	0	0	RoutinImage103	3	0,0	0
10724	天山六阳掌	Xyg_master	1	100017004	100017005	0	100017006	0	0	RoutinImage103	3	0,0	0