#ConditionID	CondName	CondDesc	sIconName	CondType	CondTarget	MinTurn	MaxTurn	RemoveByTurn	RemoveOnAttack	EffectType	Accumulate	Percent	Value1	Value2	ValueLimit	EffectType	Accumulate	Percent	Value1	Value2	ValueLimit	EffectType	Accumulate	Percent	Value1	Value2	ValueLimit	EffectType	Accumulate	Percent	Value1	Value2	ValueLimit	EffectType	Accumulate	Percent	Value1	Value2	ValueLimit	EffectType	Accumulate	Percent	Value1	Value2	ValueLimit	EffectType	Accumulate	Percent	Value1	Value2	ValueLimit	EffectType	Accumulate	Percent	Value1	Value2	ValueLimit
980050	通天神探	周身四格内敌方单位根据远近渐次失去5~3%气血、<br>内力	c00025	0	0	100	100	0	0	1	9	1	5	3	3	0	9	1	5	3	3
980049	干柴烈火	每击杀一个敌人，增加10%伤害，最多累积至100%	c00007	4	0	100	100	0	0	3	1	1	10	10	100
980048	点石成金	清除对方身上2个正向状态	c00021	3	1	99	99	100	100	20	4	0	2	2	0
980047	千年杀	攻击时吸收伤害的10%~15%回复气血	c00022	0	0	100	100	0	0	17	0	1	10	15	0
980046	第一情圣	周身两格友方，回复气血、内力5~10%，并增加<br>防御100~300点；自身每回合恢复气血、内力5~10%，并<br>增加防御300点	c00016	0	0	99	99	0	0	0	5	1	10	5	2	1	5	1	10	5	2	4	5	0	300	100	2	0	0	1	5	10	0	1	0	1	5	10	0	4	0	0	300	300	0
980045	齐天大圣	觔斗：神行<br>定海：缚身<br>火眼：识破<br>石猴：减伤15%	c00025	0	0	99	99	0	0	9	0	0	1	1	1	22	0	0	4	4	4	7	0	1	20	30	0	32	0	1	15	15	0
980044	愿者上钩-回复内力	瞬间恢复内力5%	c00025	2	0	1	1	0	0	1	0	1	5	5	0
980043	愿者上钩	攻击时恢复内力5%；周遭两格内敌方暴击、反击、闪避降低20%	c00021	0	0	100	100	0	0	8	7	0	980044	0	0	5	9	1	20	20	2	6	9	1	20	20	2	7	9	1	20	20	2
980042	绝命一刀	暴击率提升30%、必定命中。	c00026	0	0	100	100	0	0	7	0	1	30	30	0	8	4	0	0	0	0
980041	食神	每回合恢复气血5%、内力5%、解除1个负面状态	c00017	0	0	100	100	0	0	0	0	1	5	5	5	1	0	1	5	5	5	20	0	0	1	1	1
980040	醉后大丈夫	概率吸收当次伤害转化为内力	c00008	0	0	999	999	100	0	101	4	1	30	0	100
980039	暂时空	攻击力提升100、防御力提升250	c00021	0	0	100	100	0	0	3	0	0	100	100	0	4	0	0	250	250	0
980038	逍遥神龙	反击后净化，闪避时卸劲，闪避+20%、移动力+2	c00003	0	0	99	99	0	0	5	7	0	500042	0	0	6	7	0	500020	0	0	6	0	1	20	20	0	9	0	0	2	2	0
980037	天龙二教主	攻击力提升200、防御力提升450、命中提升15%、反击+20%、反伤+15%	c00021	0	0	100	100	0	0	3	0	0	200	200	0	4	0	0	450	450	0	8	0	1	15	15	0	5	0	1	20	20	0	15	0	1	15	15	0
980036	天龙尊使	攻击力提升150、防御力提升350、命中提升10%、反击+10%	c00021	0	0	100	100	0	0	3	0	0	150	150	0	4	0	0	350	350	0	8	0	1	10	10	0	5	0	1	10	10	0
980035	剑神一笑	50%机率攻击两次，移动格数+1，行动等级+4	c00007	0	0	100	100	0	0	14	0	1	50	50	0	9	0	0	1	1	0	22	0	0	4	4	0
980034	武林盟主	回复气血+5%、回复内力+5%。攻击、防御、闪避、暴击、命中、反击+20%	c00021	0	0	100	100	0	0	0	0	1	5	5	0	1	0	1	5	5	0	6	0	1	20	20	0	3	0	1	20	20	0	4	0	1	20	20	0	5	0	1	20	20	0	7	0	1	20	20	0	8	0	1	20	20	0
980033	天龙教众	攻击力提升100、防御力提升250、减少伤害5%	c00021	0	0	100	100	0	0	3	0	0	100	100	0	4	0	0	250	250	0	32	0	1	5	5	0
980032	夺命连环腿	攻击提升25%，被命中的目标陷入破甲、恐惧	c00009	0	0	99	99	0	0	3	0	1	25	25	0	8	7	1	0	500008	0	8	7	1	0	500009	0
980031	金钟罩铁布衫	防御力提升500、减伤提升%10	c00021	0	0	100	100	0	0	32	0	1	10	10	0	4	0	0	500	500	0
980030	以柔克刚	反击25%，反击时获得霸体	c00027	0	0	100	100	0	0	5	0	1	25	25	0	5	7	0	500012	0	0
980029	洞烛先机-损失气血	损失气血5%	c00009	3	1	1	1	0	0	0	0	1	5	5	0
980028	洞烛先机	暴击率提升25%、暴击时对手损失5%气血	c00004	0	0	100	100	0	0	7	0	1	25	25	0	7	7	0	0	980029	0
980027	净化	清除自己身上1个负向状态	c00021	2	0	1	1	100	100	20	4	0	1	1	0
980026	洞烛先机	闪避25%，闪避后净化	c00004	0	0	100	100	0	0	6	0	1	25	25	0	6	7	0	980027	0	0
980025	千手如来	命中+50%、暴击+25%、反击+%25	c00004	0	0	100	100	0	0	7	0	1	25	25	0	8	0	1	50	50	0	5	0	1	25	25	0
980024	铁笔银钩-损失气血	损失气血5%	c00009	3	1	1	1	0	0	0	0	1	5	5	0
980023	铁笔银钩	暴击率提升15%、暴击时对手损失5%气血	c00004	0	0	99	99	0	0	7	0	1	15	15	0	7	7	0	0	980024	0
980022	铁拳无敌	攻击+20%，破甲+20%	c00004	0	0	100	100	0	0	4	9	1	20	20	0	3	0	1	20	20	0
980021	鬼影迷踪-损失气血	损失气血5%	c00009	3	1	1	1	0	0	0	0	1	5	5	0
980020	鬼影迷踪	闪避率提升25%、闪避时对手损失5%气血	c00004	0	0	99	99	0	0	6	0	1	25	25	0	6	7	0	0	980021	0
980019	茶里王	持续恢复气血、内力5%、防暴5%	c00003	0	0	100	100	0	0	0	0	1	5	5	0	1	0	1	5	5	0	24	0	1	5	5	0
980018	花间诗人	减伤10%，晕眩免疫	c00016	0	0	99	99	0	0	32	0	1	10	10	0	33	4	0	0	0	0
980017	神农百草	机率清除负向状态<br>气血内力回复5%，额外累进1~2%，最高15%	c00004	0	0	99	99	0	0	0	1	1	1	2	10	1	1	1	1	2	10	0	0	1	5	5	0	1	0	1	5	5	0	20	0	0	1	3	0
980016	葛洪再世	免疫中毒，内力恢复10%	c00003	0	0	99	99	0	0	31	4	0	0	0	0	1	0	1	10	10	0
980015	百步穿杨	命中+50%，暴击+15%	c00004	0	0	100	100	0	0	7	0	1	15	15	0	8	0	1	50	50	0
980014	火眼金睛	命中+50%，破甲+15%	c00004	0	0	100	100	0	0	4	9	1	15	15	0	8	0	1	50	50	0
980013	大铸剑师	周围一格内敌方单位每回合受到剑气伤害，损失<br>5%气血	c00007	0	0	100	100	0	0	0	9	1	5	5	1
980012	绝命毒师	减伤15%，抗毒抗内伤	c00016	0	0	100	100	0	0	32	0	1	15	15	0	10	4	0	0	0	0
980011	阎王愁-额外伤害	攻击附加200~500点伤害	c00017	3	1	0	0	0	0	0	0	0	200	500	0
980010	阎王愁	每次攻击时附加200~500点额外伤害	c00018	0	0	99	99	0	0	8	7	0	0	980011	0
980009	绘声绘影	提升闪避机率15%~40%	c00014	0	2	100	100	0	0	6	0	1	15	40	0
980008	妙笔生花	必定命中	c00004	2	0	100	100	0	0	8	4	0	0	0	0
980007	绝音妙律	内伤免疫	c00021	0	0	100	100	0	0	10	4	0	0	0	0
980006	百劫星罗	回复气血+10%、回复内力+10%	c00021	0	0	100	100	0	0	0	0	1	10	10	0	1	0	1	10	10	0
980005	少年英雄-防御提升	防御提15%	c00016	0	0	100	100	0	0	4	0	1	15	15	15
980004	少年英雄-伤害提升	伤害提升15%	c00007	0	0	100	100	0	0	3	0	1	15	15	15
980003	少年英雄	气血高于50%时防御提升15%；气血低于50%时伤害提升15%	c00021	0	0	99	99	0	0	0	10	1	0	980005	50	0	10	1	980004	0	50
980002	战无不胜	暴击、闪避、反击提升10%	c00020	0	0	100	100	0	0	5	0	1	10	10	0	6	0	1	10	10	0	7	0	1	10	10	0
980001	逍遥弟子	攻击力提升100、防御力提升250	c00021	0	0	100	100	0	0	3	0	0	100	100	0	4	0	0	250	250	0
970000	醉意	我没醉！	c00021	6	0	999	999	100	0	300	1	1	4	4	30
990100	不着形相	受击时模仿敌方招式，而后可主动使用	c00003	0	0	999	999	100	0	110	4	1	0	0	0
990090	黄雀在后	当敌人在自身的反击范围内攻击队友，有机率以反击技攻击该敌人	c00003	0	0	999	999	100	0	109	4	1	40	0	1
990080	并肩作战	周围队友攻击时，有概率一起攻击	c00007	0	0	999	999	100	0	108	4	1	40	0	1
990070	避实就虚	攻击时始终视为背袭	c00018	0	0	999	999	100	0	107	4	0	0	0	0
990060	无懈可击	受击时始终视为正击	c00016	0	0	999	999	100	0	106	4	0	0	0	0
990050	凌波微步	攻击后可再次移动	c00013	0	0	999	999	100	0	105	4	0	0	0	0
990040	后发先至	若成功发动反击，可在敌方攻击前抢先反击	c00018	0	0	999	999	100	0	104	4	1	100	0	0
990030	守株待兔	当敌人进入自身反击范围时，有40%机率以反击技攻击该敌人	c00003	0	0	999	999	100	0	103	4	1	40	0	0
990020	斗转星移	概率转移攻击给对方	c00003	0	0	999	999	100	0	102	4	1	40	0	0
990010	空明	概率吸收当次伤害转化为内力	c00008	0	0	999	999	100	0	101	4	1	40	0	100
990000	气定	消除所有招式冷却回合	c00025	0	0	999	999	100	0	100	4	1	60	80	99
400001	正面	在目标正面攻击时的附加效果 反击率 +20%	c00001	2	0	0	0	0	0	5	0	1	20	20	20
400002	正侧面	在目标正面攻击时的附加效果 命中率 -10% 暴击率 -10%	c00001	3	0	0	0	0	0	8	0	1	10	10	10	7	0	1	10	10	10
400003	背面	在目标背面攻击时的附加效果 命中率 +30% 暴击率 +20%	c00001	2	0	0	0	0	0	8	0	1	30	30	30	7	0	1	20	20	20
400004	背面	在目标背面攻击时的附加效果 反击率 -20%	c00001	3	0	0	0	0	0	5	0	1	20	20	20
400005	背侧面	在目标侧面攻击时的附加效果 命中率 +20%	c00001	2	0	0	0	0	0	8	0	1	20	20	20
400006	背侧面	在目标侧面攻击时的附加效果 反击率 -5%	c00001	3	0	0	0	0	0	5	0	1	5	5	5
500000	内伤	人物无法运转功体	c00002	1	1	3	3	0	0	10	4	0	0	0	0
500001	晕眩	人物无法暴击，反击，闪躲	c00020	1	1	3	3	0	0	5	4	0	0	0	0	6	4	0	0	0	0	7	4	0	0	0	0	33	4	0	0	0	0
500002	点穴	人物无法行动	c00023	1	1	1	1	0	0	11	4	0	0	0	0	12	4	0	0	0	0
500003	断筋	移动格数-2，行动等级-2	c00024	1	1	3	3	0	0	9	0	0	2	2	0	22	0	0	2	2	2
500004	流血	人物每回合持续失去15%~20%气血	c00009	1	1	3	3	0	0	0	1	1	15	20	50
500005	散功	人物每回合持续减少15%~20%内力	c00017	1	1	3	3	0	0	1	1	1	15	20	50
500006	中毒	攻击、防御、暴击、闪避降低10%，气血、内<br>力每回合损失5%，持续5回合。	c00001	1	1	5	5	0	0	3	0	1	10	10	0	4	0	1	10	10	0	0	0	1	5	5	0	6	0	1	10	10	0	7	0	1	10	10	0	1	0	1	5	5	0	31	4	0	0	0	0
500007	目盲	人物视力下降，难以击中对方，命中降低30%~40%	c00005	1	1	3	3	0	0	8	0	1	30	40	0
500008	破甲	人物的防御降低30%~40%	c00010	1	1	3	3	0	0	4	0	1	30	40	0
500009	恐惧	人物的攻击降低20%~30%	c00011	1	1	3	3	0	0	3	0	1	20	30	0
500010	缚身	人物的闪避降低20%~30%	c00019	1	1	3	3	0	0	6	0	1	20	30	0
500011	破绽	人物被暴击的机率加倍	c00012	1	1	3	3	0	0	13	4	0	0	0	0
500012	霸体	完全免疫攻击	c00027	0	0	1	1	0	0	0	4	0	0	0	0
500013	无视	无视对方防御	c00018	3	1	1	1	0	0	4	4	0	0	0	0
500014	神行	移动格数+1，行动等级+4	c00013	0	0	3	3	0	0	9	0	0	1	1	1	22	0	0	4	4	4
500015	左右互搏	75%机率攻击两次	c00004	0	0	2	2	0	0	14	0	1	75	75	0
500016	乾坤挪移	反弹60%~90%伤害	c00015	0	0	2	2	0	0	15	0	1	60	90	0
500017	闪避	人物闪避提升20%~30%	c00014	0	0	3	3	0	0	6	0	1	20	30	0
500018	识破	人物暴击提升20%~30%	c00026	0	0	3	3	0	0	7	0	1	20	30	0
500019	反手	人物反击提升20%~30%	c00003	0	0	3	3	0	0	5	0	1	20	30	0
500020	卸劲	人物用内力抵御30%~50%伤害	c00008	0	0	3	3	0	0	16	0	1	30	50	0
500021	反伤	反弹20%~30%伤害回敌人身上	c00015	0	0	3	3	0	0	15	0	1	20	30	0
500022	横练	人物防御提升30%~50%	c00016	0	0	3	3	0	0	4	0	1	30	50	0
500023	噬气	攻击时吸收伤害的30%~50%回复气血	c00022	0	0	3	3	0	0	17	0	1	30	50	0
500024	吸星	攻击吸收伤害的30%~50%回复内力	c00006	0	0	3	3	0	0	18	0	1	30	50	0
500025	聚气	人物每回合持续恢复气血10%~15%	c00021	0	0	3	3	0	0	0	0	1	10	15	0
500026	归元	人物每回合持续恢复内力20%~25%	c00025	0	0	3	3	0	0	1	0	1	20	25	0
500027	震击	击退敌人	c00019	2	1	1	1	100	100	27	4	0	0	0	0
500028	捉影	拉近敌人	c00019	2	1	1	1	100	100	28	4	0	0	0	0
500029	霹雳心法：雷霆	受到反击后再度反击对方	c00003	2	0	1	1	100	100	5	4	0	0	0	0
500030	庖丁解牛功：连斩	每击杀一个敌人，增加50%伤害，最多累积至300%	c00007	4	0	100	100	0	0	3	1	1	50	50	300
500031	霸体	完全免疫攻击	c00027	0	1	1	1	0	0	0	4	0	0	0	0
500032	闪避	提升闪避机率30%~50%	c00014	0	2	3	3	0	0	6	0	1	30	50	0
500033	识破	提升暴击30%~50%	c00026	0	2	3	3	0	0	7	0	1	30	50	0
500034	反手	提升反击30%~50%	c00003	0	2	3	3	0	0	5	0	1	30	50	0
500035	狂暴	提升攻击力30%~50%	c00007	0	0	3	3	0	0	3	0	1	30	50	0
500036	横练	提升防御力30%~40%	c00016	0	2	3	3	0	0	4	0	1	30	40	0
500037	聚气	每回合持续恢复气血10%~15%	c00021	0	2	3	3	0	0	0	0	1	10	15	0
500038	归元	每回合持续恢复内力10%~15%	c00025	0	2	3	3	0	0	1	0	1	10	15	0
500039	重伤	人物每回合持续失去20%~30%气血	c00009	1	1	3	3	40	60	0	1	1	20	30	60
500040	化功	清除对方身上所有正向状态	c00021	3	1	1	1	100	100	20	4	0	0	0	0
500041	感化	清除对方身上所有负向状态	c00021	2	2	1	1	100	100	20	4	0	0	0	0
500042	净化	清除自己身上所有负向状态	c00021	2	0	1	1	100	100	20	4	0	0	0	0
500043	驱除	清除对方身上一个负向状态	c00021	2	1	1	1	100	100	20	0	0	1	1	1
500044	大闪避	人物闪避提升80%	c00014	0	0	1	1	0	0	6	0	1	80	80	0
500045	大识破	人物暴击提升80%	c00026	0	0	1	1	0	0	7	0	1	80	80	0
500046	大反手	人物反击提升80%	c00003	0	0	1	1	0	0	5	0	1	80	80	0
500047	大横练	人物防御提升1000点，并反弹100%伤害	c00016	0	0	1	1	0	0	4	0	0	1000	1000	0	15	0	1	100	100	0
500048	气汇百川	恢复30%~50%气血与内力	c00021	2	0	1	1	0	0	0	0	1	30	50	0	1	0	1	30	50	0
500049	剧毒	攻击、防御、暴击、闪避降低20%，气血、内<br>力每回合损失10%，持续5回合。	c00001	1	1	5	5	0	0	3	0	1	20	20	0	4	0	1	20	20	0	0	0	1	10	10	0	1	0	1	10	10	0	6	0	1	20	20	0	7	0	1	20	20	0	31	4	0	0	0	0
500050	续战	我，还可以再打十个！气血、内力回复15%~20%	c00021	0	0	1	1	0	0	0	0	1	15	20	0	1	0	1	15	20	20
500051	定身	无法移动	c00024	1	1	1	1	0	0	11	4	0	0	0	0
500052	连击	一定机率可再攻击一次	c00004	2	0	1	1	100	100	8	7	0	600052	0	0
500053	连踢	较高机率可再攻击一次	c00004	2	0	1	1	100	100	8	7	0	600053	0	0
500054	神行	移动格数+2，行动等级+4	c00013	0	2	3	3	0	0	9	0	0	2	2	0	22	0	0	4	4	0
500055	情意	每回合持续恢复20~30%气血，攻击、防御提升<br>20%，持续5回合。	c00021	0	2	3	3	0	0	0	0	1	20	30	0	3	0	1	20	20	0	4	0	1	20	20	0
500056	锁定	提升命中	c00026	0	0	2	2	0	0	8	4	0	0	0	0
500057	咸鱼味	持续恢复气血、内力	c00003	0	0	3	3	0	0	0	0	1	5	5	0	1	0	1	5	5	0
500058	驱除	清除自己身上一个负向状态	c00021	2	2	1	1	0	0	20	0	0	1	1	1
500059	绝不低头	恢复气血，并暂时提升防御	c00021	0	0	1	1	0	0	0	0	1	30	40	0	4	0	0	500	500	0
500060	傲气	不服输的性格，不可一世的骄傲。全面提升战斗能力	c00027	0	0	100	100	0	0	6	0	1	10	15	0	7	0	1	10	20	20	5	0	1	20	30	30	3	0	1	100	100	100	4	0	1	130	130	130
500061	挣扎	内心矛盾，攻击力持续下降，最多累积至80%	c00026	1	0	100	100	0	0	3	1	1	20	20	80
500062	恰北北	秦红殇最讨厌别人说她泼辣，攻击力提升100%	c00007	0	0	10	10	0	0	3	0	1	100	100	0
500063	催眠	闪避下降30~50%，行动格数-2	c00020	1	1	1	1	0	0	6	0	1	30	50	0	9	0	0	2	2	0
500064	青龙散	攻击力提高50%，并且绝对命中	c00021	0	0	3	3	0	0	3	0	1	50	50	0	8	4	0	50	50	0
500065	闹肚子	肚子不舒服。攻击下降、防御下降、命中下降、持续扣气血	c00020	1	0	6	6	0	0	3	1	1	20	20	80	8	0	1	40	40	0	4	0	1	50	50	0	0	0	0	100	100	0
500066	嗜血	血，我需要更多的血，攻击力提升50%，持续回复10%气血	c00009	0	0	10	10	0	0	3	0	1	50	50	0	0	0	1	10	10	0
500067	嗜血	让我们用血染红这片土地，攻击力提升50%，持续回复10%气血	c00009	0	0	10	10	0	0	3	0	1	50	50	0	0	0	1	10	10	0
500068	嗜血	血的味道，让我兴奋，攻击力提升50%，持续回复10%气血	c00009	0	0	10	10	0	0	3	0	1	50	50	0	0	0	1	10	10	0
500069	振奋	邪不胜正，魔教受死吧。攻击提升100%	c00018	0	0	10	10	0	0	3	0	1	100	100	0
500070	振奋	兄弟，你安全了。持续回复20%气血	c00003	0	0	10	10	0	0	0	0	1	20	20	0
500071	振奋	让我们并肩作战。提升防御力500点	c00016	0	0	10	10	0	0	4	0	0	500	500	0
500072	硬了硬了硬了	拳头硬了，心肠硬了，通通都硬了！攻击力、防御力提升50%	c00021	0	0	100	100	0	0	3	0	1	50	50	0	4	0	1	50	50	0
500073	我好兴奋啊	心情极度兴奋。有50%机率攻击两次	c00021	0	0	100	100	0	0	14	0	1	50	50	0
500074	破招	忽略对方50%的防御力	c00018	3	1	1	1	100	100	4	0	0	50	50	0
500075	受伤	受到伤害	c00009	3	0	0	0	0	0	0	0	0	2000	2000	0
500076	赌徒心态‧赢	极度兴奋，将持续一段时间。机率性连击	c00027	0	0	5	5	0	0	8	7	0	600052	0	0
500077	五毒护体	抗毒，清除一个负向状态	c00021	0	0	1	1	0	0	31	4	0	0	0	0	20	0	0	1	1	0
500078	最后的霸业	龙王的怒火使其攻击加倍，并得以反弹30%~50%伤害，内力持续回复50%	c00007	0	0	100	100	0	0	3	0	1	100	100	0	15	0	1	30	50	0	1	0	1	50	50	0
500079	阿修罗之怒	我真的生气了啊！必定暴击并恢复8%~12%气血，并能够连击	c00007	0	0	100	100	0	0	7	0	1	100	100	0	0	0	1	8	12	0	8	7	0	600052	0	0
500080	冷静的媚杀	夜叉一回合能够攻击两次，并且必定命中	c00007	0	0	100	100	0	0	14	0	1	100	100	0	8	4	0	0	0	0
500081	疯狂的豪赌	极度兴奋，将持续一段时间。机率性连击并提升攻击力100%	c00027	0	0	100	100	0	0	8	7	0	600052	0	0	3	0	1	100	100	0
500082	铜墙铁壁	防御力获得极大幅度的提升并得以反弹伤害	c00027	0	0	100	100	0	0	4	0	0	500	600	0	15	0	1	50	60	0
500083	饮吞山河	获得噬气与吸星效果，并持续恢复气血	c00027	0	0	100	100	0	0	17	0	1	50	60	0	18	0	1	50	60	0	0	0	1	25	35	0
500084	连斩	每击杀一个敌人，可再次行动	c00007	0	0	1	1	0	0	23	4	0	0	0	0
500085	兄弟齐心	兄弟齐心，其力断金。增加防御，气血恢复	c00004	0	0	100	100	0	0	0	0	1	10	10	0	4	0	0	350	350	0
500086	卸劲	用内力抵御一定伤害	c00008	0	0	2	2	0	0	16	0	1	30	50	0
500087	反手	人物反击提升	c00003	0	0	1	1	0	0	5	0	1	10	50	0
500088	凶星	人物攻击加倍，震退敌人	c00017	0	0	1	1	0	0	3	0	1	100	100	0	27	4	0	0	0	0
500089	恶魂	伤害吸收气血与内力60%	c00006	0	0	1	1	0	0	17	0	1	60	60	0	18	0	1	60	60	0
500090	归元	恢复内力	c00025	0	0	2	2	0	0	1	0	1	15	30	0
500091	九真护体	清除自己身上一个负向状态，抗毒	c00021	0	0	1	1	0	0	20	0	0	1	1	0	31	4	0	0	0	0
500092	浴血凤凰阵	回复气血	c00004	2	0	0	0	0	0	0	0	0	300	600	0
500093	抗毒	毒性免疫	c00003	0	0	3	3	0	0	31	4	0	0	0	0
500094	减伤	伤害减免50%	c00016	0	0	1	1	0	0	32	0	1	50	50	50
500095	楚楚可怜的目光	赵雅儿无辜的眼神，令人心软	c00026	1	0	1	1	0	0	3	0	1	35	45	0
500096	疗伤圣药	恢复气血	c00021	0	0	3	3	0	0	0	0	1	20	30	0
500097	浩然正气	骨气傲如石，义气平青云	c00004	0	0	5	5	0	0	20	4	0	0	0	0	4	0	0	300	300	0
500098	口干舌燥	没酒喝，只好……喝点你的血了！！！	c00007	0	0	10	10	0	0	3	0	1	100	100	0
500099	饥肠辘辘	好饿啊，只好……尝尝你的肉了！！！	c00007	0	0	10	10	0	0	3	0	1	100	100	0
500100	梵音破魂	紧那罗的最后一击，造成敌方内伤	c00002	1	0	1	1	0	0	0	0	1	15	15	0	10	4	0	0	0	0
500101	凝神静心曲	干达婆的最后一曲，我方净化聚气	c00004	0	0	1	1	0	0	0	0	1	100	100	0	20	4	0	0	0	0
500102	荆棘之石	踏脚石？够胆来踩看看啊！	c00025	0	0	10	10	0	0	5	0	1	30	30	0
500103	食没	奇特内功，透过食欲恢复气血内力	c00021	0	0	100	100	0	0	0	0	1	15	15	0	1	0	1	30	30	0	16	0	1	60	60	0
500104	虚弱	人物攻击降低	c00011	1	0	3	5	0	0	3	0	1	15	50	0
500105	大病初愈	真气紊乱，内伤复发。功体失效，每回合流失气血	c00002	1	0	3	3	0	0	0	0	1	10	15	0	10	4	0	0	0	0
500106	气海奔流	翻腾汹涌，攻击威力提升20%	c00021	0	0	1	1	0	0	3	0	1	20	20	0
500107	锻体归元	减伤30%，清除所有负向状态	c00027	0	0	1	1	0	0	32	0	1	30	30	0	20	4	0	0	0	0
500108	天山冷雨	回复气血15~20%	c00004	2	0	1	1	0	0	0	0	1	15	20	0
500109	远距射击	命中下降	c00021	3	0	0	0	0	0	8	0	1	15	15	0
500110	近距攻击	命中提高	c00018	2	0	0	0	0	0	8	0	1	30	30	0
500111	好战狂热	攻击力加倍	c00007	0	0	100	100	0	0	3	0	1	100	100	0
500112	好战狂热	机率攻击两次	c00007	0	0	100	100	0	0	14	0	1	50	50	0
500113	月轩之力	大师兄厚实雄浑的内力充满了我，我感到温暖、安定，这就是大师兄的力量！！	c00007	0	0	100	100	0	0	17	0	1	50	50	0	4	0	0	600	600	0	5	0	1	50	50	0	14	0	1	60	60	0	29	4	0	0	0	0	26	5	0	0	0	1
500114	荆棘之力	一股力量在体内膨胀…流窜……急欲爆发出来……兴奋、狂热，这…这就是二师兄的力量！？	c00027	0	0	100	100	0	0	9	0	0	2	2	0	22	0	0	4	4	0	23	4	0	0	0	0	6	0	1	30	30	0	18	0	1	50	50	0	3	0	1	100	100	0
500115	追魄	增加反击率30~50%，无限反击	c00003	0	0	1	1	0	0	5	0	1	30	50	0	29	4	0	0	0	0
500116	金蝉宝甲	降低伤害60%	c00016	0	0	1	1	0	0	32	0	1	60	60	0
500117	绝体	人物攻击加倍	c00007	0	0	1	1	0	0	3	0	1	100	100	0
500118	绝命	人物攻击加倍	c00007	0	0	1	1	0	0	3	0	1	150	150	0
500119	武魂赛亚	恢复气血，减伤30~50%	c00021	0	0	1	1	0	0	0	0	1	30	30	0	32	0	1	30	50	0
500120	潮尽狂啸	退潮，是海啸来临前的预兆	c00004	0	0	1	1	0	0	3	0	1	300	300	0
500121	如日中天	攻击加倍	c00007	0	0	1	1	0	0	3	0	1	70	70	0
500122	殷天蔽日	减伤30%，恢复气血20%~30%	c00025	0	0	1	1	0	0	32	0	1	30	30	0	0	0	1	20	30	0
500123	躲躲藏藏	东躲西躲，减伤60%	c00014	0	0	2	2	0	0	32	0	1	60	60	0
500124	四劫轮回	提高[FF0000]爆[-][33CCFF]闪[-][33FF33]反[-]，内伤免疫	c00025	0	0	1	1	0	0	5	0	1	50	50	0	6	0	1	30	30	0	7	0	1	40	40	0	10	4	0	0	0	0
500125	充盈血脉	恢复气血	c00004	0	0	1	1	0	0	0	0	1	10	10	0
500126	光刀冑甲	自身反伤70~100%；提升阻挡力2<br>周身一格友方反伤30~60%、且队友攻击力提升300点	c00016	0	0	2	2	0	0	15	0	1	70	100	0	15	5	1	30	60	1	3	5	0	300	300	1	21	0	0	2	2	0
500127	士气高涨	恢复气血，提升攻击、防御	c00007	0	0	5	5	0	0	0	0	1	30	30	0	3	0	1	30	40	0	4	0	1	30	40	0	20	0	0	1	1	0
500128	嗜血	解脱的代价，就是你的血与骨	c00009	0	0	10	10	0	0	3	0	1	50	50	0	0	0	1	10	10	0
500129	鼓舞	持续回血、攻击防御上升	c00004	0	0	3	3	0	0	0	0	1	10	15	0	3	0	1	50	50	0	4	0	0	350	350	0
500130	天运	福星高照，闪避提升40%	c00004	0	0	1	1	0	0	6	0	1	40	40	0
500131	烂醉	全身无力，无法运功	c00011	1	0	100	100	0	0	10	4	0	0	0	0	3	0	1	15	15	0	0	0	0	0	0	0
500132	破绽	人物被暴击的机率增加	c00012	1	1	3	3	0	0	24	0	1	20	30	0
500133	唯我毒尊	攻击与防御降低并耗损气血与内力	c00001	1	1	3	3	0	0	3	1	1	5	10	30	4	1	1	5	10	30	0	1	0	100	200	600	0	1	1	1	2	6	1	1	0	100	200	600	1	1	1	1	2	6	31	4	0	0	0	0
500134	千金之躯	减伤20%，抗毒抗内伤	c00016	0	0	1	1	0	0	32	0	1	20	20	0	10	4	0	0	0	0
500135	一言九鼎	周身两格友方，回复气血、内力10~15%，并增加<br>防御100~300点；自身每回合恢复气血、内力10~15%，并<br>增加防御300点，持续3回合。	c00016	0	0	3	3	0	0	0	5	1	15	10	2	1	5	1	15	10	2	4	5	0	300	100	2	0	0	1	10	15	0	1	0	1	10	15	0	4	0	0	300	300	0
500136	神农避毒珠	抗毒，机率清除负向状态	c00008	0	0	1	1	0	0	31	4	0	0	0	0	20	0	0	0	4	0
500137	药膏	凉凉的，效果快！	c00021	0	0	3	3	0	0	0	0	1	10	15	0
500138	鼓舞	持续回血、攻击防御上升	c00004	0	0	2	2	0	0	0	0	1	10	15	0	3	0	1	50	50	0	4	0	0	350	350	0
500139	军心涣散	降低攻击、闪避	c00011	1	0	3	3	0	0	3	0	1	10	15	0	6	0	1	20	30	0
500140	无相反噬	降低防御、闪避	c00011	1	0	100	100	0	0	4	0	1	30	30	0	6	0	1	30	30	0
500141	无我反噬	降低防御、闪避	c00011	1	0	100	100	0	0	4	0	1	30	30	0	6	0	1	30	30	0
500142	无欲反噬	降低防御、闪避	c00011	1	0	100	100	0	0	4	0	1	30	30	0	6	0	1	30	30	0
500143	无常反噬	降低防御、闪避	c00011	1	0	100	100	0	0	4	0	1	30	30	0	6	0	1	30	30	0
500144	无相回流	增加伤害	c00007	0	0	100	100	0	0	3	0	1	10	15	0
500145	无我回流	增加伤害	c00007	0	0	100	100	0	0	3	0	1	10	15	0
500146	无欲回流	增加伤害	c00007	0	0	100	100	0	0	3	0	1	10	15	0
500147	无常回流	增加伤害	c00007	0	0	100	100	0	0	3	0	1	10	15	0
500148	无法。无天	增加防御、闪避、神行	c00004	0	0	100	100	0	0	9	0	0	1	1	1	22	0	0	4	4	4	4	0	0	1000	1000	0	6	0	1	120	120	0
500149	虚无限界	攻击力减半	c00011	1	0	100	100	0	0	3	0	1	50	50	0
500150	天地正气	恢复气血5%	c00016	0	0	1	1	0	0	0	0	1	5	5	0
500151	金蚕宝衣	减伤5%，晕眩免疫、暴击免疫	c00016	0	0	1	1	0	0	32	0	1	5	5	0	24	4	0	0	0	0	33	4	0	0	0	0
500152	乌蚕背心	内伤免疫	c00016	0	0	1	1	0	0	10	4	0	0	0	0
500153	霹雳宝甲	反弹伤害30%	c00016	0	0	1	1	0	0	15	0	1	30	30	0
500154	无念归元	回复内力10%	c00025	2	0	1	1	0	0	1	0	1	10	10	0
500155	晕眩免疫	不会被晕眩	c00027	0	0	1	1	0	0	33	4	0	0	0	0
500156	雷霆	攻击次数+1	c00004	2	0	1	1	100	100	8	7	0	500157	0	0
500157	雷霆	攻击次数+1	c00004	4	0	0	0	100	0	12	0	0	1	1	1
500158	生脉丹	回复内力30%，持续三回合	c00021	0	0	3	3	0	0	1	0	1	30	30	0
500159	承气饮	回复气血30%，持续三回合	c00021	0	0	3	3	0	0	0	0	1	30	30	0
500160	月射寒江	回复气血5~10%，持续一回合	c00021	0	0	1	1	0	0	0	0	1	5	10	0
500161	嗜血狂暴	气血越少，伤害越高	c00007	0	0	1	1	0	0	0	10	1	500162	0	80	0	10	1	500163	0	60	0	10	1	500164	0	40
500162	疯魔	伤害增加20~40%<br>使目标陷入丧心状态	c00007	0	0	2	2	0	0	3	0	1	20	40	0
500163	丧心	攻击时伤害增加60~100%<br>使目标陷入癫狂状态	c00007	1	1	100	100	0	0	8	7	0	0	500164	0	8	7	0	500200	0	0
500164	癫狂	提升伤害40~60%	c00007	0	0	100	100	0	0	3	0	1	40	60	0
500165	破甲	人物的防御降低30%~40%，武器用	c00010	3	1	1	1	0	0	4	0	1	30	40	0
500166	拿人手短	被钱砸到，双手无力。攻击下降15~30%	c00011	1	1	1	1	0	0	3	0	1	15	30	0
500167	默葬	神行、连斩	c00004	0	0	1	1	0	0	9	0	0	1	1	1	22	0	0	4	4	4	23	4	0	0	0	0
500168	天火之力	使目标晕眩，额外累进伤害10~15点，最多100点	c00018	0	0	2	2	0	0	3	1	0	10	15	100
500169	厄运	命运的安排	c00017	3	1	0	0	0	0	0	0	0	0	999	0
500170	恶臭	降低伤害30~50%，降低闪避30~50%，持续3回合	c00001	1	1	3	3	0	0	3	0	1	30	50	0	6	0	1	30	50	0
500171	天火之力	使目标晕眩，额外累进伤害10~15点，最多100点	c00018	0	0	2	2	0	0	32	0	1	5	5	0	3	1	0	10	15	100
500172	天火之力	减伤10%	c00018	0	0	2	2	0	0	32	0	1	10	10	0
500173	气定	气血60%，攻击力+10%	c00025	0	0	1	1	0	0	3	0	1	10	10	0
500174	合神	气血80%，攻击力+10%	c00025	0	0	1	1	0	0	3	0	1	10	10	0
500175	还虚	气血95%，攻击力+20%	c00027	0	0	1	1	0	0	3	0	1	20	20	0
500176	凌空反击	命中+100%，攻击+30%	c00004	0	0	1	1	0	0	3	0	1	30	30	0	8	0	1	100	100	0
500177	士气	攻击+15%	c00007	0	0	100	100	0	0	3	0	1	15	15	0
500178	士气	攻击+15%	c00007	0	0	100	100	0	0	3	0	1	15	15	0
500179	士气	回复气血+15%	c00021	0	0	100	100	0	0	0	0	1	15	15	0
500180	士气	回复内力+15%	c00021	0	0	100	100	0	0	1	0	1	15	15	0
500181	冷血	增加命中50%、增加伤害30%。	c00009	0	0	3	3	0	0	3	0	1	30	30	0	8	0	1	50	50	0
500182	负伤	持续流失气血5%；暴击、闪避、防御减少25%	c00009	1	0	3	3	0	0	0	0	1	5	5	0	5	0	1	25	25	0	6	0	1	25	25	0	7	0	1	25	25	0
500183	大杀四方	攻击提升50%、噬气100%	c00007	0	0	100	100	0	0	3	0	1	50	50	0	17	0	1	100	100	0
500184	兴奋	你的剑，还能再快些么！左右互博。	c00021	0	0	100	100	0	0	14	0	1	75	75	0
500185	兴奋	中原各派的剑法，都给我使出来吧！必定反击。	c00021	0	0	100	100	0	0	5	4	0	0	0	0
500186	十龙十象之力	攻击+100%	c00007	0	0	2	2	0	0	3	0	1	100	100	0
500187	龙象之力	攻击+80%	c00007	0	0	1	1	0	0	3	0	1	80	80	0
500188	龙象之力	攻击+50%	c00007	0	0	1	1	0	0	3	0	1	50	50	0
500189	龙象之力	攻击+10%	c00007	0	0	1	1	0	0	3	0	1	10	10	0
500190	十金十凤之力	心情极度兴奋。有50%机率攻击两次	c00021	0	0	100	100	0	0	14	0	1	50	50	0
500191	饮中双侠	少了二人的武林新一代男神组合…<br>…但这也是最初的组合！<br>暴击率提升30%、每回合恢复30%气血。	c00021	0	0	100	100	0	0	0	0	1	30	30	0	7	0	1	30	30	0
500192	反伤	反弹60%~90%伤害回敌人身上	c00015	0	0	2	2	0	0	15	0	1	60	90	0
500193	诈赌	攻击时触发额外伤害和补血0~999，无限反击	c00004	0	0	2	2	0	0	8	7	0	0	500169	0	8	7	0	0	900003	0	29	4	0	0	0	0
500194	鼓舞	士气提升，回血10%	c00021	0	0	3	3	0	0	0	0	1	10	10	0
500195	酣觞	恢复内力	c00025	0	0	1	1	0	0	1	0	1	10	15	0
500196	万花棱光	闪避10%，暴击时点穴	c00015	0	0	2	2	0	0	6	0	1	10	10	0	7	7	0	0	500002	0
500197	天火之力	使目标晕眩，额外累进伤害10~15点，最多100点	c00018	0	0	2	2	0	0	7	0	1	10	10	0	3	1	0	10	15	100
500198	天火之力	使目标晕眩，额外累进伤害10~15点，最多100点	c00018	0	0	2	2	0	0	5	0	1	15	15	0	3	1	0	10	15	100
500199	天火之力	使目标内伤，额外累进伤害10~15点，最多100点	c00018	0	0	2	2	0	0	3	1	0	10	15	100
500200	丧心	伤害增加60~100%	c00007	0	0	100	100	0	0	3	0	1	60	100	0
500201	必中	必定命中	c00004	2	0	1	1	0	0	8	4	0	0	0	0
500202	杀意波动	强大的波动气流，引发内心深处的杀意。<br>造成额外伤害，敌方气血越高，伤害越大。	c00007	0	0	1	1	0	0	8	7	0	0	500203	0
500203	额外伤害	机率必杀。	c00007	3	1	0	0	0	0	0	0	1	0	60	0
500204	鸡飞狗跳	移动格数+3，移动等级+1	c00014	0	0	3	3	0	0	9	0	0	3	3	0	22	0	0	1	1	0
500205	皮粗肉厚	减伤30%	c00016	0	0	3	3	0	0	32	0	1	30	30	0
500206	忠诚灵性	保护一格内同伴	c00025	0	0	3	3	0	0	26	5	0	0	0	1
500207	临危反应	闪避增加60%	c00014	0	0	3	3	0	0	6	0	1	60	60	0
500208	无辜眼神	减伤30%	c00026	0	0	3	3	0	0	32	0	1	30	30	0
500209	狂噬	吸收攻击伤害200%气血、内力	c00022	2	0	0	0	0	0	17	0	1	200	200	0	18	0	1	200	200	0
500210	九阳无极	暴击发动时，造成目标血量15%的额外伤害	c00002	3	1	0	0	0	0	0	0	1	15	15	0
500211	护手药膏	滑滑的，攻击前涂在手上。可以让你多攻击2次。	c00003	0	0	1	1	0	0	12	0	0	3	3	0
500212	猎爪	吸收攻击伤害100%气血、内力	c00022	0	0	1	1	0	0	17	0	1	100	100	0	18	0	1	100	100	0
600021	狂怒	人物攻击加倍	c00007	0	0	3	9	0	0	3	0	1	100	100	0
600022	最无极	每回合加攻击力30~60，持续3回合。最大累积至500	c00007	0	0	3	3	0	0	3	1	0	30	60	500
600023	悲酥	人物得到流血状态，但是攻击力加倍	c00002	1	1	1	2	35	45	0	1	1	4	5	10	3	0	1	100	100	100
600052	连击	有机会可以再攻击一次	c00004	4	0	0	0	25	15	12	0	0	1	1	1
600053	连踢	有机会可以再攻击一次	c00004	4	0	0	0	40	20	12	0	0	1	1	1
600054	天下无狗	暴击率大幅提高，两回合内必定反击	c00007	0	0	2	2	0	0	7	0	1	60	80	80	5	0	1	100	100	100
600055	止戈为武	谷月轩为了荆棘，挡下所有敌人的攻击	c00025	0	0	100	100	0	0	26	5	0	0	0	5	5	0	1	30	30	0	4	0	1	100	100	0	0	0	1	10	10	0
600056	消沉	意志消沉。攻击、闪避、反击下降	c00011	1	0	3	3	0	0	3	0	1	50	50	0	5	0	1	50	50	0	6	0	1	50	50	0
600057	相消	消除自身所有正向状态	c00021	1	0	0	0	100	100	20	4	0	0	0	0
600058	吸星大法	被吸取所有精气，气血耗尽	c00009	1	0	0	0	0	0	0	0	1	100	100	0
600059	吸星大法	吸取他人精气，气血大量恢复	c00027	0	0	0	0	0	0	0	0	1	10	30	0
600060	霸王龙吼功	狂暴霸道的吼功，令人肝胆俱裂	c00002	1	0	0	0	0	0	0	0	1	20	50	0
600061	震慑	被正气凛然的气势影响。移动下降，无法攻击	c00026	1	0	1	1	0	0	11	0	0	1	1	0	12	4	0	0	0	0
600062	大续战	恢复全部气血、内力	c00021	2	0	0	0	0	0	0	0	1	100	100	0	1	0	1	100	100	0
600063	傲气	不服输的性格，不可一世的骄傲。全面提升战斗能力	c00027	0	0	100	100	0	0	6	0	1	5	10	0	7	0	1	10	20	0	5	0	1	20	30	30	3	0	1	100	100	100	4	0	1	200	200	200
600064	噬气	攻击吸收气血	c00022	0	0	100	100	0	0	17	0	1	50	50	0
600065	消沉	意志消沉。攻击、闪避、反击下降	c00011	1	1	3	3	0	0	3	0	1	30	30	0	5	0	1	30	30	0	6	0	1	30	30	0	20	4	0	0	0	0
600066	圣堂之力	一股强大的力量，涌入你的体内	c00021	0	0	100	100	0	0	4	0	0	3000	3000	0	10	4	0	0	0	0	20	4	0	0	0	0
600067	圣堂之力	强大的真气在经脉内鼓动、流窜	c00025	0	0	100	100	0	0	17	0	1	100	100	0	18	0	1	100	100	0	20	4	0	0	0	0	8	4	0	0	0	0	14	4	0	0	0	0
600068	圣堂之力	体内强大的力量，急需宣泄，你的身体快撑不住了	c00027	0	0	100	100	0	0	3	0	1	300	300	0	12	4	0	0	0	0	23	4	0	0	0	0	20	4	0	0	0	0	8	7	0	600053	0	0
600069	回头吧，师弟！	谷月轩不会出手攻击。	c00025	1	0	100	100	0	0	12	4	0	0	0	0
600070	争胜	我……不会永远在你之下，我是荆棘，不是「谷月轩的师弟」！	c00007	0	0	100	100	0	0	8	4	0	0	0	0	3	0	1	30	50	0
600071	痛心疾首	导正师弟，也是师兄的义务……	c00002	0	0	100	100	0	0	5	0	1	15	20	0	0	0	1	10	10	0
600072	老胡的震怒	闭门铁扇刀：伤害反弹。<br>缠身摘心刀：攻击加倍	c00007	0	0	100	100	0	0	3	0	1	100	100	0	15	0	1	30	50	0
600073	幻象	什么是真？什么是假？	c00004	1	0	100	100	0	0	9	0	0	5	5	0	12	4	0	0	0	0	0	4	0	0	0	0
600074	圣堂之力	神秘的力量	c00004	0	0	100	100	0	0	3	0	1	30	30	0	4	0	1	10	10	0	5	0	1	10	10	0	6	0	1	10	10	0	7	0	1	10	10	0	8	0	1	10	10	0
600075	天王之威	被天王的气势震慑，攻击力大幅下降，无法暴击	c00011	1	0	1	1	0	0	3	0	1	50	50	0	7	4	0	0	0	0
600076	心有灵犀	我好欢喜啊……我好欢喜啊！	c00026	0	0	100	100	0	0	3	0	1	50	50	0	8	7	0	600052	0	0	0	0	1	10	15	0	1	0	1	10	15	0
600077	百花奏乐	恢复气血与内力	c00021	0	0	1	1	0	0	0	0	1	15	20	0	1	0	1	20	30	0
600078	师徒连心	从今以后，古实，就是武当派掌门	c00007	0	0	100	100	0	0	18	0	1	50	50	0	4	0	0	800	800	0	3	0	1	50	50	0
600079	因陀罗之誓	我厉苍天在此誓言，一定会带领大家，共创桃源乡	c00007	0	0	100	100	0	0	16	0	1	30	50	0	18	0	1	30	50	0	20	4	0	0	0	0
600080	剑百贰拾参	吾，即剑之道，万剑归宗！	c00007	0	0	100	100	0	0	9	0	0	1	1	1	22	0	0	4	4	4	4	4	0	0	0	0
600081	士气大振	气血恢复气血，提升攻击、防御	c00007	0	0	3	3	0	0	0	0	1	30	30	0	3	0	1	30	40	0	4	0	1	30	40	0	20	0	0	1	1	0
600082	霸者横拦无极处	即使全天下的人都反我，我也会贯彻我的路到底！	c00007	0	0	100	100	0	0	3	0	1	100	100	0	23	4	0	0	0	0	14	0	1	50	50	0	7	0	1	100	100	0
600083	忘魂魔音	无法闪避，反击，暴击，行动力减少两点	c00011	1	0	2	3	0	0	5	4	0	0	0	0	6	4	0	0	0	0	7	4	0	0	0	0	9	0	0	2	2	0	22	0	0	2	2	2
600084	背水一战	防御力+300，回血6~10%，反击率+50%，无限反击，连斩	c00027	0	0	100	100	0	0	0	0	1	6	10	0	4	0	0	300	300	0	5	0	1	50	50	0	29	4	0	0	0	0	23	4	0	0	0	0
700001	挣扎	内心矛盾，陷入混乱	c00026	1	0	2	2	0	0	11	0	0	1	1	0	12	4	0	0	0	0
700002	回头吧，师弟！	谷月轩不会出手攻击。	c00025	1	0	100	100	0	0	12	4	0	0	0	0
700003	瘴腐毒气	天意城地道的毒气陷阱。	c00001	1	0	3	3	0	0	3	1	1	15	20	40	4	1	1	15	20	40	0	1	1	6	8	20	6	1	1	8	10	20	7	1	1	8	10	20	1	1	1	8	10	20	31	4	0	0	0	0
700004	郁毒缠身	极度虚弱，每回合减少气血。	c00001	1	0	3	3	0	0	0	1	1	6	8	20	31	4	0	0	0	0
700005	势如破竹的勇气	回复气血，增加防御。	c00021	0	0	3	3	0	0	0	0	1	15	30	0	4	0	0	300	300	0
700006	解毒草	解毒，回复气血。	c00003	2	0	0	0	0	0	0	0	0	300	300	0	31	4	0	0	0	0
700007	三心二意	我……是真心爱着妳「们」！	c00020	1	1	100	100	0	0	5	4	0	0	0	0	6	4	0	0	0	0	7	4	0	0	0	0
700008	力士威	阿霞的死，使阿忠体内潜藏的真气彻底爆发，幼<br>时习练过的九阳神功与如来神掌，终于派上了用场……	c00007	0	0	100	100	0	0	3	0	1	100	100	0	23	4	0	0	0	0	14	0	1	50	50	0	7	0	1	100	100	0
700009	真元护体	气血充盈，内伤免疫	c00021	0	0	1	1	0	0	10	4	0	0	0	0
700010	热血军魂	威武士气扬军威，每回合回复气血	c00007	0	0	20	20	0	0	0	0	0	300	500	0
700011	急行军	移动力上升	c00007	0	0	20	20	0	0	9	0	0	2	2	0
700012	击溃	造成爆炸性的伤害	c00017	3	1	0	0	0	0	0	0	0	600	1200	0
900001	石灰粉	目盲1~3回合，大幅降低命中率。	c00005	1	1	1	3	0	0	8	0	1	80	80	0
900002	香灰	佛祖的礼物，目盲5回合，大幅降低命中率。	c00005	1	1	5	5	0	0	8	0	1	100	100	0
900003	好运	命运的安排	c00017	2	1	0	0	0	0	0	0	0	0	999	0
900004	霹雳雷火弹	造成爆炸性的伤害	c00017	3	1	0	0	0	0	0	0	0	1000	1500	0
900005	忠贞不二	夜叉……我绝不负你！公孙坚不会攻击。	c00025	1	0	100	100	0	0	12	4	0	0	0	0
900006	双「剑」合璧	傅剑寒和任剑南临时组成的双人团…咳…剑阵，<br>暴击率、闪避率提升。	c00021	0	0	2	2	0	0	7	0	1	15	15	0	6	0	1	15	15	0
900007	饮中四侠	武林新一代男神组合，横空出世！暴击率、闪避率<br>提升、每回合恢复气血、攻击必定命中。	c00021	0	0	100	100	0	0	7	0	1	50	50	0	6	0	1	50	50	0	0	0	1	30	30	0	8	4	0	0	0	0
900008	斗转星移	增加反击率，无限反击，反击成功时自身附加<br>识破。	c00003	0	0	3	3	0	0	5	0	1	20	20	0	29	4	0	0	0	0	5	7	0	500018	0	0
900009	踏月神行	增加闪避率，移动格数+1，行动等级+1，闪避<br>成功时自身附加聚气。	c00014	0	0	3	3	0	0	6	0	1	20	20	0	9	0	0	1	1	1	22	0	0	4	4	4	6	7	0	500025	0	0
900010	吸风引露	吸收100%当次伤害回复自身气血、内力。	c00022	2	0	0	0	0	0	17	0	1	100	100	0	18	0	1	100	100	0
900011	灼灼其华	每回合恢复10~15%气血，攻击力、防御力提升<br>200点。	c00021	0	2	3	3	0	0	3	0	0	200	200	0	4	0	0	200	200	0	0	0	1	10	15	0
900012	饮血	吸收150%当次伤害回复自身气血。	c00022	2	0	0	0	0	0	17	0	1	150	150	0
900013	道法阴阳	吸收200%当次伤害回复自身气血、内力。	c00022	2	0	0	0	0	0	17	0	1	200	200	0	18	0	1	200	200	0
900014	寒梅映雪	周身两格内除自身外之我方单位，暴击率根据远近渐次<br>提升30%~20%，持续1回合。	c00025	0	0	1	1	0	0	7	5	1	30	20	2
900015	西施捧心	周身两格内敌方单位防御力根据远近渐次降低40%~30%<br>，持续2回合。	c00025	0	0	2	2	0	0	4	9	1	40	30	2
900016	无忧无虑	周身两格内除自身外之我方单位，根据远近渐次回复<br>内力25~10%，持续1回合。	c00025	0	0	1	1	0	0	1	5	1	25	10	2
900017	貂蝉拜月	周身两格内除自身外之我方单位，根据远近渐次提升<br>反击率40~30%；攻击时吸收50~30%伤害回复内力<br>，持续3回合。	c00025	0	0	3	3	0	0	5	5	1	40	30	2	18	5	1	50	30	2
900018	菩提清心	周身两格内除自身外之我方单位，受到伤害时反弹30%伤害<br>；防御力提升250点，持续2回合。	c00025	0	0	2	2	0	0	15	5	1	30	30	2	4	5	0	250	250	2
900019	傲笑红尘	周身两格内敌方单位攻击力根据远近渐次降低40~30%<br>，持续3回合。	c00025	0	0	3	3	0	0	3	9	1	40	30	2
900020	飞燕凌波	周身两格内除自身外之我方单位，闪避率根据远近渐次<br>提升30~20%；移动距离+1；行动等级+1，持续<br>2回合。	c00025	0	0	2	2	0	0	6	5	1	30	20	2	9	5	0	1	1	2	22	5	0	4	4	2
900021	空山鸣涧	周身两格内除自身外之我方单位，根据远近渐次恢复<br>气血、内力15~10%，持续3回合。	c00025	0	0	3	3	0	0	0	5	1	15	10	2	1	5	1	15	10	2
900022	高山流水	周身两格内除自身外之我方单位，防御力根据远近<br>渐次提升400~200点；每回合回复内力15~10%<br>，持续3回合。	c00025	0	0	3	3	0	0	4	5	0	400	200	2	1	5	1	15	10	2
900023	凤求凰	周身两格内除自身外之我方单位，闪避率提升20%；<br>移动距离+1；行动等级+1，持续3回合。	c00025	0	0	3	3	0	0	6	5	1	20	20	2	9	5	0	1	1	2	22	5	0	4	4	2
900024	广陵散	周身两格内除自身外之我方单位，根据远近渐次提升<br>攻击力400~200点；暴击率15~10%，持续<br>3回合。	c00025	0	0	3	3	0	0	3	5	0	400	200	2	7	5	1	15	10	2
900025	蔡氏五弄	周身两格内除自身外之我方单位每回合恢复气血、内力<br>10%；暴击率、反击率、闪避率提升10%，<br>持续3回合。	c00025	0	0	3	3	0	0	0	5	1	10	10	2	1	5	1	10	10	2	7	5	1	10	10	2	5	5	1	10	10	2	6	5	1	10	10	2
900026	插翅难飞	闪避率降低30~40%，移动距离、行动等级-1，<br>持续2回合。	c00022	1	1	2	2	0	0	6	0	1	30	40	0	9	0	0	1	1	0	22	0	0	4	4	0
900027	离火焚身	每回合持续失去5%气血；防御力下降10%。	c00007	1	1	1	3	50	0	0	0	1	5	5	0	4	0	1	10	10	0
900028	玄冰刺骨	攻击力下降10%，移动格数-1，行动等级-1。	c00023	1	1	1	3	50	0	3	0	1	10	10	0	9	0	0	1	1	0	22	0	0	1	1	1
900029	搜魂	周身两格内敌方单位防御力根据远近渐次降低40~30%<br>，持续1回合。	c00025	0	0	1	1	0	0	4	9	1	40	30	2
900030	销魂	周身两格内敌方单位攻击力根据远近渐次降低40~30%<br>，持续2回合。	c00025	0	0	2	2	0	0	3	9	1	40	30	2
900031	忘魂	周身两格内敌方单位闪避率、反击率、暴击率根据<br>远近渐次降低40~30%，持续3回合。	c00025	0	0	3	3	0	0	5	9	1	40	30	2	6	9	1	40	30	2	7	9	1	40	30	2
900032	昭君出塞	周身两格内除自身外之我方单位攻击力根据远<br>近渐次提升300~150点，持续1回合。	c00025	0	0	1	1	0	0	3	5	0	300	150	2
900033	胡笳十八拍	周身两格内敌方单位攻击力、暴击率根据远近渐次<br>降低35~20%，持续1回合。	c00025	0	0	1	1	0	0	3	9	1	35	20	2	7	9	1	35	20	2
900034	春江花月夜	周身两格内除自身外之我方单位，根据远近渐次吸收<br>所造成伤害的30~10%回复气血、内力。	c00025	0	0	2	2	0	0	17	5	1	30	10	2	18	5	1	30	10	2
900035	十面埋伏	周身三格内敌方单位根据远近渐次失去5~3%气血、<br>内力，持续2回合。	c00025	0	0	2	2	0	0	1	9	1	5	3	3	0	9	1	5	3	3
900036	高山流水	周身两格内除自身外之我方单位，防御力提升600点；<br>每回合恢复气血20%，持续3回合。	c00025	0	0	3	3	0	0	4	5	0	600	600	2	0	5	1	20	20	2
900037	山外清音	周身两格内除自身外之我方单位，防御力、防暴率<br>提升50%，持续2回合。	c00025	0	0	2	2	0	0	4	5	1	50	50	2	24	5	1	50	50	2
900038	凤曲长鸣	周身两格内除自身外之我方单位，闪避率提升15%，<br>每回合恢复气血、内力15%，持续3回合。	c00025	0	0	3	3	0	0	0	5	1	15	15	2	1	5	1	15	15	2	6	5	1	15	15	2
900039	万象飞袖	唐飞的独门暗器，宽袍大袖中包罗唐门诸般暗器机关<br>，对手永远无法预测下次从袖中射出的会是甚么暗器。<br>固定累积20%机率连击、暴击提升10%、连斩且必定<br>命中。	c00021	0	0	300	300	0	0	8	7	0	900041	0	0	7	0	1	10	10	0	8	4	0	0	0	0	23	4	0	0	0	0
900040	子母追魂箭	唐门研发的暗器机弩，每次射击由一大一小两支飞箭组<br>成，一箭射出后，下一箭紧接着朝对手的闪避死角射出，<br>两箭必有一箭能命中。<br>固定累积35%机率连击、必定命中。	c00021	0	0	300	300	0	0	8	7	0	900042	0	0	8	4	0	0	0	0
900041	万象飞袖‧连击	固定20%机率连击。	c00004	4	0	0	0	20	20	12	0	0	1	1	1
900042	子母追魂箭‧连击	固定35%机率连击。	c00004	4	0	0	0	35	35	12	0	0	1	1	1
900043	蜀道难	唐门阵法，以大量飞镖和铁蒺藜牵制敌方行动<br>的同时，也替友方争取腾跃挪移的空间。<br>周围二格内我方单位移动范围-1、行动等级+1；<br>周围两格内敌方单位移动范围-1，行动等级-1。	c00027	0	0	300	300	0	0	9	5	0	1	1	2	22	5	0	4	4	2	9	9	0	1	1	2	22	9	0	1	1	1
900044	正反八卦刀阵‧正	八卦门双人刀阵，一人正着使动八卦刀法，全采<br>攻势，以凌厉的招式逼退对手。<br>周围一格内敌方单位防御下降20%、我方单位<br>反击提升10%。	c00027	0	0	300	300	0	0	5	5	1	10	10	1	4	9	1	20	20	1
900045	正反八卦刀阵‧反	八卦门双人刀阵，一人倒着使动八卦刀法，全采<br>守势，暗藏杀着，引君入瓮。<br>周围一格内我方单位反击提升20%、敌方单位防<br>御下降10%。	c00027	0	0	300	300	0	0	5	5	1	20	20	1	4	9	1	10	10	1
900046	青龙刀诀	长虹镖局自先祖关云长的青龙偃月刀法中拆出的两种刀<br>诀之一，青龙刀诀重威势，举手投足之间凛然有领军大将<br>之风。<br>自身及周围一格内我方单位攻击力提升20%、防御力<br>提升20%。	c00021	0	0	300	300	0	0	3	0	1	20	20	0	4	0	1	20	20	0	3	5	1	20	20	1	4	5	1	20	20	1
900047	偃月刀诀	长虹镖局自先祖关云长的青龙偃月刀法中拆出<br>的两种刀诀之一，偃月刀诀重凌厉，以连环快刀<br>迅速压制对手攻势。<br>周围一格内敌方单位防御力降低20%、闪避降低20%。	c00021	0	0	300	300	0	0	4	9	1	20	20	1	6	9	1	20	20	1
900048	野球拳舞	齐丽卖艺时常跳的舞蹈，从野球拳的招式演变<br>而来，虽然没有实质的杀伤能力，却能令观者如沐春风<br>，战意昂扬。<br>周围两格内我方单位暴击率提升10%；每回合回复气血<br>、内力10%。	c00021	0	0	300	300	0	0	7	5	1	10	10	2	0	5	1	10	10	2	1	5	1	10	10	2
900049	云从龙	青城派绝学雌雄龙虎剑的剑诀之一，既是单人套路，亦可成多人阵法<br>，以两人同使为佳。云从龙旨在剑势缥缈，如云中飞龙，不见首尾，<br>骤然而击。<br>自身及周围一格内我方单位暴击率提升15%，自身闪避时获得<br>霸体。	c00027	0	0	300	300	0	0	7	0	1	10	10	0	7	5	1	15	15	1	6	7	0	500012	0	0
900050	风从虎	青城派绝学雌雄龙虎剑的剑诀之一，既是单人套路，亦可成多人阵法<br>，以两人同使为佳。风从虎旨在剑势凌厉，如风中猛虎，步步进逼，<br>穷追不舍。<br>自身及周围一格内我方单位闪避率提升15%，自身暴击时获得<br>霸体。	c00027	0	0	300	300	0	0	6	0	1	10	10	0	6	5	1	15	15	1	7	7	0	500012	0	0
900051	调息	潜心调息，聚气归元。每回合恢复100%气血。	c00025	0	0	500	500	0	0	0	0	1	100	100	0
900052	调息	潜心调息，聚气归元。反击率、闪避率降低100%<br>；无法行动。	c00025	1	0	500	500	0	0	12	0	0	1	1	0	11	0	0	1	1	0	5	0	1	100	100	0	6	0	1	100	100	0
900053	天意奇毒	天意杀手-毒所研制的毒气，影响范围极广，中毒者全身<br>瘫痪无法行动，效果强大，但需要时间和人力进行布置。<br>内伤、无法反击，无法闪躲，无法行动，每回合损失10%<br>气血，防御力降低10%。	c00001	1	0	500	500	0	0	6	4	0	0	0	0	5	4	0	0	0	0	0	0	1	10	10	0	11	4	0	0	0	0	12	4	0	0	0	0	4	0	1	10	10	0	10	4	0	0	0	0
900054	真武七截‧龟阵	武当派双人阵法，原需七人同使，然传至今日已是残缺<br>不全，仅能取剩余精要化为双人阵法。<br>自身防御力提升20%，反弹50%所受伤害，保护一格<br>内队友。	c00027	0	0	300	300	0	0	4	0	1	20	20	0	15	0	1	50	50	0	26	5	0	0	0	1
900055	真武七截‧蛇阵	武当派双人阵法，原需七人同使，然传至今日已是残缺<br>不全，仅能取剩余精要化为双人阵法。<br>自身和周遭一格内我方单位攻击力提升30%、周遭一格<br>内敌方单位防御力降低30%、移动距离-1、行动等级-1。	c00027	0	0	300	300	0	0	3	0	1	30	30	0	3	5	1	30	30	1	4	9	1	20	20	1	9	9	0	1	1	1	22	9	0	1	1	1
900056	杀狗阵	丐帮阵法，与守御型的莲花落阵不同，杀狗阵<br>旨在步步进逼，迫敌自救。<br>周遭一格内敌方单位攻击力降低20%、防御力<br>降低20%。	c00027	0	0	300	300	0	0	3	9	1	20	20	1	4	9	1	20	20	1
900057	天羽阵	天山派剑阵，以天山派快速绝伦的剑法配合高超的轻功，<br>十人列阵时，能朝同一方位瞬间刺出数百次剑。<br>周围两格内我方单位闪避提升10%、自身固定累积15%<br>机率连击。	c00027	0	0	300	300	0	0	8	7	0	900058	0	0	6	5	1	10	10	2
900058	天羽阵‧连击	固定15%机率连击。	c00004	4	0	0	0	15	15	12	0	0	1	1	1
900059	幻影无形剑	天山派剑法绝学，无招无式，全以剑意行剑，从来不是<br>透过师承传授，而是需要门下弟子自行领悟方能习得<br>，与其说是一个套路，不如说是一种境界。<br>必定命中、自身闪避提升15%。	c00021	0	0	300	300	0	0	8	4	0	0	0	0	6	0	1	15	15	0
900060	北长虹	北长虹，南金风！长虹镖局，威风八面，长虹<br>镖局少镖头就是我！关伟！<br>周围两格内我方单位暴击提升15%，自身闪避时获得<br>聚气。	c00007	0	0	300	300	0	0	7	5	1	15	15	2	6	7	0	500025	0	0
900061	南金风	南金风，北长虹！金风镖局少…不…已经是总<br>镖头了呢…我乃金风镖局总镖头，陆少临！<br>周围两格内敌方单位命中率降低15%，自身暴击时获得<br>聚气。	c00007	0	0	300	300	0	0	8	9	1	15	15	2	7	7	0	500025	0	0
900062	勤王三杰	我等所勤，并非一人之王！而是以民为本、<br>为民谋福的王道！<br>闪避率提升15%；攻击力、防御力提升<br>25%；每回合恢复15%气血。	c00021	0	0	300	300	0	0	6	0	1	15	15	0	3	0	1	25	25	0	4	0	1	25	25	0	0	0	1	15	15	0
900063	饮中三侠	少了一个人的武林新一代男神组合…绰绰有余了！<br>暴击率提升15%、闪避率提升15%、每回合恢复<br>15%气血。	c00021	0	0	300	300	0	0	7	0	1	15	15	0	6	0	1	15	15	0	0	0	1	15	15	0
900064	青龙偃月阵	长虹镖局阵法，关云长乃一代名将，因此战阵的设计较<br>之其他门派阵法也更为全面。<br>周围二格内我方单位攻击力提升15%、防御力提升15%<br>；周围二格内敌方单位防御力降低15%、闪避降低15%。	c00027	0	0	300	300	0	0	3	5	1	15	15	2	4	5	1	15	15	2	4	9	1	15	15	2	6	9	1	15	15	2
900065	六扇阵	六扇门阵法，阵形有如渔网，用以切断敌人退路<br>、方便互相支持。<br>周围两格内敌方单位攻击力降低5%；周围两格内友方<br>单位攻击力提升5%；自身绝对命中且不会被反击。	c00027	0	0	300	300	0	0	3	9	1	5	5	2	3	5	1	5	5	2	8	4	0	0	0	0	25	4	0	0	0	0
900066	五成功力	只恢复了五成功力…<br>攻击、防御、暴击、反击、闪避下降50%。	c00002	1	0	300	300	0	0	3	0	1	50	50	0	4	0	1	50	50	0	5	0	1	50	50	0	6	0	1	50	50	0	7	0	1	50	50	0
900067	两仪化劲	两仪回风拳中的化劲技巧，熟练者能够将凌厉<br>的攻势瞬间化于无形。<br>卸劲50%、防御力提升100%、保护一格队友。	c00021	0	0	300	300	0	0	16	0	1	50	50	0	4	0	1	100	100	0	26	5	0	0	0	1
900068	狼子野心	什么大人小人，只要能赢，有甚么不能做？<br>反击提升10%，反击成功时获得识破。	c00007	0	0	300	300	0	0	5	0	1	10	10	0	5	7	0	500018	0	0
900069	撩蜂吃螫	我唐门的暗器，不可避，亦不可挡！<br>闪避提升10%，闪避成功时获得识破。	c00007	0	0	300	300	0	0	6	0	1	10	10	0	6	7	0	500018	0	0
900070	蜂狼双煞	毒蜂配恶狼，对付这些杀手再适合不过了。<br>血量低于30%时获得闪避、反手；闪避成功<br>时自身获得聚气；反击成功时自身获得净化。	c00007	0	0	300	300	0	0	0	10	1	500017	0	30	0	10	1	500019	0	30	6	7	0	500025	0	0	5	7	0	500042	0	0
900071	剑光寒	剑光寒，男儿行侠志四方……您…难道就是…<br>暴击率+20%、移动距离+1、行动等级+1。	c00021	0	0	300	300	0	0	7	0	1	20	20	0	9	0	0	1	1	1	22	0	0	4	4	4
900072	月辉寒	月辉寒，伊人顾影思君郎……小子，你很好！<br>固定吸收30%造成的伤害恢复气血。	c00021	0	0	300	300	0	0	17	0	1	30	30	0
900073	七彩蛊毒	七彩蛊王所释放的蛊毒，毒性极强，在沈澜手中亦可化为<br>灵丹妙药，只不过得端看她当下心情如何了…<br>周遭二格内敌方单位气血、内力每回合降低10%；周遭二<br>格内友方单位气血、内力每回合回复8%并解除1个<br>负面状态。	c00001	0	0	300	300	0	0	0	9	1	10	10	2	1	9	1	10	10	2	0	5	1	8	8	2	1	5	1	8	8	2	20	5	0	1	1	2
900074	迷魂蛊	蓝婷所豢养的毒蛊，毒性虽不及七彩蛊王，但所散发出<br>的蛊毒能使人全身虚弱无力。<br>周遭二格内敌方单位气血、内力每回合降低5%；攻击力、防御力降低25%。	c00001	0	0	300	300	0	0	0	9	1	5	5	2	1	9	1	5	5	2	3	9	1	25	25	2	4	9	1	25	25	2
900075	迷魂蛊毒	全身虚弱无力，无法行动。	c00001	5	1	1	1	50	50	12	4	0	0	0	0	11	4	0	0	0	0
900076	药王神针	忘忧七贤中神医的绝技，传自唐代药王孙思邈，既可远程发针<br>控制对手行动，亦可以针灸技法治疗友方。<br>周遭二格内敌方单位暴击、反击、闪避降低15%；周遭两格内<br>自身及友方单位气血、内力每回合回复15%，并解除2个负面状态。	c00015	0	0	300	300	0	0	5	9	1	15	15	0	6	9	1	15	15	0	0	5	1	15	15	2	1	5	1	15	15	2	20	5	0	2	2	2	7	9	1	15	15	0
900077	僧道合流	少林寺与武当派同气连枝，生死与共！<br>每回合恢复气血、内力10%，卸劲20%。	c00007	0	0	300	300	0	0	0	0	1	10	10	0	1	0	1	10	10	0	16	0	1	20	20	0
900078	血红池	天意杀手-毒的特制毒气，影响范围极广，中者<br>将持续出血、虚弱无力。四格内所有敌方单位<br>每回合失去5%气血、攻击力、防御力降低30%。	c00001	0	0	300	300	0	0	0	9	1	5	5	4	3	9	1	30	30	4	4	9	1	30	30	4
900079	巫山云雨	天意杀手-浪的独门媚药，能够令男女欲火焚身<br>，任其摆布。<br>攻击力提升15%、移动距离+1、行动等级+1。	c00020	0	0	300	300	0	0	3	0	1	15	15	0	9	0	0	1	1	0	22	0	0	4	4	0
900080	百手人屠	天意杀手-狂最高的杀人境界，在此状态下已<br>是神智全失，噬血啖肉，宛如猛兽。<br>攻击力提升50%、吸收气血100%、反击提升50%。	c00026	0	0	300	300	0	0	3	0	1	50	50	0	17	0	1	100	100	0	5	0	1	50	50	0
900081	刀剑归真‧总诀刀	刀剑合一，摩诃无量！我夏侯非已经不是从前的我了！<br>周遭一格内我方单位反击提升20%，自身暴击时获得<br>狂暴。	c00004	0	0	300	300	0	0	5	5	1	20	20	1	7	7	0	500035	0	0
900082	刀剑归真‧总诀剑	刀剑合一，摩诃无量！就让你好好见识见识蜕变后的<br>西门峰大爷！<br>周遭一格内我方单位暴击提升20%，自身反击时获得<br>狂暴。	c00004	0	0	300	300	0	0	7	5	1	20	20	1	5	7	0	500035	0	0
900083	意志消沉	意志消沉。攻击、闪避、反击下降20%。	c00011	1	0	300	300	0	0	3	0	1	20	20	0	5	0	1	20	20	0	6	0	1	20	20	0
900084	护花	我绝对不会让任何人伤害你！<br>防御提力升20%、反击率提升20%、保护一格<br>内队友。	c00011	0	0	300	300	0	0	4	0	1	20	20	0	5	0	1	20	20	0	26	5	0	0	0	1
900085	巫山云雨	天意杀手-浪的独门媚药，能够令男女欲火焚身<br>，任其摆布。<br>防御力降低15%。	c00020	1	0	300	300	0	0	4	0	1	15	15	0
900086	解开天意奇毒	攻击次数+1、移动次数+1。	c00020	2	0	1	1	0	0	11	0	0	1	1	0	12	0	0	1	1	0
900087	蝶恋花	枝上柳绵吹又少，天涯何处无芳草；<br>笑渐不闻声渐悄，多情却被无情恼！<br>周遭两格内除自身外之友方单位每回合恢复<br>气血、内力10%，攻击力提升25%。	c00025	0	0	300	300	0	0	0	5	1	10	10	2	1	5	1	10	10	2	3	5	1	25	25	2
900088	风入松	西岭松声落日秋，千枝万叶风溜溜。<br>风何凄兮飘飉，揽寒松兮又夜起。<br>周遭四格内敌方单位攻击力、防御力、暴击率、反击率、<br>闪避率降低20%。	c00025	0	0	300	300	0	0	3	9	1	20	20	4	4	9	1	20	20	4	5	9	1	20	20	4	6	9	1	20	20	4	7	9	1	20	20	4
900089	悲苦凄凉	仙音姊姊……这曲…你可听见了？<br>任剑南奏琴进入忘我之境，无法攻击。	c00011	1	0	300	300	0	0	12	4	0	0	0	0
900090	雅儿的石灰粉	这白白的是甚么东西……啊啊啊！！我的眼睛<br>！！<br>周遭两格内敌方单位根据距离远近渐次降低命<br>中率25~50%。	c00005	0	0	300	300	0	0	8	9	1	50	25	2
900091	例不虚发	小李飞刀的精髓，精密计算对手的方位和破绽，<br>达到一刀毙命，不再出第二刀的境界<br>暴击率提升30%、必定命中。	c00026	0	0	300	300	0	0	7	0	1	30	30	0	8	4	0	0	0	0
900092	恶心	攻击大幅降低，无法移动、攻击。	c00011	1	1	2	2	0	0	3	0	1	80	80	0	9	0	0	5	5	0	12	4	0	0	0	0
900093	破绽	出其不意，攻其不备。被暴击率提升30%<br>闪避-20%，持续1回合。	c00012	1	1	1	1	0	0	24	0	1	30	30	0	6	0	1	20	20	0
900094	固守	深沟高垒，坚守以拒之。防御力提升50%<br>反击率+20%，持续1回合。	c00016	0	1	1	1	0	0	4	0	1	50	50	0	5	0	1	20	20	0
900095	补给	以近待远，以逸待劳。每回合累进恢复气血、内力<br>1~3%，最大20%，持续4回合。	c00025	0	1	4	4	0	0	0	1	1	1	3	20	1	1	1	1	3	20
900096	百病身	攻击力、防御力降低25%；无法暴击；无法反<br>击；无法闪躲；持续2回合。	c00011	1	1	2	2	0	0	3	0	1	25	25	0	4	0	1	25	25	0	5	4	0	0	0	0	6	4	0	0	0	0	7	4	0	0	0	0
900097	千金方	攻击力、防御力提升25%；暴击、反击、闪避<br>率提升10%；持续3回合。	c00021	0	1	3	3	0	0	3	0	1	25	25	0	4	0	1	25	25	0	5	0	1	10	10	0	6	0	1	10	10	0	7	0	1	10	10	0
900098	三折肱	暴击、反击、闪避率提升5%；持续2回合。	c00021	0	1	2	2	0	0	5	0	1	5	5	0	6	0	1	5	5	0	7	0	1	5	5	0
900099	心剑	周围二格内敌方单位每回合受到剑气伤害，损失<br>10~20%气血，持续3回合。	c00007	0	0	3	3	0	0	0	9	1	20	10	2
900100	百足爪挠	自身周围一格内的敌方单位防御力下降5%；自身<br>受到攻击时固定反弹20%伤害给对方，持续2回合。	c00015	0	0	2	2	0	0	15	0	1	20	20	0	4	9	1	5	5	1
900101	百足	自身周围一格内的敌方单位每回合损失5%气血<br>；自身受到攻击时固定反弹50%伤害给对方，<br>持续3回合。	c00015	0	0	3	3	0	0	15	0	1	50	50	0	0	9	1	5	5	1
900102	追魂	必定命中。	c00026	2	0	1	1	0	0	8	4	0	0	0	0
900103	流血	每回合累进失去5~10%气血，最大25%，持续1~3<br>回合。	c00009	1	0	1	3	0	0	0	1	1	5	10	25
900104	天罗地网	无法移动、无法闪避；攻击、防御下降15%，持续2回合。	c00023	1	1	2	2	0	0	3	0	1	15	15	0	4	0	1	15	15	0	11	0	0	1	1	0	6	4	0	0	0	0
900105	顽石点头	自身周围一格内的敌方单位攻击、防御下降30%，持续1回合。	c00004	0	0	1	1	0	0	3	9	1	30	30	1	4	9	1	30	30	1
900106	回头是岸	无法攻击，持续1回合。	c00011	1	1	1	1	0	0	12	0	0	1	1	0
900107	立地成佛	保护一格内同伴，自身反弹300%伤害，自身每次受击时回复5%气血，持续1回合	c00025	0	0	1	1	0	0	26	5	0	0	0	1	15	0	1	300	300	0	0	10	1	0	910004	0
900108	螳螂捕蝉	必定暴击且必定命中，100%当次伤害转化恢复自身气血。	c00025	2	0	1	1	100	100	8	4	0	0	0	0	7	4	0	0	0	0	17	0	1	100	100	0
900109	螳臂挡车	防御提升20%；必定反击，持续1回合。	c00003	0	0	1	1	0	0	4	0	1	20	20	0	5	4	0	0	0	0
900110	辟邪	攻击次数+1，必定命中	c00004	2	0	1	1	0	0	8	7	0	500157	0	0	8	4	0	0	0	0
900111	剑气纵横	周围一格内敌方单位每回合受到剑气伤害，损失<br>8%气血	c00007	0	0	1	1	0	0	0	9	1	8	8	1
900112	截兵	周围一格内敌方单位攻击力降低20%；自身反弹<br>20%伤害	c00007	0	0	1	1	0	0	3	9	1	20	20	1	15	0	1	20	20	0
900113	阴阳倒乱‧阴	反击率提升15%，反击时获得狂暴	c00004	0	0	1	1	0	0	5	0	1	20	20	0	5	7	0	500035	0	0
900114	法灸神针	自身和周遭两格内友方单位，每回合回复气血<br>、内力5~10%；周遭两格内敌方单位攻击<br>、命中下降5~10%	c00004	0	0	1	1	0	0	0	0	1	10	10	0	1	0	1	10	10	0	0	5	1	10	5	2	1	5	1	10	5	2	3	9	1	10	5	2	8	9	1	10	5	2
900115	图穷匕见	暴击率提升50%、神行	c00004	0	0	1	1	0	0	7	0	1	50	50	0	9	0	0	1	1	1	22	0	0	4	4	4
900116	高祖斩蛇	抗毒；周围一格友军提升攻击力30%	c00004	0	0	1	1	0	0	31	4	0	0	0	0	3	5	1	30	30	1
900117	金刚怒目	横练，反击成功时附加狂暴	c00026	0	0	1	1	0	0	4	0	1	20	30	0	5	7	0	500035	0	0
900118	慈乌反哺	击中敌人时，吸收气内15%	c00004	0	0	1	1	0	0	17	0	1	15	15	0	18	0	1	15	15	0
900119	经物不觉	暴击率提升15%、暴击时对手损失10%气血	c00004	0	0	1	1	0	0	7	0	1	15	15	0	7	7	0	0	900169	0
900120	莫有其状	闪避率提升15%、闪避时对手损失10%气血	c00004	0	0	1	1	0	0	6	0	1	15	15	0	6	7	0	0	900169	0
900121	兵不血刃	免疫暴击、每次攻击时对手损失5%气血	c00004	0	0	1	1	0	0	24	4	0	0	0	0
900122	咒禁	定身、必定命中、周围一格同伴命中提升100%	c00020	0	0	1	1	0	0	8	7	0	0	500051	0	8	5	1	100	100	1	8	4	0	0	0	0
900123	千锤百炼	免疫暴击、免疫反击、免疫晕眩	c00016	0	0	1	1	0	0	24	4	0	0	0	0	25	4	0	0	0	0	33	4	0	0	0	0
900124	蚀日	噬气，恐惧	c00027	0	0	1	1	0	0	17	0	1	30	50	0
900125	山雨欲来	反击、闪避、暴击，累进2~3%，最高20%	c00004	0	0	2	2	0	0	5	1	1	2	3	20	6	1	1	2	3	20	7	1	1	2	3	20
900126	步步生莲	闪避提升15%；周围一格内友方恢复10%气血内力	c00013	0	0	1	1	0	0	6	0	1	15	15	0	0	5	1	10	10	1	1	5	1	10	10	1
900127	感知	必定命中，持续2回合。	c00026	0	0	2	2	0	0	8	4	0	0	0	0
900128	一醉逍遥	反击率提升60%，无限反击，持续1回合。	c00003	0	0	1	1	0	0	5	0	1	60	60	0	29	4	0	0	0	0
900129	例不虚发	当下攻击暴击率提升30%，无视防御；必定命中。	c00003	2	0	1	1	0	0	7	0	1	30	30	0	8	4	0	0	0	0	4	4	0	0	0	0
900130	勤王四杰	我等所勤，并非一人之王！而是以民为本、<br>为民谋福的王道！<br>闪避率提升15%；反击率提升15%；攻击<br>力、防御力提升15%；每回合恢复15%气<br>血。	c00021	0	0	300	300	0	0	6	0	1	15	15	0	3	0	1	15	15	0	4	0	1	15	15	0	0	0	1	15	15	0	5	0	1	15	15	0
900131	柔弱处上	反击提升20%、无视	c00004	0	0	1	1	0	0	5	0	1	20	20	0
900132	道法自然	每次攻击获得净化，反击后聚气	c00004	0	0	1	1	0	0	8	7	0	500042	0	0	5	7	0	500025	0	0
900133	穿釜绝粝	无视、周身一格内敌方防御降低30%	c00018	0	0	1	1	0	0	4	0	0	0	100	0	4	9	1	30	30	1
900134	登高临渊	暴击10%、反击10%、闪避10%	c00004	0	0	1	1	0	0	5	0	1	10	10	0	6	0	1	10	10	0	7	0	1	10	10	0
900135	睥睨天下	暴击提升20%、暴击时破甲<br>周身一格敌方攻击、防御降低15%	c00007	0	0	1	1	0	0	7	0	1	20	20	0	7	7	0	0	500008	0	3	9	1	15	15	1	4	9	1	15	15	1
900136	通幽洞冥	减伤10%、周身一格友方暴击+15%	c00025	0	0	1	1	0	0	32	0	1	10	10	0	7	5	1	15	15	1
900137	天罡地煞	攻击灵气30%，暴击时狂暴	c00017	0	0	1	1	0	0	3	5	1	30	30	1	7	7	0	500035	0	0
900138	柳下借荫	卸劲，闪避时归元	c00004	0	0	1	1	0	0	16	0	1	30	50	0	6	7	0	500026	0	0
900139	犊不畏虎	攻击增加30~50%；命中的目标获得「老江湖」状态	c00016	0	0	1	1	0	0	3	0	1	30	50	0
900140	如烟似云	闪避15%，闪避灵气10%，免疫反击	c00008	0	0	1	1	0	0	6	0	1	15	15	0	6	5	1	10	10	1	25	4	0	0	0	0
900141	参侍	暴击10%、反击10%、闪避10%	c00020	0	0	1	1	0	0	5	0	1	10	10	0	6	0	1	10	10	0	7	0	1	10	10	0
900142	乌越	噬气、吸血灵气50%	c00022	0	0	1	1	0	0	17	0	1	30	50	0	17	5	1	50	50	1
900143	伐攘	破甲、周身二格敌方降防30、15%	c00018	0	0	1	1	0	0	4	9	1	30	15	2
900144	连城	恐惧、周身一格友方防御30%	c00016	0	0	1	1	0	0	4	5	1	30	30	1
900145	谦光	无视、反击灵气15%	c00017	0	0	1	1	0	0	5	5	1	15	15	1
900146	太古之皇	反击20%，反击时获得霸体	c00027	0	0	1	1	0	0	5	0	1	20	20	0	5	7	0	500012	0	0
900147	璞缘	反击后净化，闪避时卸劲	c00003	0	0	1	1	0	0	5	7	0	500042	0	0	6	7	0	500020	0	0
900148	枭羽	神行、神行灵气、闪避20~30%、闪避灵气20~30%	c00004	0	0	1	1	0	0	9	0	0	1	1	1	22	0	0	4	4	4	6	0	1	20	30	0	6	5	1	20	30	1	9	5	0	1	1	1	22	5	0	1	1	1
900149	禅心	反击15%，免疫暴击、免疫晕眩	c00004	0	0	1	1	0	0	5	0	1	15	15	0	24	4	0	0	0	0	33	4	0	0	0	0
900150	煌荣	破甲，攻击灵气300点	c00018	0	0	1	1	0	0	3	5	0	300	300	1
900151	拈花	暴击时点穴、闪避时净化	c00023	0	0	1	1	0	0	7	7	0	0	500002	0	6	7	0	500042	0	0
900152	北斗	减伤5%，横练，防御灵气250	c00021	0	0	1	1	0	0	32	0	1	5	5	0	4	0	1	20	30	0	4	5	0	250	250	1
900153	七彩蛊毒	攻击、防御、暴击、闪避降低20%，气血、内<br>力每回合损失10%，持续5回合。	c00001	1	1	5	5	0	0	3	0	1	20	20	0	4	0	1	20	20	0	0	0	1	10	10	0	1	0	1	10	10	0	6	0	1	20	20	0	7	0	1	20	20	0
900154	大圣	觔斗：神行<br>定海：缚身<br>火眼：识破<br>石猴：减伤5%	c00025	0	0	1	1	0	0	9	0	0	1	1	1	22	0	0	4	4	4	7	0	1	20	30	0	32	0	1	5	5	0
900155	神龙	机率清除负向状态<br>气血内力回复10%，额外累进1~2%，最高20%	c00004	0	0	2	2	0	0	0	1	1	1	2	10	1	1	1	1	2	10	0	0	1	10	10	0	1	0	1	10	10	0	20	0	0	1	3	0
900156	飞梅	中毒，暴击时额外伤害200~500	c00001	0	0	1	1	0	0	7	7	0	0	900157	0
900157	额外伤害	额外伤害200~500	c00009	3	1	1	1	0	0	0	0	0	200	500	0
900158	玉霄	闪避+20%，闪避灵气10%	c00004	0	0	1	1	0	0	6	0	1	20	20	0	6	5	1	10	10	1
900159	阎罗	绝对命中、恐惧	c00026	0	0	1	1	0	0	8	4	0	0	0	0
900160	天鸣	补血灵气15%，闪避灵气15%	c00004	0	0	1	1	0	0	0	5	1	15	15	1	6	5	1	15	15	1
900161	诛逆	重伤、断筋	c00004	1	1	3	3	0	0	0	1	1	20	30	60	9	0	0	2	2	0	22	0	0	2	2	2
900162	定露	破甲，缚身	c00004	1	1	3	3	0	0	4	0	1	30	40	0	6	0	1	20	30	0
900163	墨客	闪避15%，闪避后净化	c00004	0	0	1	1	0	0	6	0	1	15	15	0	6	7	0	500042	0	0
900164	刀剑归真	暴击时获得狂暴，反击时获得霸体	c00004	0	0	1	1	0	0	7	7	0	500035	0	0	5	7	0	500012	0	0
900165	伏羲	命中提高100%，命中灵气50%，闪避时净化	c00016	0	0	1	1	0	0	8	0	1	100	100	0	8	5	1	50	50	1	6	7	0	500042	0	0
900166	忠略	攻击灵气250点	c00016	0	0	1	1	0	0	3	5	0	250	250	2	7	7	0	900175	0	0
900167	六合	防御灵气350点	c00016	0	0	1	1	0	0	4	5	0	350	350	2	5	7	0	900176	0	0
900168	缀玉	目盲，防御灵气200	c00006	0	0	1	1	0	0	4	5	0	200	200	1	4	0	0	200	200	0
900169	损失气血10%	损失气血10%	c00009	3	1	1	1	0	0	0	0	1	10	10	0
900170	兵不血刃	损失气血5%	c00009	3	1	1	1	0	0	0	0	1	5	5	0
900171	老江湖	老江湖的气场，威压全场；降低伤害10%	c00026	1	1	100	100	0	0	3	9	1	10	10	30
900172	鲍鱼之肆	周身一格敌方，战斗能力下降。	c00001	0	0	3	3	0	0	3	9	1	10	10	1	4	9	1	10	10	1	0	9	1	5	5	1	6	9	1	10	10	1	7	9	1	10	10	1	1	9	1	5	5	1
900173	梧桐	卸劲30%	c00016	0	0	1	1	0	0	16	0	1	30	30	0	0	10	1	900174	0	50
900174	梧桐	卸劲30%，攻击时吸收内力20%	c00016	0	0	0	0	0	0	16	0	1	30	30	0	18	0	1	20	20	0
900175	忠略	自身攻击提高20%，攻击灵气40%	c00016	0	0	1	1	0	0	3	0	1	20	20	0	3	5	1	40	40	2
900176	六合	左右互搏	c00016	0	0	2	2	0	0	14	0	1	75	75	0
910001	守护	保护一格内队友，持续1回合。	c00027	0	0	1	1	0	0	26	5	0	0	0	1
910002	玄门内劲	攻击力提升20%。	c00021	0	0	1	1	0	0	3	0	1	20	20	0
910003	龙象之力	造成额外追加伤害	c00017	3	1	0	0	0	0	0	0	0	500	500	0
910004	立地成佛	立即回复5%气血	c00021	0	1	0	0	0	0	0	0	1	5	5	5
910005	无往	反击率提升50%	c00003	0	0	3	3	0	0	5	0	1	50	50	50
910006	无相	攻击力提升50%	c00003	0	0	3	3	0	0	3	0	1	50	50	50
910007	气若幽兰	回复内力20%并净化自身	c00004	2	0	1	1	0	0	1	0	1	20	20	0	20	4	0	0	0	0
910008	蛇的气息	周身一格内的敌方闪避降低15%、每回合损失5%气血。	c00004	0	0	3	3	0	0	0	9	1	5	5	1	6	9	1	15	15	1
910009	蟹的气息	防御力提升200点；阻挡等级提升4。	c00004	0	0	3	3	0	0	4	0	0	200	200	200	21	0	0	4	4	4
910010	蟾的气息	周身一格内的敌方每回合损失10%内力。	c00004	0	0	3	3	0	0	1	9	1	10	10	1
910011	鹤的气息	周身一格内友方暴击率提升15%；周身一格内敌方命中率降低15%。	c00004	0	0	3	3	0	0	7	5	1	15	15	1	8	9	1	15	15	1
910012	散功	每回合损失5%内力。	c00017	1	1	3	3	0	0	1	0	1	5	5	0
910013	醉意	攻击时恢复内力10%；每回合提升伤害3%，最多累积至15%。	c00021	0	0	3	3	0	0	8	7	0	910017	0	0	3	1	1	3	3	15
910014	烂醉	暴击率提升50%	c00007	0	0	3	3	0	0	7	0	1	50	50	50
910015	醉意‧百年金古无双	攻击时恢复内力10%；自身及周遭两格内友方暴击、反击、闪避提升15%。	c00021	0	0	3	3	0	0	8	7	0	910017	0	0	5	5	1	15	15	2	6	5	1	15	15	2	7	5	1	15	15	2	5	0	1	15	15	15	6	0	1	15	15	15	7	0	1	15	15	15
910016	醉意‧醉生梦死	攻击时恢复内力10%；周遭两格内敌方暴击、反击、闪避降低20%。	c00021	0	0	3	3	0	0	8	7	0	910017	0	0	5	9	1	20	20	2	6	9	1	20	20	2	7	9	1	20	20	2
910017	饮酒	瞬间恢复内力。	c00025	2	0	1	1	0	0	1	0	1	10	10	0
910018	烂醉	命中率、闪避率降低50%	c00020	1	0	3	3	0	0	6	0	1	50	50	50	8	0	1	50	50	50
910019	暴雨梨花	周身五格内全体敌方每回合失去气血3%、移动格数降低1格	c00015	0	0	3	3	0	0	0	9	1	3	3	5	9	9	0	1	1	5
910020	孤鸿渺影	固定25%机率连击	c00004	0	0	99	99	0	0	8	7	0	900041	0	0
910021	孤鸿渺影	伤害降低25%	c00020	1	0	99	99	0	0	3	0	1	25	25	25
910022	震惊百里	攻击力提升30%	c00018	0	0	99	99	0	0	3	0	1	30	30	30
910023	震惊百里	每回合损失10%内力	c00020	1	0	99	99	0	0	1	0	1	10	10	10
910024	傲雪欺霜	气血高于50%时防御提升20%；气血低于50%时伤害提升20%	c00021	0	0	99	99	0	0	1	10	1	0	910046	50	1	10	1	910045	0	50
910025	傲雪欺霜	气血高于50%时伤害降低20%；气血低于50%时防御降低20%	c00011	1	0	99	99	0	0	1	10	1	0	910047	50	1	10	1	910048	0	50
910026	蹑影追风	移动格数+1、行动等级+1	c00014	0	0	99	99	0	0	9	0	0	1	1	1	22	0	0	4	4	4
910027	蹑影追风	每回合损失5%内力	c00020	1	0	99	99	0	0	1	0	1	5	5	5
910028	丈人登仙	气血低于50%时，每次受击恢复气血、内力10%	c00025	0	0	99	99	0	0	1	10	1	910049	0	50	1	10	1	910050	0	50
910029	丈人登仙	移动格数-1、行动等级-1	c00019	1	0	99	99	0	0	9	0	0	1	1	0	22	0	0	2	2	2
910030	山鸣谷应	每次攻击时附加100~300点额外伤害	c00018	0	0	99	99	0	0	8	7	0	0	910051	0
910031	山鸣谷应	每回合损失10%内力	c00020	1	0	99	99	0	0	1	0	1	10	10	10
910032	潜龙勿用	必定命中	c00026	0	0	99	99	0	0	8	4	0	0	0	0
910033	潜龙勿用	移动格数-1、行动等级-1	c00019	1	0	99	99	0	0	9	0	0	1	1	0	22	0	0	2	2	2
910034	穿云裂石	无视防御	c00018	0	0	99	99	0	0	4	4	0	0	0	0
910035	穿云裂石	被暴击率提升50%	c00012	1	0	99	99	0	0	24	0	1	50	50	0
910036	百仞尖山	受到攻击时反弹25%伤害	c00015	0	0	99	99	0	0	15	0	1	25	25	0
910037	百仞尖山	暴击率降低25%	c00020	1	0	99	99	0	0	7	0	1	25	25	0
910038	白云苍狗	暴击率提升25%	c00026	0	0	99	99	0	0	7	0	1	25	25	0
910039	白云苍狗	被暴击率提升25%	c00012	1	0	99	99	0	0	24	0	1	25	25	0
910040	利涉大川	周遭两格内敌方目标攻击力降低30%	c00007	0	0	99	99	0	0	3	9	1	30	30	2
910041	利涉大川	自身攻击力降低50%	c00020	1	0	99	99	0	0	3	0	1	60	50	0
910042	天师纵虎	周遭两格内敌方每回合失去10%气血	c00026	0	0	99	99	0	0	0	9	1	10	10	2
910043	天师纵虎	自身防御降低30%	c00010	1	0	99	99	0	0	4	0	1	30	30	0
910044	孤鸿渺影-连击	固定25%机率连击	c00004	4	0	0	0	25	25	12	0	0	1	1	1
910045	傲雪欺霜-伤害提升	伤害提升20%	c00007	0	0	3	3	0	0	3	0	1	20	20	20
910046	傲雪欺霜-防御提升	防御提升20%	c00016	0	0	3	3	0	0	4	0	1	20	20	20
910047	傲雪欺霜-伤害降低	伤害降低20%	c00007	1	0	3	3	0	0	3	0	1	20	20	20
910048	傲雪欺霜-防御降低	防御降低20%	c00010	1	0	3	3	0	0	4	0	1	20	20	20
910049	丈人登仙-恢复气血	气血恢复10%	c00021	0	0	3	3	0	0	0	0	1	10	10	10
910050	丈人登仙-恢复内力	内力恢复10%	c00021	0	0	3	3	0	0	1	0	1	10	10	10
910051	山鸣谷应	攻击附加1~500点伤害	c00017	3	1	0	0	0	0	0	0	0	1	500	0
910052	丈人丹	每回合恢复气血20%、内力20%、解除2个负面状态，<ba>持续3回合	c00017	0	0	3	3	0	0	0	0	1	20	20	20	1	0	1	20	20	20	20	0	0	2	2	2
