#ID	Name	Desc	iExp	iNeigongType	sIcon1	sCIcon1	EffectType	Accumulate	Percent	Value1	Value2	ValueLimit	EffectType	Accumulate	Percent	Value1	Value2	ValueLimit	EffectType	Accumulate	Percent	Value1	Value2	ValueLimit	EffectType	Accumulate	Percent	Value1	Value2	ValueLimit	EffectType	Accumulate	Percent	Value1	Value2	ValueLimit	EffectType	Accumulate	Percent	Value1	Value2	ValueLimit	EffectType	Accumulate	Percent	Value1	Value2	ValueLimit	EffectType	Accumulate	Percent	Value1	Value2	ValueLimit	EffectType	Accumulate	Percent	Value1	Value2	ValueLimit	EffectType	Accumulate	Percent	Value1	Value2	ValueLimit
60001	逍遥心法	驭仙：每回合可自行恢复5%的气血与10%内力<br>逍遥：机率清除一个负向状态	1	4	NeigongImage02	NeigongImage22	0	0	1	5	5	0	1	0	1	10	10	10	20	0	0	0	2	0	0	10	1	0	700009	80	0	0	0	0	0	0
60002	日月神功	阴阳之息：累进增加攻击，防御，最多到400	2	3	NeigongImage03	NeigongImage23	3	1	0	40	60	400	4	1	0	40	60	400	0	10	1	0	700009	80	0	0	0	0	0	0	0	0	0	0	0	0
60003	东方宝典	东方未明：每回合恢复6%气血内力<br>东方未晞：周遭两格同伴命中率提高100%	3	3	NeigongImage04	NeigongImage24	0	0	1	6	6	0	8	5	1	100	100	2	1	0	1	6	6	0	0	10	1	0	700009	80	0	0	0	0	0	0
60004	残花宝鉴	飞殇：累进闪避，最多到40%<br>连斩：击杀后可再行动，但内力消耗加倍<br>魅影：移动格数+2，行动等级+2	3	5	NeigongImage05	NeigongImage25	6	1	1	5	8	40	23	4	0	0	0	0	9	0	0	2	2	2	22	0	0	2	2	2	0	10	1	0	700009	80
60005	天龙八部功	每回合恢复气血8%，每回合固定累进增加攻击、反击、闪避、暴击，最多40%	4	1	NeigongImage06	NeigongImage26	0	0	1	8	8	0	3	1	1	4	6	40	5	1	1	4	6	40	6	1	1	4	6	40	7	1	1	4	6	40	0	10	1	0	700009	80
60006	金雁功	金雁横空：增加闪避20%<br>日暮雁行：移动格数+1，行动等级+1<br>凌空反击：闪避后增加攻击30%、命中100%	1	4	NeigongImage07	NeigongImage27	6	0	1	20	20	0	9	0	0	1	1	1	22	0	0	1	1	1	6	7	0	500176	0	0	0	10	1	0	700009	80
60007	虎啸功	如虎添翼：累进暴击和反击60%。<br>饿虎扑羊：气血低于40%时获得狂怒。<br>虎啸生风：暴击时敌方破甲	1	1	NeigongImage08	NeigongImage28	5	1	1	3	6	60	7	1	1	4	6	60	0	10	1	600021	0	40	7	7	0	0	500008	0	0	10	1	0	700009	80
60008	五毒赤焰功	毒焰：使周遭敌人中毒<br>毒体：百毒不侵	2	5	NeigongImage09	NeigongImage29	0	9	1	8	4	2	1	9	1	10	5	2	3	9	1	10	5	2	4	9	1	10	5	2	31	4	0	0	0	0	0	10	1	0	700009	80
60009	禅宗莲华功	法华：反弹敌人伤害50%<br>净土：机率清除负向状态<br>涅盘：周遭二格同伴攻击、防御上升	2	3	NeigongImage10	NeigongImage30	15	0	1	50	50	0	20	0	0	0	3	0	3	5	0	300	150	2	4	5	0	600	300	2	0	10	1	0	700009	80
60010	小无相功	无相：模仿敌人招式反击，限同类型武学<br>无往：无限反击，累进反击60%<br>无念：反击后回复内力10%	4	3	NeigongImage11	NeigongImage31	5	7	0	500154	0	0	5	1	1	5	8	60	30	4	0	0	0	0	29	4	0	0	0	0	0	10	1	0	700009	80
60011	北冥神功	百川汇海：攻击吸收内力50%<br>幽冥气漩：内力抵御伤害70%<br>怒滔奔流：内力大于90%，伤害1.2倍<br>潮尽狂啸：内力低于10%，伤害3倍。	4	3	NeigongImage12	NeigongImage32	18	0	1	50	50	0	16	0	1	70	70	0	1	10	1	0	500106	90	1	10	1	500120	0	10	0	10	1	0	700009	80
60012	洗髓经	气定合神：气血越多，攻击越强<br>锻体归元：气血30%时，降伤30%，清除所有负向状态<br>凡圣同归：每回合恢复气内12%	4	1	NeigongImage13	NeigongImage33	0	10	1	0	500173	60	0	10	1	0	500174	80	0	10	1	0	500175	95	0	10	1	500107	0	30	0	0	1	12	12	0	1	0	1	12	12	0	0	10	1	0	700009	80
60013	凌波微步	飘忽若神：移动格数+10、行动等级+10<br>动无常则：闪避率提升50%，免疫晕眩<br>气若幽兰：闪避成功时内力恢复20%、净化并获得识破	4	1	NeigongImage14	NeigongImage34	9	0	0	10	10	10	22	0	0	10	10	10	6	0	1	50	50	50	6	7	0	910007	0	0	33	4	0	0	0	0	0	10	1	0	700009	50	6	7	0	500018	0	0
60014	九阳神功	九阳无极：暴击造成目标血量15%的额外伤害<br>清风抚山：卸劲50%；保护周围一格内队友<br>明月映江：每回合恢复气内15%、内力50%以上净化自身	4	1	NeigongImage15	NeigongImage35	7	7	0	0	500210	0	16	0	1	50	50	0	26	5	0	0	0	1	0	0	1	15	15	0	1	0	1	15	15	0	1	10	1	0	500042	50	0	10	1	0	700009	50
10001	兽神功	桀傲：无限反击，累进反击40%<br>暴戾：累进暴击40%<br>威压：减少周围敌人闪避	0	0	0	0	29	4	0	0	0	0	7	1	1	1	4	40	5	1	1	2	4	40	6	9	1	30	15	2	0	0	0	0	0	0
10002	万毒心经	毒雾绕身：使周遭敌人中毒<br>毒素免疫：百毒不侵	0	0	0	0	0	9	1	8	4	2	1	9	1	10	5	2	3	9	1	10	5	2	4	9	1	10	5	2	31	4	0	0	0	0
10003	飞燕功	燕子穿梭：神行，累进闪避40%<br>银燕回旋：闪避时神行	0	0	0	0	6	1	1	2	4	40	6	7	0	500014	0	0	22	4	0	3	3	3	0	0	0	0	0	0	0	0	0	0	0	0
10004	万花离经	花无缺：机率清除负向状态<br>花满楼：累进暴击，最多至30%；<br>暴击时获得左右互搏	0	0	0	0	20	0	0	0	3	0	7	1	1	3	6	30	7	7	0	500015	0	0
10005	野拳神功	猜心：累进暴击，最多40%<br>击溃：暴击时额外伤害600~1200	0	0	0	0	7	1	1	4	8	40	7	7	0	0	700012	0	0	0	0	0	0	0	0	0	0	0	0	0	0	0	0	0	0	0
10006	心合意气流‧明	拔刀：累进反击，最多60%<br>连斩：击杀后可再行动，但内力消耗加倍<br>心眼：反击后获得识破	0	0	0	0	5	1	1	3	6	60	19	4	0	0	0	0	23	4	0	0	0	0	5	7	0	500018	0	0
10007	霹雳心法	雷霆：暴击时获得狂怒<br>万钧：累进伤害力，最多30%	0	0	0	0	3	1	1	2	4	30	7	7	0	600021	0	0	0	0	0	0	0	0	0	0	0	0	0	0	0	0	0	0	0	0
10008	庖丁解牛功	神识：累进暴击，最多40%<br>连斩：击杀后可再行动，但内力消耗加倍	0	0	0	0	7	1	1	3	5	40	23	4	0	0	0	0	0	0	0	0	0	0	0	0	0	0	0	0	0	0	0	0	0	0
10009	天剑诀	剑瞬：累进反击，最多50%<br>狂怒：生命低于50%时，攻击力加倍	0	0	0	0	0	10	1	600021	0	50	5	1	1	4	6	50	0	10	1	0	700009	80	0	0	0	0	0	0	0	0	0	0	0	0
10010	绝刀势	刀息：每回合恢复气血6%<br>刀壁：周遭二格同伴防御力上升500	0	0	0	0	0	0	1	6	6	6	4	5	0	500	500	2	0	10	1	0	700009	80	0	0	0	0	0	0	0	0	0	0	0	0
10011	侠影诀	侠影：累进暴击，反击，闪避，最多50%<br>连斩：击杀后可再行动，但内力消耗加倍	0	0	0	0	5	1	1	4	6	50	6	1	1	4	6	50	7	1	1	4	5	50	23	4	0	0	0	0	0	10	1	0	700009	80
10012	天山心法	天山冷雨：闪避成功，恢复气血15~20%<br>天池水镜：周遭一格同伴闪避率提高	0	0	0	0	6	7	0	500108	0	0	6	5	1	30	30	1	0	10	1	0	700009	80	0	0	0	0	0	0	0	0	0	0	0	0
10013	天罡功	天罡战气：累进伤害力，最多300点<br>气疗：每回合恢复气血5%<br>气血低于50%时获得聚气	0	0	0	0	3	1	0	15	30	300	0	0	1	5	5	5	0	10	1	0	700009	80	0	10	1	500037	0	50
10014	八卦心法	两仪：反击后获得霸体<br>四象：累进反击，最多20%，无限反击	0	0	0	0	5	1	1	1	3	20	29	4	0	0	0	0	5	7	0	500012	0	0	0	10	1	0	700009	80	0	0	0	0	0	0
10015	神农琉璃功	百草：机率解除负向状态<br>神农：周遭二格同伴气血，内力恢复8%	0	0	0	0	20	0	0	2	4	0	0	5	1	8	8	2	1	5	1	8	8	2	0	10	1	0	700009	80	0	0	0	0	0	0
10016	六扇心法	正气：强制威吓，绝对命中且不被反击<br>怒意：固定增加伤害30%	0	0	0	0	8	4	0	0	0	0	25	4	0	0	0	0	3	0	1	30	30	30	0	10	1	0	700009	80	0	0	0	0	0	0
10017	飞狐功	银狐：闪避后净化<br>迷踪：累进增加闪避，最多20%	0	0	0	0	6	7	0	500042	0	0	6	1	1	2	4	20	0	10	1	0	700009	80
10018	三苦神功	例无虚发：必定命中，累进增加暴击最多33%<br>毒魄：暴击使目标中毒	0	0	0	0	8	4	0	0	0	0	7	7	0	0	500006	0	7	1	1	3	4	33	0	10	1	0	700009	80	0	0	0	0	0	0
10019	刀剑归真决	龙行：承受攻击伤害时提升行动力2点，持续2回合<br>虎啸：被反击时不受伤害并立刻以普攻招式的50%输出反击敌人	0	0	0	0	0	0	0	0	0	0	0	0	0	0	0	0	0	0	0	0	0	0	0	0	0	0	0	0	0	0	0	0	0	0
10020	上圣无绝功	气合：每回合恢复气血总量的6%<br>气御：受到远程攻击时减伤30%	0	0	0	0	0	0	1	6	6	6	0	0	0	0	0	0	0	0	0	0	0	0	0	0	0	0	0	0	0	0	0	0	0	0
10021	少林九阳功	护体：减伤5%<br>渡化：伤害反弹25%给敌人<br>纯阳：恢复5%气血	0	0	0	0	32	0	1	5	5	0	15	0	1	25	25	0	0	0	1	5	5	5	0	10	1	0	700009	80
10022	金风心法	风愈：每回合恢复气血10~20%<br>风行：两格内同伴闪避10~20%	0	0	0	0	0	0	1	10	20	20	6	5	1	20	10	2	0	0	0	0	0	0	0	0	0	0	0	0	0	0	0	0	0	0
10023	浑元功	浑元战气：累进攻击力，最多30%<br>浑元无极：卸劲30%	0	0	0	0	3	1	1	2	2	30	16	0	1	30	30	30	0	0	0	0	0	0	0	0	0	0	0	0	0	0	0	0	0	0
10024	武当乾坤功‧天	气合：每回合恢复气血、内力5%<br>乾坤：快速累进反击，最多到40%	0	0	0	0	0	0	1	5	5	0	5	1	1	4	5	40	0	10	1	0	700009	80	1	0	1	5	5	0
10025	武当乾坤功‧地	气合：每回合恢复气血、内力7%<br>地御：卸劲30%	0	0	0	0	0	0	1	7	7	0	16	0	1	30	30	30	0	10	1	0	700009	80	1	0	1	7	7	0
10026	神剑诀	缮甲治兵：周遭两格内友方攻击、防御提升300点；<br>自身免疫内伤、晕眩<br>连斩：击杀后可再行动，但内力消耗加倍	0	0	0	0	23	4	0	0	0	0	3	5	0	300	300	2	0	10	1	0	700009	80	4	5	0	300	300	2	10	4	0	0	0	0	33	4	0	0	0	0
10027	霸秦神功	龙元：每回合恢复气血5%并清除一个负面状态<br>龙怒：累进暴击，最多50%<br>龙威：周遭二格敌人攻击与防御下降，必定命中	0	0	0	0	0	0	1	5	5	0	7	1	1	5	6	50	8	4	0	0	0	0	3	9	1	30	15	2	4	9	1	50	25	2	0	10	1	0	700009	60	20	0	0	1	1	0
10028	唯我独尊功	天元：恢复气血与内力7%<br>天威：攻击不会被反击，闪避<br>独尊：清除所有负向状态	0	0	0	0	0	0	1	7	7	0	8	4	0	0	0	0	25	4	0	0	0	0	1	0	1	7	7	7	20	4	0	0	0	0
10029	修罗霸凤功	暴戾：无限反击；累进反击，最多30%<br>血斩：累进伤害力，最多600；自身气血低于<br>30%以下时获得净化	0	0	0	0	3	1	0	40	50	600	29	4	0	0	0	0	5	1	1	4	5	30	0	10	1	500042	0	30
10030	冰火玄功	离火：累进暴击，最多到60%<br>坎水：累计闪避，最多到50%<br>狂怒：生命低于30%时，攻击力加倍	0	0	0	0	6	1	1	3	4	50	7	1	1	4	5	60	0	10	1	600021	0	30	0	10	1	0	700009	60	0	0	0	0	0	0
10031	金翼神功	鹰阵：移动格数+1，行动等级+4<br>连斩：击杀敌人后可再行动一次<br>猎爪：暴击时净化，并获得100%伤害恢复气血内力状态	0	0	0	0	9	0	0	1	1	1	22	0	0	4	4	4	23	4	0	0	0	0	0	10	1	0	700009	80	7	7	0	500212	0	0	7	7	0	500042	0	0
10032	万蛇大法	毒返：伤害反弹30%<br>毒御：暴击、反击、中毒免疫<br>毒噬：周遭一格敌人受到毒害	0	0	0	0	15	0	1	30	30	30	24	4	0	0	0	0	25	4	0	0	0	0	0	9	1	4	2	2	0	10	1	0	700009	60	31	4	0	0	0	0
10033	清心普散咒	清心：清除所有负向状态；周围二格内敌方攻击<br>降低10~20%<br>普散：累计提升气血内力，最多20%	0	0	0	0	20	4	0	0	0	0	0	1	1	2	3	20	1	1	1	2	3	20	0	10	1	0	700009	80	3	9	1	20	10	2
10034	笑傲红尘诀	笑傲：两格范围内同伴的移动+1<br>红尘：两格范围内同伴提高闪避<br>琶音：每回合清除所有负面状态	0	0	0	0	9	5	0	1	1	2	6	5	1	30	15	2	0	10	1	0	700009	80	20	4	0	0	0	0
10035	无名心法	独孤：每回合恢复气血9%<br>求败：累进反击、闪避、暴击，最多19%	0	0	0	0	0	0	1	9	9	9	7	1	1	3	4	19	5	1	1	3	4	19	6	1	1	3	4	19	0	0	0	0	0	0
10036	天罡无极功	天罡战气：累进伤害力，最多500<br>天罡气疗：累进恢复气血，最多15%<br>浩气长存：气血低于50%时获得横练	0	0	0	0	0	1	1	2	3	15	3	1	0	30	40	500	0	10	1	0	700009	60	0	10	1	500022	0	50
10037	行天功	气合：两格内同伴回血10~15%<br>刀御：二格内同伴免疫暴击<br>刀返：一格内同伴反击率10%	0	0	0	0	0	5	1	10	15	2	24	5	1	100	100	2	5	5	1	10	10	1	0	10	1	0	700009	80	0	0	0	0	0	0
10038	天剑诀	剑息：每回合恢复气血5%<br>剑瞬：每回合增加攻击，最多到30%	0	0	0	0	0	0	1	5	5	5	3	1	1	5	6	30	0	10	1	0	700009	80	0	0	0	0	0	0	0	0	0	0	0	0
10039	绝刀势	刀息：每回合恢复气血6%<br>刀壁：周遭一格同伴防御力上升	0	0	0	0	0	0	1	6	6	6	4	5	0	200	200	1	0	10	1	0	700009	80	0	0	0	0	0	0	0	0	0	0	0	0
10040	八卦心法	两仪：无限反击<br>四象：每回合增加反击，最多40%	0	0	0	0	5	1	1	4	4	40	29	4	0	0	0	0	0	10	1	0	700009	80	0	0	0	0	0	0	0	0	0	0	0	0
10041	三苦神功	例无虚发：必定命中，累进增加暴击最多33%<br>毒魄：暴击使目标中毒	0	0	0	0	8	4	0	0	0	0	7	7	0	0	500006	0	7	1	1	3	4	33	0	10	1	0	700009	80	0	0	0	0	0	0
10042	太极神功	坐望无我：每回合累计恢复气血、内力，最多15%<br>乾坤：累进反击，最多50%；无限反击	0	0	0	0	0	1	1	2	3	15	5	1	1	2	3	50	0	10	1	0	700009	60	29	4	0	0	0	0	1	1	1	2	3	15
10043	降龙神功	利涉大川：每回合恢复气血10%<br>见龙在田：累进伤害力，最多到950<br>时乘六龙：累进暴击，直到60%	0	0	0	0	0	0	1	10	10	10	3	1	0	50	100	950	7	1	1	6	10	60	0	10	1	0	700009	60	0	0	0	0	0	0
10044	莲花经	表莲华：恢复气血6%<br>里莲华：周围二格同伴伤害，防御增加200	0	0	0	0	0	0	1	6	6	6	3	5	0	200	100	2	4	5	0	200	100	2	0	10	1	0	700009	60	0	0	0	0	0	0
10045	易筋经	菩提莲华：每回合恢复气血10%；暴击发动后获得聚气<br>易筋锻骨：清除所有负向状态；反弹所受伤害的30%<br>如来千叶：反击发动后获得连击	0	0	0	0	0	0	1	10	10	10	20	4	0	0	0	0	15	0	1	30	30	30	5	7	0	600052	0	0	7	7	0	500025	0	0	0	10	1	0	700009	60
10046	金钟罩	铁布衫：累进防御力，最多1000<br>易筋锻骨：清除所有负向状态	0	0	0	0	4	1	0	100	200	1000	20	4	0	0	0	0	0	10	1	0	700009	80	0	0	0	0	0	0	0	0	0	0	0	0
10047	北冥无相功	北冥：伤害吸收气血与内力30%<br>无相：清除所有负向状态<br>日月：每回合恢复气血7%	0	0	0	0	17	0	1	30	30	30	18	0	1	30	30	30	20	4	0	0	0	0	0	0	1	7	7	7	0	10	1	0	700009	80
10048	化功大法	北冥：伤害吸收气血与内力50%<br>天池：周遭二格敌人，攻击防御下降30~50%<br>化功：周遭二格敌人，内力受到毒害而下降<br>；自身免疫中毒	0	0	0	0	17	0	1	50	50	0	18	0	1	50	50	0	3	9	1	50	30	2	4	9	1	50	30	2	1	9	1	12	6	2	0	10	1	0	700009	80	31	4	0	0	0	0
10049	阴冥之息	强制威吓：绝对命中、绝对防反<br>黑白：二格内同伴获得气血恢复<br>无常：二格之内同伴闪避率提升。	0	0	0	0	8	4	0	0	0	0	25	4	0	0	0	0	0	10	1	0	700009	80	6	5	1	30	30	2	0	0	0	0	0	0
10050	白驹过隙功	增加闪避	0	0	0	0	6	1	1	0	0	0	0	0	0	0	0	0	0	0	0	0	0	0	0	0	0	0	0	0	0	0	0	0	0	0
10051	青龙心法	暴击后附加狂怒	0	0	0	0	7	7	0	600021	0	0	0	0	0	0	0	0	0	0	0	0	0	0	0	0	0	0	0	0	0	0	0	0	0	0
10052	佛山心法	暴击后附加目盲	0	0	0	0	7	7	0	0	500007	0	0	0	0	0	0	0	0	0	0	0	0	0	0	0	0	0	0	0	0	0	0	0	0	0
10053	狂雷功	暴击后附加左右互搏<br>气血低于40%时获得狂暴。	0	0	0	0	7	7	0	500015	0	0	0	10	1	500035	0	40
10054	疾风功	暴击后附加大闪避	0	0	0	0	7	7	0	500044	0	0	0	0	0	0	0	0	0	0	0	0	0	0	0	0	0	0	0	0	0	0	0	0	0	0
10055	毒龙功	毒噬：近身攻击她的敌人都会中毒<br>毒御：免疫毒	0	0	0	0	0	0	0	0	0	0	0	0	0	0	0	0	0	0	0	0	0	0	0	0	0	0	0	0	0	0	0	0	0	0
10056	九幽挪移大法	可以与战场上任何一个伙伴交换位置，并且可以再进行移动	0	0	0	0	0	0	0	0	0	0	0	0	0	0	0	0	0	0	0	0	0	0	0	0	0	0	0	0	0	0	0	0	0	0
10057	万剑归宗	剑煞：周遭三格敌人受剑气伤害<br>剑威：周遭三格内敌人移动-1	0	0	0	0	0	9	1	30	10	3	9	9	0	1	1	3	0	10	1	0	700009	60	0	0	0	0	0	0	0	0	0	0	0	0
10058	永字八诀	恢复气血	0	0	0	0	0	0	1	5	5	5	0	0	0	0	0	0	0	0	0	0	0	0	0	0	0	0	0	0	0	0	0	0	0	0
10059	泼墨功	增加反击	0	0	0	0	5	1	1	1	1	40	0	0	0	0	0	0	0	0	0	0	0	0	0	0	0	0	0	0	0	0	0	0	0	0
10060	残花宝鉴	飞殇：累进闪避，最多到40%<br>连斩：击杀后可再行动，但内力消耗加倍<br>魅影：移动格数+1，行动等级+2	0	0	0	0	6	1	1	2	4	40	23	4	0	0	0	0	9	0	0	1	1	1	22	0	0	2	2	2	0	10	1	0	700009	80
10061	天山心法	恢复气血	0	0	0	0	0	0	1	5	5	5	0	0	0	0	0	0	0	0	0	0	0	0	0	0	0	0	0	0	0	0	0	0	0	0
10062	降魔功	降魔：机率清除负向状态<br>无双：暴击发动后获得霸体状态	0	0	0	0	7	7	0	500012	0	0	20	0	0	0	3	0	0	0	0	0	0	0	0	0	0	0	0	0	0	0	0	0	0	0
10063	吞吐诀	暴击发动后，获得横练状态<br>周遭一格防御力提升	0	0	0	0	7	7	0	500022	0	0	4	5	0	500	500	1	0	0	0	0	0	0	0	0	0	0	0	0	0	0	0	0	0	0
10064	酩酊体	反击发动后，获得反手状态<br>周遭一格反击率提升	0	0	0	0	5	7	0	500019	0	0	5	5	1	60	60	1	0	0	0	0	0	0	0	0	0	0	0	0	0	0	0	0	0	0
10065	九九神功	暴击发动后，获得闪避状态<br>周遭一格闪避率提升	0	0	0	0	7	7	0	500017	0	0	6	5	1	30	30	1	0	0	0	0	0	0	0	0	0	0	0	0	0	0	0	0	0	0
10066	六合童子功	闪避发动后，获得聚气状态<br>周遭一格气血提升	0	0	0	0	6	7	0	500025	0	0	0	5	1	20	20	1	0	0	0	0	0	0	0	0	0	0	0	0	0	0	0	0	0	0
10067	龙象般若功	吞象势：累进伤害力，最多30%；暴击时造成额外500点伤害<br>屠龙势：击杀后可再行动，但内力消耗加倍	0	0	0	0	3	1	1	5	5	30	23	4	0	0	0	0	7	7	0	910003	0	0
10068	逍遥心法‧鹏飞式	鹏飞千里：每回合回复气血6%、内力5%，伤害20%由内力吸收<br>大鹏展翅：可保护一格内同伴<br>大鹏逆袭：反击发动后获得霸体	0	4	0	0	0	0	1	6	6	6	16	0	1	20	20	20	26	5	0	0	0	1	5	7	0	500012	0	0	1	0	1	5	5	5	0	10	1	0	700009	80
10069	逍遥心法‧雁行式	翱翔：行动等级+0~4<br>锐气：累进伤害和暴击，最多30%<br>连斩：击杀后可再行动，但内力消耗加倍	0	2	0	0	3	1	1	2	3	30	7	1	1	2	3	30	23	4	0	0	0	0	22	0	0	0	4	4	0	10	1	0	700009	80
10070	霹雳心法	霹雳：累进暴击率3~5%，最高30%	0	4	0	0	7	1	1	3	5	30
10071	龙虎般若功	龙兄：两格内同伴增加防御<br>虎弟：周遭一格反击率提升	0	2	0	0	5	5	1	50	50	1	4	5	0	800	400	2	0	0	0	0	0	0	0	0	0	0	0	0	0	0	0	0	0	0
10072	忘忧心法	忘忧：机率清除负向状态<br>清心：每回合恢复气血与内力8%	0	3	0	0	20	0	0	0	3	0	0	0	1	8	8	8	1	0	1	8	8	8	0	10	1	0	700009	80	0	0	0	0	0	0
10073	绣春刀阵	阴煞：反击发动后，得到聚气状态<br>孤星：周遭一格反击率提升<br>命锁：周遭一格防御力提升	0	0	0	0	5	7	0	500037	0	0	5	5	1	60	60	1	4	5	0	150	200	1	0	0	0	0	0	0	0	0	0	0	0	0
10074	黑风阵法	黑白：两格内同伴获得气血恢复	0	0	0	0	0	5	0	300	200	2	0	0	0	0	0	0	0	0	0	0	0	0	0	0	0	0	0	0	0	0	0	0	0	0
10075	雌雄龙虎阵	云从龙：周遭一格同伴暴击率提升<br>风从虎：暴击发动后获得霸体状态	0	0	0	0	7	7	0	500012	0	0	7	5	1	35	40	1	0	0	0	0	0	0	0	0	0	0	0	0	0	0	0	0	0	0
10076	紫霞大阵	玄天：周遭一格同伴反击率提升<br>荡魔：反击发动后获得狂怒状态	0	0	0	0	5	7	0	600021	0	0	5	5	1	35	40	1	0	0	0	0	0	0	0	0	0	0	0	0	0	0	0	0	0	0
10077	十八铜人刀阵	罗汉：周遭一格攻击力提升<br>金刚：反弹所受伤害的30%	0	0	0	0	15	0	1	30	30	30	3	5	1	20	25	1	0	0	0	0	0	0	0	0	0	0	0	0	0	0	0	0	0	0
10078	十八铜人棍阵	虚无：周遭两格同伴反击率提升，最多50%<br>金刚：反弹所受伤害的30%	0	0	0	0	15	0	1	30	30	30	5	5	1	50	25	2	0	0	0	0	0	0	0	0	0	0	0	0	0	0	0	0	0	0
10079	十八铜人拳阵	不动：周遭两格内敌人行动力减一<br>金刚：反弹所受伤害的30%	0	0	0	0	15	0	1	30	30	30	9	9	0	1	1	2	0	0	0	0	0	0	0	0	0	0	0	0	0	0	0	0	0	0
10080	莲花落阵	靠山调：闪避发动后，得到续战状态<br>路长断：周遭一格闪避率提升<br>迭断桥：两格内同伴增加防御	0	0	0	0	6	7	0	500050	0	0	6	5	1	25	30	1	4	5	0	400	200	2	0	0	0	0	0	0	0	0	0	0	0	0
10081	红莲处女阵	恢复周遭二格同伴气血10~20%	0	0	0	0	0	5	1	20	10	2	0	0	0	0	0	0	0	0	0	0	0	0	0	0	0	0	0	0	0	0	0	0	0	0
10082	天剑阵	剑飞惊天：周遭一格暴击率提升<br>剑破苍穹：暴击发动后，获得左右互搏状态	0	0	0	0	7	7	0	500015	0	0	7	5	1	15	20	1	0	0	0	0	0	0	0	0	0	0	0	0	0	0	0	0	0	0
10083	绝刀阵	刀无极：周遭一格反击率提升<br>刀无赦：反击发动后，获得狂怒状态	0	0	0	0	5	7	0	600021	0	0	5	5	1	15	20	1	0	0	0	0	0	0	0	0	0	0	0	0	0	0	0	0	0	0
10084	天羽阵	惊虹：周遭一格闪避率提升<br>飞羽：闪避发动后，获得连击状态	0	0	0	0	6	7	0	600052	0	0	6	5	1	10	15	1	0	0	0	0	0	0	0	0	0	0	0	0	0	0	0	0	0	0
10085	唐门镖阵	迷影纵：周遭一格同伴闪避率提升<br>吸星阵：周遭两格敌人持续流失内力	0	0	0	0	1	9	1	8	4	2	6	5	1	10	15	1	0	0	0	0	0	0	0	0	0	0	0	0	0	0	0	0	0	0
10086	八卦阵	归藏：周遭一格反击率提升<br>连山：反击发动后，获得连击状态	0	0	0	0	5	7	0	600052	0	0	5	5	1	15	20	1	0	0	0	0	0	0	0	0	0	0	0	0	0	0	0	0	0	0
10087	七剑大阵	剑诛：周遭两格防御力提升<br>剑极：反弹所受伤害的30%	0	0	0	0	15	0	1	30	30	30	4	5	0	300	150	2	0	0	0	0	0	0	0	0	0	0	0	0	0	0	0	0	0	0
10088	血鲨阵	鲨咬：周遭两格防御力提升<br>血海：恢复周遭二格同伴气血	0	0	0	0	0	5	1	20	10	2	4	5	0	300	150	2	0	0	0	0	0	0	0	0	0	0	0	0	0	0	0	0	0	0
10089	八部龙神阵	婆竭罗：周遭两格提升暴击、闪避、反击<br>跋难陀：恢复周遭两格同伴气血	0	0	0	0	0	5	1	15	10	2	5	5	1	15	7	2	6	5	1	5	3	2	7	5	1	15	7	2	0	0	0	0	0	0
10090	甲贺忍法帖	忍术土流壁：周遭两格内同伴提升防御<br>百豪之术：周遭一格同伴恢复气血<br>黄泉禁术：周遭一格暴击提升	0	0	0	0	0	5	1	15	10	1	7	5	1	15	20	1	4	5	0	400	200	2	0	0	0	0	0	0	0	0	0	0	0	0
10091	浴血凤凰阵	全场同伴受攻击时，回复气血。	0	0	0	0	0	0	0	0	0	0	0	0	0	0	0	0
10092	修罗怒杀阵	提升全场同伴攻击50%	0	0	0	0	3	5	1	50	50	50
10093	不老长春功	北冥：伤害吸收气血与内力50%<br>天池：周遭二格敌人，行动力降低<br>天长地久：反击发动后获得左右互搏	0	0	0	0	17	0	1	50	50	50	18	0	1	50	50	50	9	9	0	2	1	2	5	7	0	500015	0	0	0	0	0	0	0	0
10094	梵天造化功	释迦：保护两格内同伴<br>提婆：绝对命中，降低周遭两格敌人攻击<br>因陀罗：净化负面状态，反弹伤害50%	0	0	0	0	26	5	0	0	0	2	8	4	0	0	0	0	3	9	1	50	50	2	15	0	1	50	50	50	20	4	0	0	0	0
10095	偷学的易筋经	金刚不坏：反弹所受伤害的30%<br>如来千叶：反击发动后获得连击<br>摩诃无量：暴击发动后获得聚气	0	0	0	0	15	0	1	30	30	30	5	7	0	600052	0	0	7	7	0	500025	0	0	0	10	1	0	700009	60	0	0	0	0	0	0
10096	地煞无极功	凶星：生命低于30%，攻击力加倍<br>恶魂：伤害吸收气血与内力60%<br>辟谷：机率清除负向状态<br>追魄：晕眩免疫，生命低于60%增加反击率	0	0	0	0	0	10	1	500088	0	30	0	10	1	0	500089	0	20	0	0	1	3	0	0	10	1	500115	0	60	0	10	1	0	700009	50	33	4	0	0	0	0
10097	郁毒缠身	多年的囚禁导致天王极度虚弱，内功无法运行。	0	0	0	0	0	0	0	0	0	0	0	0	0	0	0	0	0	0	0	0	0	0	0	0	0	0	0	0	0	0	0	0	0	0
10098	虎豹神功	服药后，防御力大增，毫无痛觉。	0	0	0	0	32	0	1	90	90	90	0	0	0	0	0	0	0	0	0	0	0	0	0	0	0	0	0	0	0	0	0	0	0	0
10099	天意忍法帖	[33CCFF]风[-]：闪避时加闪避[33FF33]林[-]：反击时加反击<br>[FF0000]火[-]：暴击时加暴击[AA7700]山[-]：血量30%减伤50%	0	0	0	0	6	7	0	500032	0	0	5	7	0	500034	0	0	7	7	0	500033	0	0	0	10	1	500094	0	30
10100	市井生存法则	走为上策：气血低于60%，提升闪避<br>躲躲藏藏：闪避后减伤60%	0	0	0	0	0	10	1	500032	0	60	6	7	0	500123	0	0
10101	野兽本能：金翅鸟	神行，闪避后增加反击率。	0	0	0	0	22	0	0	4	4	4	5	7	0	500019	0	0
10102	孤星命格	孤星：气血低于60%提升闪避、神行<br>剑影：闪避时获得识破	0	0	0	0	0	10	1	500032	0	60	0	10	1	500054	0	60	6	7	0	500018	0	0	0	10	1	0	700009	60
10103	天雪功	冰魄：内力高于50%，免疫内伤<br>秋雪：气血低于50%，净化、闪避<br>冰心：归元；机率清除负面状态	0	0	0	0	1	10	1	0	700009	50	0	10	1	500042	0	50	0	10	1	500017	0	50	20	0	0	0	3	0	1	0	1	10	25	0	0	10	1	0	700009	60
10104	乱情诀	充盈血脉：气血低于50%，回血10%<br>花心博爱：邻近友方回复气血10~15%	0	0	0	0	0	10	1	500125	0	50	0	5	1	15	10	2	0	10	1	0	700009	60
10105	四劫心诀	四劫轮回：血量低于30%，提高[FF0000]爆[-][33CCFF]闪[-][33FF33]反[-]，内伤免疫<br>三灾环象：[FF0000]爆[-][33CCFF]闪[-][33FF33]反[-]发动后，净化	0	0	0	0	0	10	1	500124	0	30	5	7	0	500042	0	0	6	7	0	500042	0	0	7	7	0	500042	0	0	0	10	1	0	700009	60
10106	无相混沌功	灭天：暴击后狂暴<br>灭地：邻近敌方防御下降<br>灭世：连斩<br>无相：晕眩、中毒免疫	0	0	0	0	7	7	0	500035	0	0	4	9	1	25	15	2	23	4	0	0	0	0	31	4	0	0	0	0	33	4	0	0	0	0	0	10	1	0	700009	60
10107	残阳心法	如日中天：血量高于60%，攻击1.7倍<br>殷天蔽日：气血低于30%，减伤30%，回复气血20~30%	0	0	0	0	0	10	1	0	500121	60	0	10	1	500122	0	30	0	10	1	0	700009	60
10108	求败心诀	绝体：气血低于80%，攻击加倍<br>绝命：气血低于50%，攻击加倍<br>武魂赛亚：气血低于30%，回血并减伤30~50%	0	0	0	0	0	10	1	500117	0	80	0	10	1	500118	0	50	0	10	1	500119	0	30	0	10	1	0	700009	40
10109	霹雳心法	雷霆：暴击时获得狂怒<br>万钧：累进伤害力，最多30%	0	0	0	0	3	1	1	2	3	30	7	7	0	600021	0	0	0	0	0	0	0	0	0	0	0	0	0	0	0	0	0	0	0	0
10110	绝杀令	飞驹：两格范围内同伴的移动+1<br>冷血：气血低于40%，增加命中和伤害<br>绝杀：连斩	0	0	0	0	9	5	0	1	1	2	23	4	0	0	0	0	0	10	1	500181	0	40
10111	金龙枪阵	暴击附加断筋效果。	0	0	0	0	7	7	0	0	500003	0	10	4	0	0	0	0
10112	伏虎刀法	反击附加狂暴效果。	0	0	0	0	5	7	0	500035	0	0	10	4	0	0	0	0
10113	神火炮阵	周围二格友方防御增加100~300	0	0	0	0	4	5	0	300	100	2	10	4	0	0	0	0
10114	威震八方	周围三格敌方攻击下降15~45%	0	0	0	0	3	9	1	45	15	3	10	4	0	0	0	0
10115	九阳神功	九阳无极：减伤20~30%<br>九阳初现：暴击后获得聚气状态。<br>九阳真力：反击后获得连击状态	0	0	0	0	32	0	1	20	30	0	7	7	0	500025	0	0	5	7	0	600052	0	0	0	10	1	0	700009	60	0	0	0	0	0	0
10116	九龙护体	金蝉宝甲：气血高于60%，降伤60%<br>黑玉断续膏：闪避后，回复气血<br>皇威：暴击后兴奋<br>千金之躯：减伤20%，抗毒抗内伤	0	0	0	0	0	10	1	0	500116	60	6	7	0	500048	0	0	7	7	0	500073	0	0	0	10	1	0	500134	0	31	4	0	0	0	0
10117	百炼毒身	毒息：周遭一格敌方单位属性降低10%<br>蜕皮；每回合清除身上负面状态<br>毒鳞；周遭一格友方单位防御提升10%	0	0	0	0	3	9	1	10	10	1	4	9	1	10	10	1	5	9	1	10	10	1	7	9	1	10	10	1	20	4	0	0	0	0	4	5	1	10	10	1
10118	太极剑阵	两仪：周遭二格友方反击率提升<br>四象：反击发动后，获得乾坤挪移状态	0	0	0	0	5	7	0	500016	0	0	5	5	1	20	10	2
10119	江南王气	贤王：周遭三格内敌方单位命中降低10%<br>仁王：周遭二格内友方单位每回合气血恢复5~7%<br>护驾：周遭二格内友方单位攻击力、防御力提升25%	0	0	0	0	0	5	1	7	5	2	3	5	1	25	25	2	4	5	1	25	25	2	8	9	1	10	10	3	8	4	0	0	0	0	10	4	0	0	0	0
10120	勇士之心	回复气血8~10%	0	0	0	0	0	0	1	8	10	0	0	10	1	0	700009	80
10121	七彩蛊王	蛊王：两格范围内敌方攻击、防御、暴击、闪避降低15%<br>蛊噬：两格范围内敌方气血内力下降6~10%<br>蛊疗：自身及周围机率净化;免疫中毒、内伤	0	0	0	0	0	9	1	6	10	2	1	9	1	6	10	2	20	5	0	0	3	1	20	0	0	0	3	0	31	4	0	0	0	0	10	4	0	0	0	0	3	9	1	15	15	2	4	9	1	15	15	2	6	9	1	15	15	2	7	9	1	15	15	2
10122	养浩功	充塞天地：自身及周遭二格内友方每回合恢复内力10%<br>正气凛然：卸劲40%；周遭一格内敌方攻击力降低20%<br>成仁取义：自身血量低于25%时，攻击力提升100%	0	0	0	0	1	0	1	10	10	0	1	5	1	10	10	2	16	0	1	40	40	0	3	9	1	20	20	1	0	10	1	600021	0	25
10123	紫霞神功	流云烟霞：每回合恢复气血5%；机率清除负向状态<br>紫气冲霄：累进攻击、防御、反击、闪避<br>、暴击，最多35%	0	0	0	0	0	0	1	5	5	5	7	1	1	3	4	35	5	1	1	3	4	35	6	1	1	3	4	35	3	1	1	3	4	35	4	1	1	3	4	35	20	0	0	0	2	0
10124	混元功	抱元：每回合恢复气血5%；机率清除负向状态<br>玄劲：累进攻击、防御，最多20%；内力50%以上时<br>，攻击提升20%。	0	0	0	0	0	0	1	5	5	5	3	1	1	1	2	20	4	1	1	1	2	20	20	0	0	0	1	0	1	10	1	0	910002	50
10125	闭穴功	封穴：免疫内伤、免疫晕眩、免疫暴击<br>闭脉：免疫中毒、机率清除负面状态	0	0	0	0	10	4	0	0	0	0	33	4	0	0	0	0	24	4	0	0	0	0	31	4	0	0	0	0	20	0	0	0	1	0
10126	圣堂之力	免疫反击、免疫暴击、绝对命中	0	0	0	0	8	4	0	0	0	0	24	4	0	0	0	0	25	0	0	0	0	0
10127	野兽本能：鸡师傅	迷你体型：闪避+50%<br>天佑：减伤40%<br>鸡飞狗跳：血量80%以下，增加移动格数	0	0	0	0	6	0	1	50	50	0	32	0	1	50	50	0	0	10	1	500204	0	80	10	4	0	0	0	0
10128	野兽本能：佬二	皮粗肉厚：血量50%以上，减伤20%<br>食压：周身一格，攻击、防御下降15%<br>老饕之怒：血量50%以下，狂怒	0	0	0	0	0	10	1	0	500205	50	3	9	1	15	15	1	4	9	1	15	15	1	0	10	1	600021	0	50	10	4	0	0	0	0
10129	野兽本能：白狼	噬杀饮血：吸收攻击伤害150%气血<br>忠诚灵性：血量60%以上，保护一格内同伴<br>临危反应：血量50%以下，增加闪避60%<br>极地抗性：减伤25%、负向状态免疫	0	0	0	0	17	0	1	150	150	0	0	10	1	0	500206	60	0	10	1	500207	0	50	32	0	1	25	25	0	20	4	0	0	0	0	10	4	0	0	0	0
10130	野兽本能：小黑狼	娇小体型：闪避+40%<br>无辜眼神：减伤30%<br>调皮捣蛋：暴击、闪避时敌方点穴	0	0	0	0	6	0	1	40	40	0	32	0	1	30	30	0	6	7	0	0	500002	0	7	7	0	0	500002	0	10	4	0	0	0	0
10131	野兽本能：小猴子	娇小体型：闪避+40%<br>无辜眼神：减伤30%<br>泼猴：暴击发动后，获得左右互搏状态<br>醉意：累进增加攻击，防御，最多到400	0	0	0	0	6	0	1	40	40	0	32	0	1	30	30	0	7	7	0	500015	0	0	3	1	0	40	60	400	4	1	0	40	60	400	10	4	0	0	0	0
10132	小无相功	无相：每回合自身净化；内力50%以下攻击力提升50%<br>无往：无限反击，内力50%以上反击率提升50%<br>无念：反击时使对手晕眩；自身免疫晕眩	0	0	0	0	5	7	0	0	500001	0	1	10	1	0	910005	50	30	4	0	0	0	0	29	4	0	0	0	0	1	10	1	0	700009	30	33	4	0	0	0	0	20	4	0	0	0	0	1	10	1	910006	0	50
