#SkillNo	SkillName	NeedToSelectTarget	SkillType	TargetType	TargetArea	Range	AOE	MinDamage	MaxDamage	UseAp	CD	UseSkillAfterMove	condition	SkillEffectID	sSkillIcon
200000001	就决定是你了，鸡师傅	1	2	4	0	1	0	0	0	0	999	0	91001202	0	s02005
100001001	天上天下	1	0	2	0	2	1	800	900	200	0	1	500052	100001001	s01007
100001002	唯我独尊	1	0	2	0	2	1	800	900	300	3	1	500000	100001002	s02009
100001003	天王托塔	1	0	2	1	3	0	900	1000	400	4	1	500001,500012	100001003	s02010
100001004	化劲归元	1	0	2	0	1	0	500	600	300	0	1	500086,500090	100017001	s01057
100001005	八脉升华	0	1	1	0	0	0	800	1400	800	4	1	500042	100017003	s04004
100002001	天上天下	1	0	2	0	2	1	1500	1600	300	0	1	500052,500009	100002001	s01007
100002002	唯我独尊	1	0	2	0	2	1	1700	1900	500	2	1	500000,500008	100002002	s02009
100002003	天王托塔	1	0	2	1	3	0	2000	2100	700	4	1	500001,500051,500012	100002003	s02010
100003001	龙擒功	0	0	2	0	1	1	900	1000	100	0	1	500008	100003003	s02003
100003002	独尊龙王印	1	0	2	0	2	1	800	900	300	3	1	500014,500013	100003002	s01007
100003003	霸者横拦	0	0	2	0	0	3	1200	1300	400	4	1	500000,500042	100003001	s02006
100004001	龙擒功	0	0	2	0	1	1	1300	1500	200	0	1	500008,500009	100005003	s02003
100004002	独尊龙王印	1	0	2	0	2	1	1300	1500	400	2	1	500014,500013,500023	100005002	s01007
100004003	霸者横拦	0	0	2	0	0	3	1400	1600	800	3	1	500000,500051,500027	100005001	s02006
100005001	修罗灭	1	0	2	0	2	0	1200	1500	200	0	1	500008,500004	100006001	s01033
100005002	修罗歼	0	0	2	0	0	1	1200	1400	400	3	1	500039,500003	100006002	s01034
100005003	修罗霸	1	0	2	1	2	0	1400	1700	600	4	1	500012,500035	100006003	s01035
100007001	珠花扬舞	1	0	2	1	3	0	900	1000	200	0	1	500013,500007	100007001	s01031
100007002	飞沙走石	0	0	2	0	0	2	800	900	400	2	1	500132,500013	100007002	s02006
100007003	高山流水	1	0	2	2	3	0	900	1000	600	3	1	500001,500013,900036	100007003	s02003
100008001	胡笳十八拍	1	0	2	1	3	0	800	900	200	0	1	500013,900033	100008001	s01031
100008002	春江花月夜	0	1	1	0	0	3	900	1200	400	3	1	500041,900034	100008002	s04008
100008003	十面埋伏	0	0	2	0	0	3	600	700	600	2	1	500013,900035	100008003	s02009
100009001	金鵰鹏飞	1	0	2	0	2	0	900	1200	100	0	1	500052,900102	100009001	s01008
100009002	金翼展翅	1	0	2	3	1	0	700	1100	240	0	1	500052,500018	100009002	s01009
100009003	一鸣惊人	1	0	2	0	3	0	1300	1500	320	3	1	500028,500039	100009003	s01030
100010001	魍魉摧心	1	0	2	0	1	0	900	1000	100	0	1	500052,500006	100010001	s01003
100010002	离魂七步	1	0	2	0	1	0	900	1000	300	2	1	500005,500006	100010002	s03005
100010003	摧心断魂	1	0	2	0	1	0	1000	1200	400	3	1	500013,500049	100010003	s03002
100011001	业火红莲	1	0	2	0	1	0	1100	1300	150	0	1	500004	100011001	s01009
100011002	血夜隐	1	0	2	0	2	0	900	1100	300	3	1	500002,900102	100011002	s01006
100011003	夜叉探海	0	0	2	0	0	1	1000	1200	400	2	1	500023,500024,500132	100011003	s02009
100012001	荡剑式	1	0	2	1	2	0	850	900	150	0	1	0	100012001	s01029
100012002	撩剑式	1	0	2	0	2	1	900	1100	300	3	1	500004	100012002	s01022
100012003	乱剑式	1	0	2	3	1	0	1000	1300	500	4	1	500013,500012	100012003	s01019
100013001	萧史乘龙	1	0	2	1	2	0	440	680	100	0	1	500008	100013001	s01029
100013002	山外清音	0	1	1	0	0	2	200	400	150	2	1	900037	100013003	s05007
100013003	凤曲长鸣	0	1	1	0	0	2	500	900	300	3	1	500041,900038	100013002	s04005
100014000	挥剑	1	0	2	0	1	0	100	150	0	0	1	0	100014000	s01049
100014001	扶摇直上	1	0	2	0	1	0	300	350	75	0	1	500052	100014001	s01007
100014002	鹏飞千里	1	0	2	0	2	0	350	400	150	2	1	500000	100014002	s01011
100014003	变拳	1	0	2	0	1	0	300	400	150	0	1	500052,500132	100014003,100014004,100014005	s01004
100014004	石破天惊	1	0	2	0	1	0	800	1200	600	2	1	500000,500039	100014006	s01002
100014005	进步双掌	1	0	2	0	1	0	350	400	150	0	1	0	100014005	s01001
100014007	阳春白雪	1	0	2	0	1	0	450	500	150	0	1	500052	100014007	s01003
100014008	阳关三迭	1	0	2	3	1	0	600	650	450	2	1	500052,500005	100014008	s01005
100014009	六阳融雪	0	1	1	0	0	0	300	400	750	2	1	500019,500026,500025	100014009	s05009
100014010	醉酒拨臂连环踢	0	0	2	0	0	1	300	400	250	0	1	500053,500195	100014010	s01011
100014011	醉酒提壶力千钧	1	0	2	0	2	0	500	600	450	2	1	500015,500195	100014011	s01007
100014012	弹腰献酒醉当步	1	0	2	0	2	0	600	700	600	3	1	500053,500017,500195	100014012	s01010
100014013	断魂奇毒	1	0	2	0	1	0	444	499	150	0	1	500049	100014013	s03002
100014014	鬼哭神号	1	0	2	0	1	0	544	599	600	2	1	500009,500000	100014014	s03004
100014015	月缺诀	1	0	2	0	3	0	500	600	300	0	1	500028	100014015	s01048
100014016	月涨诀	1	0	2	3	1	0	600	700	750	2	1	500008	100014016	s01032
100014017	月冥诀	0	1	1	0	0	0	200	300	600	2	1	500192,500022,500023	100014017	s05010
100014018	飞龙在天	1	0	2	0	2	0	600	700	300	0	1	500052,500014	100014018	s01003
100014019	龙战于野	1	0	2	1	3	0	700	800	450	2	1	500001,500052	100014019	s02010
100014020	亢龙有悔	1	0	2	1	3	0	800	1000	700	3	1	500000,500015	100014020	s01053
100014021	度一切苦厄	1	0	2	0	2	0	450	550	250	0	1	500027,500001	100014021	s01045
100014022	无苦寂灭道	1	0	2	0	2	1	500	600	600	3	1	500000	100014022	s01044
100014023	无无明印	0	1	1	0	0	0	400	500	900	4	1	500012,500025	100014023	s05010
100014024	阳意去阴	1	0	2	0	2	0	550	600	450	0	1	500013	100014024	s01006
100014025	一言九鼎	1	0	2	0	2	0	300	400	900	3	1	500002,500135	100014025	s01059
100014026	烛龙泣天	1	0	2	0	1	0	310	410	150	0	1	500052,500006	100014026	s03003
100014027	阴风啸岳	0	0	2	0	0	1	310	410	300	2	1	500049,500009	100014027	s03005
100014028	九阴追魂破	1	0	2	0	1	0	450	550	600	3	1	900102,500013	100014028	s03002
100014029	飞流三千尺	1	0	2	0	3	0	340	400	150	0	1	500052	100014029	s01029
100014030	银河落九天	1	0	2	0	2	1	450	500	450	2	1	500051,500013	100014030	s01034
100014031	飞虹劲	0	1	1	0	0	0	700	800	450	2	1	500017,500014	100014031	s05003
100014032	剑气纵横	1	0	2	1	4	0	500	600	600	0	1	500013,500027,500052	100014032	s01042
100014033	六脉十杀	0	0	2	0	0	2	750	900	900	3	1	500013,500004,500027	100014033	s01035
100014034	月射寒江	1	0	2	0	1	0	250	350	150	0	1	500160	100014034	s01049
100014035	天若有情	1	0	2	1	3	0	400	500	300	2	1	500015	100014035	s01019
100014036	情深义重	1	1	1	0	1	0	800	1000	750	4	1	500055	100014036	s05001
100014037	烟雨迷蒙	1	0	2	0	1	0	200	300	150	0	1	500013	100014037	s01041
100014038	潇湘水云	1	0	2	1	3	0	320	380	300	2	1	500013	100014038	s02002
100014039	儒剑式	1	0	2	0	1	0	350	450	300	0	1	500020	100014039	s01060
100014040	道剑式	1	0	2	0	1	0	500	600	600	3	1	900013	100014040	s02007
100014041	墨剑式	0	0	2	0	1	1	300	400	600	3	1	500013	100014041	s01034
100014042	荡剑式	1	0	2	0	2	0	290	390	300	0	1	500013	100014042	s02006
100014043	撩剑式	1	0	2	0	2	1	390	490	450	3	1	500013,500132	100014043	s01042
100014044	乱剑式	1	0	2	3	1	0	490	590	600	4	1	500013,500012	100014044	s01052
100014045	青龙啸天	1	0	2	0	1	0	350	450	225	0	1	500018	100014045	s02003
100014046	凤翼天翔	0	0	2	0	1	1	350	400	525	3	1	500013	100014046	s02007
100014047	不动如山	0	1	1	0	0	0	300	400	300	2	1	500042,500192	100014047	s05002
100014048	族庖月更刀	1	0	2	0	1	0	300	400	225	0	1	500052,500018	100014048	s01054
100014049	良庖岁更刀	1	0	2	0	1	0	400	500	400	2	1	500052,500132	100014049	s01021
100014050	游刃必有余	1	0	2	0	1	0	600	700	500	3	1	500052,500039	100014050	s01047
100014051	冥鲲斩	1	0	2	0	1	0	300	330	150	0	1	500004	100014051	s01026
100014052	一游刃	1	0	2	1	2	0	350	450	300	2	1	500008	100014052	s01062
100014053	剥极而复	1	0	2	1	2	0	350	400	350	0	1	500008	100014053	s01038
100014054	复无极也	1	0	2	1	2	0	450	600	600	3	1	500015	100014054	s01063
100014055	最无极	0	1	1	0	0	0	200	300	400	2	1	600022	100014055	s05008
100014056	雷霆陨落	1	0	2	0	1	0	400	500	250	0	1	500027,500051	100014056	s01026
100014057	霹雳疾斩	1	0	2	0	2	0	450	550	450	2	1	900012,500035	100014057	s01021
100014058	三千雷动	1	0	2	0	2	1	700	800	600	4	1	500001,500039	100014058	s01038
100014059	风随白云飞	1	0	2	3	2	0	150	200	150	0	1	500001,500022	100014059	s01013
100014060	梦中云莱境	1	0	2	0	2	1	300	350	300	2	1	500000,500025	100014060	s01014
100014061	一醉逍遥	1	0	2	0	2	0	500	600	300	0	1	900128,500195	100014061	s01012
100014062	醉卧乾坤	0	0	2	0	1	1	450	550	550	2	1	500020,500195	100014062	s01024
100014063	醉蝶	0	1	1	0	0	0	300	400	450	2	1	500015,500195	100014063	s05004
100014064	棒打恶犬	1	0	2	0	2	0	500	600	250	0	1	500008	100014064	s01014
100014065	黄狗撒尿	1	0	2	3	1	0	450	550	600	2	1	500051,500001	100014065	s01013
100014066	天下无狗	1	0	2	0	1	1	500	600	900	4	1	500014,600054	100014066	s01012
100014067	星雨漫天	1	0	2	0	3	1	300	400	150	0	1	900026	100014067	s01042
100014068	星火燎原	1	0	2	0	3	1	300	400	600	2	1	500007,500017	100014068	s01043
100014069	披星戴月	0	0	2	0	0	3	300	400	900	4	1	500004,500051	100014069	s01028
100014070	雷火灰烬	1	0	2	0	3	1	300	400	350	0	1	500009,500007	100014070	s01023
100014071	霹雳九天	0	0	2	0	0	2	600	800	900	4	1	500008,500039	100014071	s02009
100014072	飞星掷	1	0	2	0	4	0	400	450	300	0	1	500132	100080001	s01015
100014073	夺魂陷	1	0	2	0	3	1	350	400	600	2	1	500003,500006	100081002	s03004
100014074	暴雨梨花	1	0	2	0	3	1	420	460	900	3	1	500013,900102	100080002	s02004
100014132	寒梅映雪	1	0	2	1	3	0	300	350	300	0	1	900014,500013	100014132	s01044
100014133	飞燕凌波	0	1	1	0	1	1	200	300	450	2	1	900020	100014133	s05006
100014134	空山鸣涧	0	1	1	0	1	1	500	600	750	4	1	900021	100014134	s04007
100014138	昭君出塞	1	0	2	1	3	0	350	400	450	0	1	500000,500013	100014135	s01044
100014139	西施捧心	0	0	2	0	0	2	350	400	600	2	1	900015,500013	100014136	s02009
100014140	貂蝉拜月	0	1	1	0	0	2	800	1000	900	4	1	900017	100014137	s04001
100014135	无忧无虑	0	0	2	0	0	2	300	350	600	0	1	900016,500013	100014138	s01059
100014136	菩提清心	0	1	1	0	0	2	400	600	900	2	1	900018	100014139	s04002
100014137	傲笑红尘	0	0	2	0	0	3	400	500	1500	4	1	900019,500013	100014140	s02009
100014141	德洞天经	1	0	2	1	2	0	350	450	300	0	1	500007,500132	100014141	s01059
100014142	帝不言政	1	0	2	1	2	0	200	300	600	3	1	500002,500001	100014142	s01053
100014144	出奇不意	1	0	2	0	1	0	300	400	150	0	1	500053,900102	100014144	s01010
100014145	虎鹤双形	1	0	2	0	2	0	400	500	300	2	1	500053,500000	100014145	s01036
100014146	如影随形	1	0	2	0	1	0	600	700	600	4	1	500017,500007	100014146	s01011
100014147	捕风捉影	1	0	2	0	2	0	300	350	250	0	1	500053,500003	100014147	s01033
100014148	风中劲草	1	0	2	0	1	1	400	500	400	2	1	500053,500000	100014148	s01034
100014149	暴雨狂风	1	0	2	0	1	1	500	600	600	3	1	500053,500039	100014149	s01020
100014150	迅刀	1	0	2	0	4	0	200	300	200	0	1	500052,500014	100014151	s01042
100014151	出刀	1	0	2	0	5	0	600	700	600	2	1	900129	100014151	s01015
100014152	铁拳无敌	0	0	2	0	0	1	1600	2000	1000	3	1	500027,500047,500013	100999001	s01001
100014153	清霜泪	1	0	2	0	4	0	220	350	250	0	1	500052,500000	100014153	s00090
100014154	冰肌玉骨	1	0	2	0	3	0	350	410	300	2	1	500011,500051	100014154	s01040
100014157	虎噬山林	1	0	2	1	2	0	400	500	300	2	1	500004,500001	100014156	s01010
100014156	龙腾江海	1	0	2	0	2	0	300	350	200	0	1	500053,500017	100014157	s01055
100014159	一点红	1	0	2	0	2	0	280	320	150	0	1	500052,500013	100014159	s01006
100014160	八仙指路	1	0	2	0	2	0	420	480	250	2	1	500052,500132	100014160	s01028
100014162	吸风饮露	1	0	2	0	2	0	270	330	250	0	1	900010	100014162	s00094
100014163	御风而行	1	0	2	3	1	0	270	330	250	0	1	500007,500014	100014163	s00093
100014165	桃之夭夭	1	0	2	0	2	0	270	330	150	0	1	500027,500003	100014165	s00089
100014166	春风拂面	1	1	1	1	2	0	600	900	600	0	1	500058,900011	100014166	s04008
100014169	无风起浪	1	0	2	1	2	0	350	450	350	0	1	500027	100014169	s00106
100014170	回马枪	1	0	2	0	2	0	600	700	500	2	1	500039,500013	100014170	s00105
100014171	枪定中原	1	0	2	0	1	1	450	550	700	4	1	500132,500004,500013	100014171	s00107
100014175	人鬼殊途	1	0	2	0	2	0	300	400	250	0	1	500053,500009	100014175	s00079
100014176	地魂无虚	1	0	2	0	1	0	450	550	400	2	1	500027,500002	100014176	s00098
100014177	天魂渺渺	1	0	2	0	1	1	550	650	600	3	1	500053,900102	100014177	s00097
100014178	风云变色	1	0	2	0	1	0	350	400	225	0	1	500017,500019	100014178	s00088
100014179	电掣风驰	1	0	2	1	3	0	350	420	525	2	1	500004,500132	100014179	s00086
100014180	八方风雨	0	0	2	0	0	2	400	500	750	3	1	500004,500028,500007	100014180	s00087
100014181	寒松霜竹金错刀	1	0	2	0	1	0	300	350	225	0	1	500052,500132	100014181	s00102
100014182	梅花鸜鹆宣和笔	1	0	2	3	1	0	350	450	450	2	1	500007,500025	100014182	s00104
100014183	摩诘诗画见画诗	0	0	2	0	0	1	200	350	750	3	1	500012,500042,500002	100014183	s01016
100014184	八方藏刀式	0	0	2	0	0	1	300	400	250	0	1	500011	100014184	s01062
100014185	缠身摘心刀	1	0	2	1	2	0	500	600	375	3	1	500001,500051	100014185	s00101
100014186	闭门铁扇刀	0	0	2	0	0	1	500	550	500	3	1	500126	100014186	s00100
100014187	猴三抓桃式	1	0	2	3	1	0	300	400	150	0	1	500052,500004	100014187	s00083
100014188	猴三扯桃式	1	0	2	1	2	0	350	450	300	2	1	500053,500027	100014188	s00082
100014189	猴三破桃式	1	0	2	0	1	0	700	800	600	3	1	500001,500039,500057	100014189	s00084
100014190	一刀起程	1	0	2	1	2	0	300	350	100	0	1	500014	100014190	s01029
100014191	走剑行刀	1	0	2	0	2	0	450	550	200	2	1	500004,500003	100014191	s01063
100014192	刀剑啸	1	0	2	1	2	0	450	500	600	3	1	500039,500035	100014192	s02008
100014193	追魂夺魄	1	0	2	1	4	0	350	400	400	0	1	500013,900102	100014195	s01041
100014194	无常索命	1	0	2	1	3	0	450	550	800	2	1	500028,500009	100014193	s02002
100014195	阎王落笔	0	0	2	0	0	2	500	600	1500	4	1	500051,900099	100014194	s01022
100014196	刀剑合	1	0	2	3	1	0	400	500	350	0	1	500018,500022	100014196	s00112
100014197	总诀刀	0	0	2	0	0	1	500	550	900	2	1	500012,500009	100014197	s00111
100014198	总诀剑	0	0	2	0	0	1	500	550	900	2	1	500013,500008	100014198	s01019
100014199	江上弄笛	1	0	2	3	1	0	450	550	400	0	1	500052,500024	100014199	s01049
100014200	飞燕穿柳	1	0	2	0	3	0	450	600	900	1	1	900110,500017	100014200	s00110
100014201	扫荡群魔	0	0	2	0	0	1	550	600	1500	1	1	900110,500014	100014201	s00113
100014202	毒钳啮刺	1	0	2	2	2	0	300	350	200	0	1	500021,500049	100014202	s00109
100014203	百足爪挠	1	0	2	2	3	0	400	450	400	3	1	500028,500039	100014203	s00117
100014204	热地蚰蜒	0	0	2	0	0	1	400	450	650	3	1	500051,900101	100014204	s00108
100014205	金蛇吐信	1	0	2	0	2	0	300	500	150	0	1	500132,900127	100014205	s00118
100014206	杯弓蛇影	1	0	2	3	1	0	400	500	300	2	1	500007,500009	100014206	s00120
100014207	金蛇狂舞	0	0	2	0	0	1	400	450	450	3	1	500013,500049	100014207	s00119
100014208	血飞花	1	0	2	0	4	0	250	350	200	0	1	900153,500003	100014208	s00114
100014209	乱红尘	0	0	2	0	0	2	350	400	400	3	1	900153,500007	100014209	s01037
100014210	满江红	1	0	2	1	4	0	300	350	550	3	1	900153,500013	100014210	s01031
100014211	抽丝剥茧	1	0	2	0	1	0	350	400	200	0	1	500052,500005	100014211	s00116
100014212	千丝万缕	1	0	2	3	1	0	400	450	400	2	1	900104,500049	100014212	s01017
100014213	命若悬丝	1	0	2	0	1	0	500	600	550	3	1	500002,500049	100014213	s01009
100014214	拒辙式	1	0	2	3	1	0	300	350	150	0	1	900109,500003	100014214	s01008
100014215	飞翅式	1	0	2	0	1	0	450	500	300	2	1	500014,500132	100014215	s00080
100014216	捕蝉式	1	0	2	0	2	0	500	550	400	4	1	900108,500002	100014216	s00096
100014217	生公说法	1	0	2	3	1	0	350	400	200	0	1	900105	100014217	s01050
100014218	苦海无边	0	0	2	0	0	1	300	350	400	3	1	900106	100014218	s00115
100014219	放下屠刀	0	0	2	0	0	1	300	350	700	3	1	900107	100014219	s01046
100014220	臭泥弹	1	0	2	0	3	0	200	300	300	0	1	500170,900172	100014153	s00103
100014221	秽垢爆弹	1	0	2	0	3	1	10	10	1000	4	1	900092,900172	100014153	s00103
100014222	三折肱	1	1	1	0	4	0	900	1200	250	0	1	900098,500041	100028001	s04004
100014223	百病身	1	0	2	2	3	0	50	50	500	2	1	900096	100014025	s01047
100014224	千金方	1	1	1	2	3	0	1000	2000	1000	4	1	900097,500043	100014025	s04006
100014225	阳意去阴	1	1	1	0	2	0	1100	1200	1500	0	1	500041	100014024	s04001
100014226	剑气纵横	1	0	2	1	4	0	430	520	500	0	1	500008,500052	100014032	s01042
100014301	庐山升鸡霸	0	0	2	0	0	1	250	350	100	0	1	500052,500027,500001	100014001	s02005
100014302	凤爪七连杀	1	0	2	0	1	1	200	400	150	0	1	500052,500004,500028	100108002	s00117
100014303	升龙拳	0	0	2	0	0	1	350	500	200	0	1	500052,500001,500201	100014001	s01053
100014304	旋风脚	0	0	2	0	0	2	450	600	350	0	1	500053,500000,500028	100422002	s01036
100014305	气功波	1	0	2	1	5	0	600	1000	1800	1	1	500202	100134002	s01025
100015001	武松拳打虎	1	0	2	0	1	0	1100	1200	160	0	1	500052	100015001	s01002
100015002	林冲策马鞭	1	0	2	3	1	0	1200	1300	240	2	1	500001,500000	100015002	s01011
100015003	宋江怒荡寇	1	0	2	0	3	0	1000	1100	320	3	1	500028,500035	100015003	s02010
100015004	武松拳打虎	1	0	2	0	1	0	598	628	64	0	1	500052	100015001	s01002
100015005	林冲策马鞭	1	0	2	3	1	1	678	778	104	3	1	500001	100015002	s01011
100015006	武松拳打虎	1	0	2	0	1	0	448	488	44	0	1	500052	100015001	s01002
100016001	一刀起程	1	0	2	1	2	0	1000	1300	100	0	1	500014	100016001	s01029
100016002	走剑行刀	1	0	2	0	2	0	1100	1400	200	2	1	500004,500003	100016002	s01063
100016003	刀剑啸	1	0	2	1	2	0	1400	1600	300	3	1	500039,500035	100016003	s02008
100016004	一刀起程	1	0	2	1	2	0	700	900	100	0	1	500014	100016001	s01029
100016005	走剑行刀	1	0	2	0	2	0	800	1100	200	3	1	500004	100016002	s01063
100016006	一刀起程	1	0	2	1	2	0	250	400	100	0	1	500014	100016001	s01029
100017001	阳关三迭	1	0	2	0	2	0	1200	1400	200	0	1	500000,500005	100017001	s02008
100017002	阳春白雪	1	0	2	0	2	0	1400	1600	400	2	1	500052,500001	100017002	s02007
100017003	阳歌天钧	0	0	2	0	0	3	1000	1200	800	3	1	500009,500008	100017003	s02003
100018001	毒龙探海	1	0	2	0	1	0	600	900	200	0	1	500006	100018001	s03002
100018002	断魂蚀骨	1	0	2	0	1	0	800	1100	300	2	1	500049,500008	100018002	s03004
100018003	化功毒掌	0	0	2	0	0	2	900	1300	400	4	1	500005,500001	100018003	s03005
100019001	八方藏刀式	0	0	2	0	0	1	500	600	100	0	1	500008	100019001	s01062
100019002	缠身摘心刀	1	0	2	1	2	0	700	800	250	2	1	500001,500051	100019002	s01038
100019003	闭门铁扇刀	0	0	2	0	0	1	800	900	400	4	1	500126	100019003	s01043
100021001	族庖月更刀	1	0	2	0	1	0	500	600	100	0	1	500052,500003	100021001	s01021
100021002	良庖岁更刀	1	0	2	0	1	0	600	800	200	2	1	500052,500132	100021002	s01038
100021003	游刃必有余	1	0	2	0	1	0	800	1000	300	3	1	500052,500039	100021003	s01054
100022001	青龙摆尾	1	0	2	1	2	0	170	210	30	0	1	0	100022001	s01053
100022002	流星赶月	1	0	2	1	2	0	210	240	50	2	1	0	100022002	s01038
100023001	惊天槌	1	0	2	3	1	0	150	170	30	0	1	0	100023001	s01018
100023002	动地槌	0	0	2	0	0	1	170	200	50	2	1	500001	100023002	s02006
100024001	一指惊风	1	0	2	0	1	0	130	150	30	0	1	500052	100024001	s01006
100024002	一指骇浪	1	0	2	0	1	0	200	220	50	2	1	0	100024002	s01008
100025001	佛山铁线拳	1	0	2	0	1	0	140	160	30	0	1	0	100025001	s01007
100025002	佛山无影脚	1	0	2	0	2	0	170	210	50	2	1	500053	100025002	s01055
100025003	佛山无影脚	1	0	2	0	1	0	800	900	100	0	1	500001	100025002	s01055
100025004	佛山无影脚	1	0	2	0	1	0	900	1000	200	0	1	500001	100025002	s01055
100025005	佛山无影脚	1	0	2	0	1	0	1000	1200	300	0	1	500001	100025002	s01055
100026001	醉酒拨臂连环踢	0	0	2	0	0	1	900	1000	150	0	1	500053,500195	100026001	s01011
100026002	醉酒提壶力千钧	1	0	2	0	1	0	1100	1300	250	2	1	500015,500195	100026002	s01007
100026003	弹腰献酒醉当步	1	0	2	0	1	0	1400	1600	300	3	1	500017,500053,500195	100026003	s01010
100027001	星雨漫天	1	0	2	0	3	1	400	600	150	0	1	900026	100027001	s01043
100027002	星火燎原	1	0	2	0	3	1	700	900	200	3	1	500013,500004	100027002	s02004
100027003	披星戴月	0	0	2	0	0	2	1000	1200	400	4	1	500007,500051	100027003	s02009
100028001	点血截脉	1	0	2	0	4	0	300	400	100	0	1	500000,500004	100028001	s01047
100028003	千金方	0	1	1	0	0	2	1000	2000	400	3	1	500043,900097	100028002	s04005
100028002	三折肱	1	1	1	0	4	0	900	1200	250	1	1	900098,500041	100028001	s04004
100029001	搜魂	0	0	2	0	0	2	500	800	200	0	1	500013,900029	100029001	s01056
100029002	销魂	0	0	2	0	0	2	600	700	300	2	1	500013,900030	100029002	s01050
100029003	忘魂	1	0	2	1	3	0	800	1000	400	4	1	500002,500013,900031	100029003	s01027
100030001	桃之夭夭	1	0	2	1	2	0	800	1000	200	0	1	500027,500003	100030001	s00089
100030002	春风拂面	1	1	1	1	2	0	600	900	200	0	1	500037,500058	100030002	s04008
100031001	号令天下	1	0	2	1	3	0	700	1100	200	0	1	500028,500009	100031001	s01016
100031002	莫敢不从	1	0	2	0	2	0	1200	1600	400	2	1	500002,500008	100031002	s01051
100032001	梅花三弄	1	0	2	1	2	0	700	900	80	0	1	500007	100032001	s01001
100032002	漫天花语	1	1	1	0	2	0	1300	1600	300	2	1	500037,500043	100032002	s01002
100032003	百花齐绽	0	0	2	0	0	1	900	1100	220	2	1	500001,500132	100032003	s01007
100033001	千毒万蛊	1	0	2	0	1	0	800	1000	150	0	1	900153	100033001	s03004
100033002	金蛇缠身	1	0	2	0	2	1	900	1200	250	3	1	900153,500010	100033002	s03005
100034001	天剑诀	1	0	2	0	1	1	1600	1800	200	0	1	500028,500004	100034001	s02002
100034002	万剑诀	0	0	2	0	0	2	1800	2000	400	2	1	500004,900102	100034002	s01041
100034003	七剑诛	1	0	2	1	3	0	1200	1400	600	3	1	500013,500039	100034003	s01063
100035001	金针渡劫	1	1	1	0	2	0	700	1200	200	2	1	500041,500026	100035001	s04005
100035002	静莲蝶雨	0	1	1	0	0	3	1000	1600	400	3	1	500037,500042	100035002	s04008
100035003	点血截脉	1	0	2	0	2	0	300	400	100	0	1	500004	100013001	s01047
100036001	揽雀尾	1	0	2	0	1	0	500	700	150	0	1	500052	100036001	s01024
100036002	乱环诀	1	0	2	0	1	0	900	1100	250	3	1	500016,500021	100036002	s01032
100036003	怀中抱月	1	0	2	3	1	0	800	1000	400	4	1	500015,500019	100036003	s01048
100036004	揽雀尾	1	0	2	0	1	0	400	600	100	0	1	500052	100036001	s01024
100036005	乱环诀	1	0	2	0	1	0	600	800	200	3	1	500016	100036002	s01032
100036006	揽雀尾	1	0	2	0	1	0	300	500	80	0	1	500052	100036001	s01024
100037001	圆转太虚	1	0	2	0	1	0	1000	1200	200	0	1	500132	100037001	s01057
100037002	似有若无	1	0	2	3	1	0	1200	1400	300	2	1	500020,500021	100037003	s02002
100037003	太极化清	0	0	2	0	0	1	1000	1200	500	3	1	500042,500016	100037002	s01024
100037004	圆转太虚	1	0	2	0	1	0	520	650	100	0	1	500132	100037001	s01057
100037005	似有若无	1	0	2	3	1	0	650	850	200	3	1	500020	100037003	s02002
100037006	圆转太虚	1	0	2	0	1	0	470	520	100	0	1	500016	100037001	s01057
100038001	圆转太虚	1	0	2	1	2	0	1400	1600	200	0	1	500132,500021	100038001	s01057
100038002	似有若无	1	0	2	3	1	0	1500	1700	400	2	1	500020,500016	100038003	s02002
100038003	太极化清	0	0	2	0	0	1	1200	1300	600	3	1	500046,500012	100038002	s01024
100040001	圆转太虚	1	0	2	1	2	0	1100	1200	100	0	1	500132,500021	100040001	s01024
100040002	似有若无	1	0	2	3	1	0	1200	1300	200	2	1	500020,500016	100040002	s01017
100040003	太极化清	0	0	2	0	0	1	900	1000	300	3	1	500012,500019	100040003	s01031
100041001	圆转太虚	1	0	2	1	2	0	800	700	100	0	1	500132	100041001	s01024
100041002	似有若无	1	0	2	3	1	0	550	650	200	2	1	500020,500016	100041002	s01017
100041003	太极化清	0	0	2	0	0	1	650	700	300	3	1	500019	100041003	s01031
100042001	离中虚	1	0	2	0	1	0	350	400	100	0	1	0	100042001	s01062
100042002	干三连	1	0	2	0	1	0	400	500	150	2	1	500021	100042002	s01049
100042003	百炼成柔	1	0	2	0	1	0	900	1000	200	0	1	0	100037001	s01057
100042004	以柔克刚	1	0	2	0	1	0	1000	1100	300	2	1	500020	100037002	s02002
100042005	柔云剑圈	0	0	2	0	0	1	900	1000	500	3	1	500012	100037002	s01024
100043001	大日如来	1	0	2	0	2	0	800	1000	200	0	1	500009	100043001	s01014
100043002	四方结缘	0	0	2	0	0	1	900	1200	400	3	1	500022,910001	100043002	s01013
100043003	诸法皆空	0	0	2	0	0	1	1100	1400	600	4	1	500042,500020	100043003	s01012
100043004	大日如来	1	0	2	0	2	0	500	600	100	0	1	500009	100043001	s01014
100043005	四方结缘	0	0	2	0	0	1	600	700	200	3	1	500022	100043002	s01013
100043006	大日如来	1	0	2	0	2	0	400	500	50	0	1	500009	100043001	s01014
100044001	妙谛法华	1	0	2	0	2	0	900	1300	200	0	1	500013,500020	100044001	s01004
100044002	妙谛如来	1	0	2	0	2	0	1000	1200	400	3	1	500002,500132	100044002	s01006
100044003	一指渡众生	0	0	2	0	0	3	1200	1400	800	4	1	500000,500001,500051	100044003	s02007
100045001	大日如来	1	0	2	0	1	0	1200	1300	200	0	1	500009	100045001	s01059
100045002	四方结缘	0	0	2	0	0	1	1000	1200	300	2	1	500022,910001	100045002	s01025
100045003	诸法皆空	0	0	2	0	0	1	1100	1400	500	3	1	500132,500020	100045003	s01058
100046001	大日如来	1	0	2	0	1	0	1200	1300	200	0	1	500009	100046001	s01059
100046002	四方结缘	0	0	2	0	0	1	1000	1200	300	2	1	500022,910001	100046002	s01025
100046003	诸法皆空	0	0	2	0	0	1	1100	1400	400	3	1	500000,500020	100046003	s01058
100047001	金刚推山	1	0	2	0	1	0	1200	1400	200	0	1	500027	100047001	s01059
100047002	金刚不坏	1	0	2	3	1	0	1300	1400	400	2	1	500008,500022	100047002	s01025
100047003	金刚如来	1	0	2	1	2	0	1000	1200	600	3	1	500000,500001	100047003	s01058
100048001	无明离欲	1	0	2	0	1	0	900	1000	200	0	1	500009	100048001	s01003
100048002	灭则行灭	1	0	2	0	1	0	1000	1100	400	2	1	500021,500035	100048002	s01001
100048003	摩诃菩提	1	0	2	0	1	0	1100	1200	600	3	1	500000,500001	100048003	s01023
100049001	无明离欲	1	0	2	0	1	0	600	700	50	0	1	0	100049001	s01001
100049002	灭则行灭	1	0	2	0	1	0	700	800	100	2	1	500022	100049002	s01002
100050001	时勤拂拭	1	0	2	0	1	0	800	900	50	0	1	0	100050001	s01014
100050002	莫惹尘埃	1	0	2	1	2	0	900	1000	100	2	1	500000	100050002	s01013
100051001	刀燃菩提	1	0	2	0	1	0	600	700	50	0	1	0	100051001	s01021
100051002	立刀成佛	1	0	2	1	2	0	700	800	150	2	1	500004	100051002	s01026
100052001	大日如来	1	0	2	0	1	0	800	900	100	0	1	0	100052001	s01014
100052002	四方结缘	0	0	2	0	0	1	900	1000	200	2	1	500001	100052002	s01013
100053001	无明离欲	1	0	2	0	1	0	900	1000	100	0	1	0	100053001	s01001
100053002	灭则行灭	1	0	2	0	1	0	1000	1100	200	2	1	500000	100053002	s01007
100054001	银月勾魂	1	0	2	1	3	0	600	900	100	0	1	500018,500056	100054001	s01034
100054002	七宝天岚	0	0	2	0	0	1	700	800	160	2	1	500003,500027	100054002	s01060
100054003	日月星尘	1	0	2	1	3	0	900	1300	280	3	1	500013	100054003	s01029
100055001	烟雾弥漫	1	0	2	0	4	0	200	300	100	0	1	500007	100055001	s05009
100055002	一公升的眼泪	0	0	2	0	0	2	300	400	120	3	1	500008,500009	100055002	s05010
100055003	我是你亲妹妹啊	1	0	2	0	2	0	400	600	240	4	1	500002	100055003	s05008
100056004	银蛇千转	1	0	2	0	2	0	600	900	100	0	1	500052,500028	100056001	s01020
100056005	百兽之境	1	0	2	1	2	0	900	1000	200	2	1	500013	100056002	s01027
100056006	千蛇狂舞	0	0	2	0	3	1	1000	1200	300	2	1	500010,500003	100056003	s03003
100056007	银蛇千转	1	0	2	0	2	0	500	700	100	0	1	500052	100056001	s01020
100056008	百兽之境	1	0	2	1	2	0	700	800	200	2	1	500013	100056002	s01027
100057001	雷霆殒落	1	0	2	0	1	0	900	1000	100	0	1	500027	100057001	s01026
100057002	霹雳疾斩	1	0	2	0	2	0	1000	1200	200	2	1	500004,500052	100057002	s01021
100057003	三千雷动	1	0	2	0	2	1	1200	1400	300	3	1	500001,500039	100057003	s01038
100057004	雷霆殒落	1	0	2	0	1	0	500	600	100	0	1	500027	100057001	s01026
100057005	霹雳疾斩	1	0	2	0	1	0	600	700	200	2	1	500004	100057002	s01021
100057006	雷霆殒落	1	0	2	0	1	0	300	400	100	0	1	0	100057001	s01026
100058001	毒龙七尾	0	0	2	0	0	2	400	600	100	0	1	500027,500006	100058001	s03003
100058002	毒龙追魂	1	0	2	0	2	0	700	900	200	2	1	500006,500051	100058002	s03004
100058003	万毒入化	0	0	2	0	0	2	900	1100	300	3	1	500005,500006	100058003	s03005
100059001	燕子抄水	1	0	2	0	2	0	300	600	100	0	1	500052	100059001	s01015
100059002	乳燕归巢	1	0	2	0	3	0	700	1000	150	2	1	500052,500017	100059001	s01011
100059003	满天花雨	1	0	2	0	2	1	600	900	250	3	1	500007,500004	100059002	s01028
100059004	燕子抄水	1	0	2	0	2	0	200	400	50	0	1	500052	100059001	s01015
100059005	乳燕归巢	1	0	2	0	3	0	400	700	100	2	1	500052,500017	100059001	s01011
100060001	变拳	1	0	2	0	1	0	400	600	80	0	1	500052	100060001,100060002,100060003	s01004
100060002	劈石破玉	1	0	2	0	1	0	800	1200	200	2	1	500052,500039	100060004	s01002
100060003	变拳	1	0	2	0	1	0	100	250	50	0	1	500052	100060001	s01004
100060004	铁拳无敌	0	0	2	0	0	1	1600	2000	600	4	1	500027,500047,500013	100999001	s01001
100061001	燕返	1	0	2	0	1	0	800	1200	100	0	1	500132	100061001	s01033
100061002	居合	1	0	2	3	1	0	1100	1300	300	3	1	500004,900102	100061002	s01036
100061003	斩月	1	0	2	1	2	0	1000	1200	500	3	1	500013,500039	100061003	s01043
100061004	燕返	1	0	2	0	1	0	700	800	100	0	1	500132	100061001	s01033
100061005	居合	1	0	2	3	1	0	800	900	300	3	1	500004,900102	100061002	s01036
100062001	燕返	1	0	2	0	1	0	800	1200	100	0	1	500132	100062001	s01033
100062002	居合	1	0	2	3	1	0	1100	1300	300	3	1	500004,900102	100062002	s01036
100062003	斩月	1	0	2	1	2	0	1000	1200	500	3	1	500013,500039	100061003	s01043
100063001	燕返	1	0	2	0	1	0	700	800	100	0	1	500132	100063001	s01033
100063002	居合	1	0	2	3	1	0	800	900	300	3	1	500004,900102	100063002	s01036
100065001	大开大阖	1	0	2	1	2	0	800	1000	200	0	1	500001,500000	100066001	s01014
100066001	九龙攀云	1	0	2	1	2	1	1000	1200	200	0	1	500008,500001	100066001	s01013
100067001	毒龙七尾	1	0	2	1	2	0	600	700	100	0	1	0	100067001	s03003
100067002	毒龙追魂	1	0	2	1	2	0	700	800	200	2	1	500006,500003	100067002	s03004
100067003	万毒入化	0	1	1	0	0	2	800	1000	300	3	1	500023,500006	100067003	s03005
100067004	毒龙七尾	1	0	2	1	2	0	620	650	50	0	1	0	100067001	s03003
100067005	毒龙追魂	1	0	2	1	2	0	720	750	100	2	1	500006,500003	100067002	s03004
100067006	万毒入化	0	1	1	0	0	0	500	600	150	3	1	500023,500006	100067003	s03005
100068001	毒龙七尾	1	0	2	1	2	0	200	250	50	0	1	0	100068001	s03003
100068002	毒龙追魂	1	0	2	1	2	0	300	350	100	2	1	500006	100068002	s03004
100069001	毒龙出洞	1	0	2	0	1	0	330	360	50	0	1	0	100069001	s03003
100069002	金蛇狂舞	1	0	2	0	1	0	420	460	100	2	1	500006	100069002	s03004
100070001	霹雳刀法	1	0	2	0	1	0	300	400	100	0	1	0	100070001	s01026
100070002	霹雳疾斩	1	0	2	0	1	0	400	600	200	2	1	500004	100070002	s01021
100070003	霹雳刀法	1	0	2	0	1	0	120	180	100	0	1	0	100070001	s01038
100070004	霹雳弹	1	0	2	0	3	1	900	1300	200	4	1	500039	100014070	s01023
100070005	霹雳弹	1	0	2	0	3	1	300	500	200	4	1	500039	100014070	s01023
100071001	白虹贯日	1	0	2	1	2	0	700	800	100	0	1	500013	100071001	s01020
100071002	天剑归一	1	0	2	1	2	0	900	1000	300	2	1	900102,500013	100071002	s01019
100071003	总诀剑	0	0	2	0	0	1	1200	1400	500	3	1	500008,500013	100071003	s01022
100072001	东方快剑	1	0	2	1	2	0	900	1000	100	0	1	500052	100072001	s01020
100072002	暗渡陈仓	1	0	2	0	2	0	1000	1400	200	2	1	500017,500008	100072002	s01019
100072003	狂风暴雨	1	0	2	2	2	0	600	1200	300	3	1	500007,500013	100072002	s01034
100072004	东方快剑	1	0	2	1	2	0	600	700	100	0	1	500052	100072001	s01020
100072005	暗渡陈仓	1	0	2	0	2	0	700	1000	200	2	1	500017	100072002	s01019
100072006	东方快剑	1	0	2	1	2	0	400	500	100	0	1	500052	100072001	s01020
100073001	东方快剑	1	0	2	0	1	0	200	300	100	0	1	0	100073001	s01020
100073002	暗渡陈仓	1	0	2	0	2	0	200	300	200	0	1	500017	100073002	s01019
100073003	东方快剑	1	0	2	0	1	0	120	180	100	0	1	0	100073001	s01020
100074001	气所磅礡	1	0	2	0	3	0	1000	1200	200	0	1	500028,500000	100074001	s01002
100074002	当贯日月	1	0	2	0	1	0	1200	1400	400	3	1	500002,500001	100074002	s01006
100074003	苍天无极 	1	0	2	1	2	0	1800	2000	600	4	1	600021,500042	100074003	s02010
100074004	气所磅礡	1	0	2	0	3	0	1600	1800	200	0	1	500028,500001	100074001	s01002
100074005	当贯日月	1	0	2	0	1	0	1800	2000	400	2	1	500002	100074002	s01006
100074006	苍天无极 	1	0	2	1	2	0	2000	2200	600	3	1	500015,600021	100074003	s02010
100075001	气所磅礡	1	0	2	0	1	0	1200	1400	100	0	1	500000	100075001	s01003
100075002	当贯日月	1	0	2	0	1	0	1300	1500	200	2	1	500001,500009	100075002	s01005
100075003	苍天无极 	1	0	2	1	2	0	1200	1300	300	3	1	500035,500042	100075003	s01002
100075004	气所磅礡	1	0	2	0	1	0	600	700	100	0	1	500000	100075001	s01003
100075005	当贯日月	1	0	2	0	1	0	700	800	200	2	1	500001,500009	100075002	s01005
100075006	气所磅礡	1	0	2	0	1	0	350	400	100	0	1	500000	100075001	s01002
100077001	长虹经天	1	0	2	0	1	0	800	900	100	0	1	0	100077001	s01021
100077002	虹光乍现	1	0	2	0	1	0	1000	1200	300	2	1	500018,500009	100077002	s01026
100077003	虹彩七变	1	0	2	3	1	0	1200	1400	400	3	1	500019,500039	100077003	s01038
100078001	长虹经天	1	0	2	0	1	0	700	900	100	0	1	0	100078001	s01021
100078002	虹光乍现	1	0	2	0	1	0	900	1200	200	2	1	500008,500018	100078002	s01026
100078003	虹彩七变	1	0	2	0	1	0	1200	1400	300	3	1	500019,500039	100078003	s01038
100078004	长虹经天	1	0	2	0	1	0	500	600	100	0	1	0	100078001	s01021
100078005	虹光乍现	1	0	2	0	1	0	600	800	200	3	1	500008,500018	100078002	s01026
100079001	长虹经天	1	0	2	0	1	0	300	400	40	0	1	0	100079001	s01021
100079002	虹光乍现	1	0	2	0	1	0	400	500	60	2	1	0	100079002	s01026
100079003	长虹经天	1	0	2	0	1	0	200	300	40	0	1	0	100079001	s01021
100080001	飞星掷	1	0	2	0	3	0	700	800	100	0	1	0	100080001	s01035
100080002	夺魂陷	1	0	2	0	3	0	800	900	300	3	1	500003,500006	100080002	s01033
100080003	暴雨梨花	1	0	2	0	2	1	600	800	500	5	1	500013,500004	100080003	s02001
100081001	飞星掷	1	0	2	0	3	0	600	700	100	0	1	0	100081001	s01015
100081002	夺魂陷	1	0	2	0	3	0	700	800	200	2	1	500003,500006	100081002	s01042
100081003	暴雨梨花	1	0	2	0	2	1	800	900	400	3	1	500007,500004	100081003	s02004
100081004	飞星掷	1	0	2	0	3	0	220	360	80	0	1	0	100081001	s01015
100081005	夺魂陷	1	0	2	0	2	0	220	360	120	3	1	500003,500006	100081002	s01042
100082001	迅刀	1	0	2	0	5	0	200	300	200	0	1	500052,500014	100082001	s05009
100082002	出刀	1	0	2	0	3	0	700	900	60	0	1	500052,500013	100082002	s01042
100083001	飞星掷	1	0	2	0	3	0	300	400	100	0	1	0	100083001	s01015
100083002	飞星掷	1	0	2	0	3	0	400	500	200	0	1	0	100083002	s02004
100084001	飞月流光	1	0	2	0	1	0	1200	1300	100	0	1	500004	100084001	s01021
100084002	绝刀合真	1	0	2	1	2	0	1350	1400	250	2	1	500003,500022	100084002	s01026
100084003	总诀刀	0	0	2	0	0	1	1400	1500	300	4	1	500012,500009	100084003	s01038
100085001	阴极刀	1	0	2	3	1	0	800	1000	120	0	1	500132	100085001	s01021
100085002	阳极刀	1	0	2	0	1	0	1000	1200	300	2	1	500003,500022	100085002	s01026
100085003	阴错阳差	0	0	2	0	1	1	1200	1400	500	4	1	500012,500008	100085003	s01038
100085004	阴极刀	1	0	2	3	1	0	500	600	100	0	1	500132	100085001	s01021
100085005	阳极刀	1	0	2	0	1	0	600	800	200	2	1	500003,500022	100085002	s01026
100085006	阴极刀	1	0	2	3	1	0	500	600	100	0	1	500132	100085001	s01021
100086001	阴极刀	1	0	2	0	1	0	300	400	50	0	1	0	100086001	s01026
100086002	阳极刀	1	0	2	0	1	0	500	600	100	0	1	500022	100086002	s01062
100088001	推天献印	1	0	2	3	1	0	1200	1400	100	0	1	500003	100088001	s01039
100088002	卸甲锥心	1	0	2	3	1	0	1400	1500	200	2	1	500008,500132	100088002	s01038
100088003	刀舞千秋	1	0	2	1	2	0	1000	1200	400	4	1	500039,500004	100088003	s01033
100089001	离字诀	1	0	2	0	1	0	800	900	100	0	1	500003	100089001	s01033
100089002	阵字诀	1	0	2	0	1	0	900	1000	200	2	1	500008,500001	100089002	s01036
100089003	八卦乱环式	1	0	2	0	1	1	1000	1200	300	3	1	500009,500039	100089003	s01063
100089004	离字诀	1	0	2	0	1	0	440	500	100	0	1	500003	100089001	s01033
100089005	阵字诀	1	0	2	0	1	0	500	570	150	2	1	500008,500001	100089002	s01036
100090001	离字诀	1	0	2	0	1	0	200	300	100	0	1	0	100090001	s01021
100090002	阵字诀	1	0	2	0	1	0	200	300	200	2	1	500008	100090002	s01028
100090003	离字诀	1	0	2	0	1	0	120	180	100	0	1	0	100090001	s01021
100091001	剑出无影	1	0	2	0	2	0	900	1200	150	0	1	500013	100091001	s02002
100091002	一剑三影	1	0	2	3	1	0	1200	1400	300	2	1	900102,500017	100091002	s01022
100091003	幻影无形	1	0	2	0	3	0	1200	1500	400	3	1	900102,500039	100091003	s01049
100092001	横空出世	1	0	2	0	1	0	900	1200	200	0	1	500013	100092003	s02002
100092002	四面楚歌	0	0	2	0	0	1	1000	1200	400	2	1	500004,500009	100092004	s01022
100092003	霸王别姬	1	0	2	1	3	0	1200	1300	500	3	1	500012,500195	100092005	s01049
100092004	大杂烩	1	0	2	0	1	0	800	1000	100	0	1	500013	100092001	s02002
100092005	去芜存菁	0	0	2	0	0	1	1200	1400	300	3	1	500004,500009	100092002	s01022
100092006	大杂烩	1	0	2	0	1	0	700	1000	100	0	1	500013	100092001	s02002
100093001	龙虎啸	1	0	2	0	2	0	1200	1300	100	0	1	0	100093001	s01020
100093002	泰山崩	1	0	2	1	3	0	1250	1350	200	2	1	500008	100093002	s01019
100093003	镇五岳	0	0	2	0	0	2	1400	1500	300	4	1	500004,500051,500001	100093003	s01022
100094001	龙虎啸	1	0	2	0	2	0	800	900	100	0	1	0	100094001	s01020
100094002	泰山崩	1	0	2	1	3	0	900	1000	150	2	1	500132	100094002	s01019
100094003	镇五岳	0	0	2	0	0	2	1000	1200	200	4	1	500004,500051,500001	100094003	s01022
100094004	龙虎啸	1	0	2	0	2	0	700	800	100	0	1	0	100094001	s01020
100094005	泰山崩	1	0	2	1	3	0	800	900	150	2	1	500132	100094002	s01019
100094006	龙虎啸	1	0	2	0	2	0	600	700	80	0	1	0	100094001	s01020
100095001	重剑无锋	1	0	2	0	1	0	400	500	50	0	1	0	100095001	s01020
100095002	大巧不工	0	1	1	0	0	0	500	600	100	2	1	500034,500036	100095002	s01019
100096001	神农除瘴 	1	0	2	0	2	0	600	800	100	0	1	0	100096001	s01014
100096002	口试百药	0	1	1	0	0	0	800	1600	300	2	1	500037,500043	100096002	s04003
100096003	神农济世	0	1	1	0	0	3	1400	1800	400	4	1	500037,500041	100096003	s04007
100096004	神农除瘴 	1	0	2	0	2	0	550	620	80	0	1	0	100096001	s01014
100096005	口试百药	0	1	1	0	0	0	500	800	200	3	1	500037	100096002	s04003
100097001	神农除瘴 	1	0	2	0	1	0	320	440	50	0	1	0	100097001	s01014
100097002	口试百药	0	1	1	0	0	0	250	300	80	3	1	500037	100097002	s04002
100097003	神农除瘴 	1	0	2	0	1	0	260	320	50	0	1	0	100097001	s01014
100097004	口试百药	0	1	1	0	0	0	150	200	80	3	1	500037	100097002	s04002
100098001	飞龙在天	1	0	2	0	2	0	1300	1400	200	0	1	500028,500052	100098001	s01003
100098002	龙战于野	1	0	2	1	3	0	1200	1500	400	3	1	500001,500027	100098002	s02010
100098003	亢龙有悔	1	0	2	1	3	0	1400	1600	600	4	1	500000,500015	100098003	s01053
100098004	飞龙在天	1	0	2	0	2	0	800	900	100	0	1	500028,500052	100098001	s01003
100098005	龙战于野	1	0	2	1	2	0	800	900	200	3	1	500001,500027	100098002	s02010
100098006	飞龙在天	1	0	2	0	2	0	400	500	100	0	1	500028,500052	100098001	s01003
100099001	飞龙在天	1	0	2	0	2	1	1600	1800	200	0	1	500052,500014	100099001	s01003
100099002	龙战于野	1	0	2	1	3	0	1800	2000	400	2	1	500001,500052	100099002	s02010
100099003	亢龙有悔	1	0	2	1	3	0	2000	2200	600	4	1	500000,500015	100099003	s01053
100100001	棒打狗尾	1	0	2	1	2	0	900	1000	100	0	1	500132	100100001	s01014
100100002	恶犬无牙	1	0	2	1	2	0	1000	1200	200	2	1	500008,500009	100100002	s01013
100100003	天下伏狗	0	0	2	0	0	1	1200	1400	400	4	1	500001,500039	100100003	s01012
100101001	棒打狗尾	1	0	2	1	2	0	800	900	100	0	1	0	100101001	s01014
100101002	恶犬无牙	1	0	2	1	2	0	900	1000	200	2	1	500010,500009	100101002	s01013
100101003	天下伏狗	0	0	2	0	0	1	1000	1100	300	4	1	500001,500039	100101003	s01012
100102001	见人伸手	1	0	2	0	1	0	250	320	100	0	1	0	100102001	s01001
100102002	沿门扥钵	1	0	2	0	1	0	300	400	100	2	1	500052	100102002	s01002
100102003	见人伸手	1	0	2	0	1	0	180	250	100	0	1	0	100102001	s01009
100102004	见人伸手	1	0	2	0	1	0	350	680	150	0	1	0	100102001	s01001
100102005	沿门扥钵	1	0	2	0	1	0	500	850	200	2	1	0	100102002	s01002
100103001	莲花落	1	0	2	0	1	0	250	320	100	0	1	0	100103001	s01014
100103002	饭来伸手	1	0	2	1	2	0	300	400	100	2	1	500008	100103002	s01013
100104001	天鬼毒	1	0	2	0	2	0	1000	1200	100	0	1	500006	100104001	s03004
100104002	厄难毒气	1	0	2	0	2	1	600	800	200	3	1	500049,500012	100104002	s03005
100105001	意乱情迷	1	0	2	0	1	0	900	1100	100	0	1	500013	100105001	s02007
100105002	迷魂术	1	0	2	0	2	0	700	900	200	3	1	500013,500002	100105002	s01044
100106001	暴拳	1	0	2	0	1	0	1100	1200	100	0	1	500008	100106001	s01045
100106002	咬杀	1	0	2	0	1	0	1200	1300	200	2	1	500009,500039	100106002	s01050
100107001	毒咬	1	0	2	0	1	0	900	1000	100	0	1	0	100108001	s01008
100107002	荒咬	1	0	2	0	1	0	1000	1200	200	4	1	500008,500004	100108002	s01009
100108001	暴拳	1	0	2	3	1	0	700	800	100	0	1	0	100107001	s01007
100108002	咬杀	1	0	2	0	1	0	800	1000	200	4	1	500009,500001	100107002	s01050
100109001	生死判	1	0	2	1	2	0	1000	1200	100	0	1	500027	100109001	s03002
100109002	生死无常	1	0	2	0	1	0	1200	1400	300	3	1	500008,500001	100109002	s03004
100110001	哭嚎钩	1	0	2	0	3	0	1200	1400	100	0	1	500028	100110001	s03002
100110002	阎王索命	1	0	2	0	1	0	1300	1500	300	3	1	500009,500004	100110002	s03004
100111001	力劈华山	1	0	2	0	1	0	300	400	50	0	1	0	100111001	s01021
100112001	江湖刀法	1	0	2	0	1	0	400	500	100	0	1	0	100112001	s01021
100112002	江湖刀法	1	0	2	0	1	0	250	400	100	0	1	0	100112001	s01021
100113001	江湖锤法	1	0	2	0	1	0	500	600	100	0	1	0	100113001	s01018
100113002	江湖锤法	1	0	2	0	1	0	350	500	100	0	1	0	100113001	s01018
100114001	横扫千军	1	0	2	1	2	0	1000	1200	100	0	1	0	100114001	s01014
100114002	全军破敌	1	0	2	2	2	0	1100	1400	200	2	1	500009	100114002	s01013
100114003	天下太平	0	0	2	0	0	2	1200	1300	300	4	1	500001	100101003	s01012
100115001	鬼袭	1	0	2	1	3	0	2000	2200	400	0	1	500132,500004	100115001	s01031
100115002	丝缠	1	0	2	0	1	1	2200	2400	400	3	1	500010	100115002	s01039
100115003	残殇	0	0	2	0	0	3	2000	2200	800	5	1	500012,500039	100115003	s01052
100116001	牙突	1	0	2	0	1	0	700	900	100	0	1	500003	100116001	s01021
100117001	全军破敌	1	0	2	0	1	0	300	400	100	0	1	0	100117001	s01021
100118001	剑出无影	1	0	2	0	1	0	1300	1500	200	0	1	900102	100118001	s01049
100118002	一剑三影	1	0	2	3	1	0	1300	1500	400	3	1	900102,500132	100118002	s01041
100118003	幻影无形	1	0	2	0	2	0	1300	1500	600	4	1	900102,500039	100118003	s01017
100119001	峰回路转	1	0	2	0	1	0	600	700	100	0	1	500020	100119001	s01020
100119002	两仪转太虚	1	0	2	3	1	0	700	800	200	3	1	500026,500015	100119002	s01024
100120001	飞雁式	1	0	2	0	1	0	500	700	100	0	1	900102	100120001	s01020
100120002	一剑落九雁	1	0	2	0	1	0	700	900	200	2	1	500052,500039	100120002	s01019
100121001	飞雁式	1	0	2	0	1	0	300	350	50	0	1	900102	100120001	s01020
100122001	龙蟠虎踞	1	0	2	0	1	0	700	800	100	0	1	500025	100122001	s01019
100122002	云海翻腾	1	0	2	3	1	0	900	1000	400	3	1	500004,500008	100122002	s01041
100122003	日暮西山	1	0	2	3	1	0	1000	1100	400	4	1	500042,500013	100122002	s01041
100123001	龙蟠虎踞	1	0	2	0	1	0	800	900	100	0	1	500025	100123001	s01019
100123002	云海翻腾	1	0	2	3	1	0	1000	1100	400	3	1	500007,500051	100123002	s01041
100123003	苍松翠柏	1	0	2	3	1	0	1100	1200	400	4	1	500042,500012	100123002	s01041
100124001	鸿飞冥冥	1	0	2	0	1	0	300	350	50	0	1	0	100124001	s01019
100125001	玉女飞织	1	0	2	0	1	0	400	450	100	0	1	0	100125001	s01019
100125002	无双无对	1	0	2	0	1	0	450	500	150	4	1	500013	100125002	s01041
100126001	吞食天地	1	0	2	0	1	0	500	600	150	0	1	500009	100126001	s01056
100126002	龙吞暴	0	0	2	0	0	1	600	700	200	3	1	500004	100126002	s01027
100126003	吞食天地	1	0	2	0	1	0	400	500	100	0	1	500009	100126001	s01056
100126004	吞食天地	1	0	2	0	1	0	800	1000	250	0	1	500009	100126001	s01056
100126005	龙吞暴	0	0	2	0	0	1	1000	1200	400	3	1	500039	100126002	s01027
100127001	牛饮	1	0	2	1	2	0	600	700	100	0	1	0	100127001	s01050
100127002	甩酒壶	1	0	2	3	1	0	700	800	150	2	1	500021	100127002	s02005
100127003	牛饮	1	0	2	1	2	0	500	600	100	0	1	0	100127001	s01050
100127004	牛饮	1	0	2	1	2	0	800	900	200	0	1	500013	100127001	s01050
100127005	甩酒壶	1	0	2	3	1	0	1100	1300	400	2	1	500021,500001	100127002	s02005
100128001	绝户鹰指	1	0	2	0	1	0	500	600	50	0	1	0	100128001	s01030
100128002	鹰之液	1	0	2	1	2	0	600	700	100	2	1	500010	100128002	s02005
100128003	绝户鹰指	1	0	2	0	1	0	500	600	50	0	1	0	100128001	s01030
100128004	绝户鹰指	1	0	2	0	1	0	900	1000	150	0	1	0	100128001	s01030
100128005	鹰之液	1	0	2	1	2	0	600	700	300	2	1	500010,500013	100128002	s02005
100129001	千九掷	1	0	2	0	3	0	300	800	50	0	1	0	100129001	s02004
100129002	灌酘八打	1	0	2	0	3	0	400	900	100	2	1	500027,500051	100129002	s01035
100129003	千九掷	1	0	2	0	3	0	800	900	50	0	1	0	100129001	s02004
100129004	千九掷	1	0	2	0	3	0	900	1400	150	0	1	0	100129001	s02004
100129005	灌酘八打	1	0	2	0	3	0	600	1100	300	2	1	500027,500051	100129002	s01035
100130001	天鬼爪	1	0	2	0	1	0	300	400	50	0	1	0	100130001	s01009
100130002	天鬼爪	1	0	2	0	1	0	400	600	80	0	1	0	100130001	s01008
100130003	天鬼爪	1	0	2	0	1	0	600	800	100	0	1	500004	100130001	s01008
100130004	玄龙印	1	0	2	3	1	0	500	700	300	3	1	500010	100136001	s01001
100130005	厄鬼冲	1	0	2	0	1	0	500	600	150	0	1	500052	100025001	s01007
100130006	鬼影脚	1	0	2	0	2	0	700	900	200	2	1	500053	100025002	s01055
100133001	银月勾魂	1	0	2	0	2	0	300	400	50	0	1	500004	100133001	s01060
100134001	霸秦神功	0	0	2	0	0	3	2000	2200	200	0	1	500000,500042,500051	100134001	s02006
100134002	天王托塔	1	0	2	1	2	1	2200	2400	400	2	1	500001,500051	100134002	s02010
100134003	气所磅礡	1	0	2	0	2	0	2400	2600	600	4	1	500028	100134003	s01002
100135001	撩剑式	1	0	2	1	2	0	1000	1200	200	0	1	500013,500017	100135001	s01042
100135002	乱剑式	1	0	2	0	2	0	1200	1300	400	2	1	500013,500012	100135002	s01052
100135003	七剑诛	1	0	2	1	2	0	1200	1400	600	4	1	500013,500039	100135003	s01063
100136001	玄阴神爪	1	0	2	0	1	0	150	200	30	0	1	0	100136001	s01001
100136002	九阴神爪	1	0	2	3	1	0	1000	1200	100	0	1	500039	100136001	s01001
100139001	象跌势	1	0	2	1	2	0	1000	1200	200	0	1	500028	100139001	s01025
100139002	龙吞势	0	0	2	0	0	1	1200	1400	400	3	1	500000,500008	100139002	s01027
100139003	无上般若歼	1	0	2	0	1	1	1400	1600	600	4	1	500012,500035	100139003	s01058
100140001	梵天锤	1	0	2	0	1	0	500	700	100	0	1	0	100140001	s01018
100140002	摩诃无量	1	0	2	0	1	0	800	1000	250	2	1	500001	100140002	s01044
100140003	怒目金刚	1	0	2	0	1	0	1000	1500	100	0	1	500001,500008	100140001	s01018
100140004	当头棒喝	1	0	2	3	1	0	1200	1600	250	3	1	500015,500027	100140002	s01044
100141001	鲛杀刀	1	0	2	0	2	0	900	1100	100	0	1	0	100141001	s01018
100141002	雾隐扬鲨	1	0	2	0	2	0	1000	1300	200	3	1	500007	100141002	s01040
100141003	水龙雷火弹	1	0	2	0	2	1	1300	1500	400	4	1	500039	100141003	s01023
100142001	鲛杀刀	1	0	2	0	2	0	300	350	50	0	1	0	100142001	s01029
100142002	雾隐扬鲨	1	0	2	0	2	0	400	450	100	3	1	500007	100142002	s01040
100143001	巨啄击	1	0	2	0	1	0	800	1000	150	0	1	500052	100143001	s01030
100143002	金爪夺睛	1	0	2	0	2	0	1000	1200	250	2	1	500007	100143002	s01030
100143003	巨啄连击	1	0	2	3	1	0	1400	1600	400	3	1	500009	100143003	s01030
100143004	巨啄击	1	0	2	0	1	0	800	1000	150	0	1	500052	100143001	s01030
100143005	金爪夺睛	1	0	2	0	2	0	1000	1200	250	2	1	500007	100143001	s01030
100144001	拔刀砍人	1	0	2	0	1	0	400	600	50	0	1	0	100144001	s01021
100145001	翔龙闪	1	0	2	0	3	0	800	900	200	0	1	500013,500028	100145001	s01029
100145002	九龙闪	1	0	2	1	2	1	1500	1600	600	4	1	500039	100145002	s01025
100224001	力劈华山	1	0	2	0	1	0	40	50	20	0	1	0	100224001	s01021
100245001	天外飞龙	1	0	2	3	1	0	1000	1200	200	2	1	500004,500013	100245001	s01053
100245002	飞云腾霞	1	0	2	1	2	0	1300	1600	450	3	1	500013,500052	100245002	s01042
100245003	有凤来仪	1	0	2	0	1	0	800	1300	150	0	1	500013	100246001	s01019
100246001	有凤来仪	1	0	2	0	1	0	600	700	100	0	1	0	100246001	s01019
100246002	易水萧风	1	0	2	1	2	0	400	800	200	3	1	500017,500013	100246001	s01021
100280001	毒龙出洞	1	0	2	0	1	0	330	360	50	0	1	0	100280001	s03003
100280002	金蛇狂舞	1	0	2	0	1	0	420	460	100	2	1	500006	100280002	s03004
100284001	绣春刀	1	0	2	0	1	0	900	1200	100	0	1	0	100284001	s01026
100296001	惊鸿一瞥	1	0	2	0	1	0	400	500	100	0	1	0	100296001	s01021
100297001	乱石崩云	1	0	2	0	1	0	900	1100	100	0	1	0	100297001	s01021
100297002	惊涛裂岸	1	0	2	0	1	0	1100	1400	200	2	1	500017,500051	100297002	s01026
100297003	破浪千雪	1	0	2	1	4	0	1000	1200	400	4	1	500039,500003	100297003	s01038
100297004	乱石崩云	1	0	2	0	1	0	600	700	100	0	1	0	100297001	s01021
100297005	惊涛裂岸	1	0	2	0	1	0	700	800	200	2	1	500017	100297002	s01026
100298001	罗汉卧禅	1	0	2	0	1	0	1200	1300	200	0	1	500009	100298001	s01001
100298002	金刚怒目	1	0	2	0	1	0	1400	1500	400	3	1	500000,500020	100298002	s01023
100298003	青龙分水	1	0	2	1	1	0	1300	1500	221	4	1	500012,910001	100298003	s01033
100299001	深竹翠隐	1	0	2	0	1	0	1200	1400	200	0	1	500003	100299001	s01020
100299002	幽谷飞涧	1	0	2	1	2	0	1000	1200	400	3	1	500025,500042	100299002	s01019
100299003	鹤翼苍穹	1	0	2	1	4	0	1100	1400	600	5	1	500013,500014	100299003	s01022
100299004	深竹翠隐	1	0	2	0	2	0	700	800	90	0	1	500003	100299001	s01020
100299005	幽谷飞涧	1	0	2	1	2	0	800	900	180	3	1	500025	100299002	s01019
100299006	深竹翠隐	1	0	2	0	1	0	600	700	70	0	1	500003	100299001	s01020
100311001	毒龙探海	1	0	2	0	1	0	400	600	100	0	1	500006	100311001	s03002
100311002	断魂蚀骨	1	0	2	0	1	0	600	750	200	3	1	500049,500008	100311002	s03004
100311003	化功毒掌	0	0	2	0	0	1	600	900	300	5	1	500005,500001	100311003	s03005
100311004	毒龙探海	1	0	2	0	1	0	1300	1500	100	0	1	500006	100311001	s03002
100311005	断魂蚀骨	1	0	2	0	1	0	1350	1600	200	3	1	500049,500008	100311002	s03004
100311006	化功毒掌	0	0	2	0	0	1	1500	1800	300	5	1	500005,500001	100311003	s03005
100415001	天罗爪	1	0	2	0	1	0	600	800	100	0	1	500004	100130001	s01008
100415002	天罗踢	1	0	2	0	2	0	700	900	200	2	1	500053	100025002	s01055
100422001	地魁通幽	1	0	2	2	2	0	1200	1400	200	0	1	500053,500027	100422001	s01011
100422002	地煞驱神	0	0	2	0	0	2	1300	1500	350	2	1	500053,500028,500000	100422002	s01043
100422003	地辟吞刀	1	0	2	0	3	0	1800	2300	400	4	1	500053,500039,500086	100422003	s01035
100969001	抓击	1	0	2	0	1	0	600	700	0	0	1	500018	100969001	s01034
100969002	抓击	1	0	2	0	1	0	800	1000	0	2	1	500004	100969002	s01034
100969003	抓击	1	0	2	0	1	0	1200	1400	0	4	1	500039	100969003	s01034
100969004	抓击	1	0	2	0	1	0	300	400	0	0	1	500018	100969001	s01034
100970001	毒龙探海	1	0	2	0	1	0	500	700	0	0	1	500006	100970001	s03003
100970002	断魂蚀骨	1	0	2	0	1	0	700	900	0	2	1	500006,500008	100970002	s03003
100970003	剧毒化功	1	0	2	0	1	0	900	1200	0	4	1	500006,500005,500001	100970003	s03003
100970004	毒龙探海	1	0	2	0	1	0	350	500	0	0	1	500006	100970001	s03003
100970005	断魂蚀骨	1	0	2	0	1	0	600	700	0	2	1	500006,500008	100970002	s03003
100988001	阳奉阴违	1	0	2	1	2	0	1000	1200	100	0	1	500132	100988001	s01029
100988002	阴惨阳舒	1	0	2	1	2	0	1200	1400	400	2	1	500008,500022	100988002	s01063
100988003	阴阳交错	1	0	2	1	3	0	1200	1400	400	3	1	500015	100988003	s02008
100990001	嵩阳三迭	1	0	2	1	1	0	700	800	100	0	1	0	100990001	0
100990001	日月天魔	1	0	2	1	2	0	800	900	100	0	1	0	100990001	0
100990002	大阴阳手	1	0	2	1	1	0	800	900	300	3	1	500023	100990002	0
100990002	吸星吞食	0	0	2	0	0	1	800	900	500	3	1	500024	100990002	0
100990003	寒冰绵掌	1	0	2	1	3	0	700	800	300	3	1	500000	100990003	0
100990003	星若邪动	1	0	2	3	1	0	900	1000	300	3	1	500009	100990003	0
100991001	铁掌	1	0	2	0	1	0	600	700	100	0	1	0	100991001	0
100991002	摧筋断骨	1	0	2	0	1	0	700	900	300	3	1	500013	100991002	0
100991003	无坚不摧	0	1	1	0	0	0	0	0	300	3	1	0	100991003	0
100992001	狄青降龙	1	0	2	0	1	0	500	600	100	0	1	0	100992001	0
100992002	化骨三绝杀	1	0	2	0	1	0	600	700	250	3	1	500006	100992002	0
100993001	七者皆伤	1	0	2	0	1	0	350	450	100	0	1	500008	100993001	0
100993002	魂飞魄散	1	0	2	0	1	0	500	600	250	2	1	500013	100993002	0
100994001	圆转太虚	1	0	2	0	1	0	300	400	100	0	1	0	100994001	0
100994002	似有若无	1	0	2	0	1	0	300	400	300	2	1	500010	100994002	0
100995001	群邪辟易	1	0	2	0	3	0	550	620	100	0	1	0	100995001	0
100995002	紫气东来	1	0	2	0	3	0	550	620	350	2	1	500007	100995002	0
100995003	流星飞坠	1	0	2	1	3	0	460	520	400	3	1	500007	100995003	0
100996001	移花接玉	1	0	2	0	3	0	400	500	100	0	1	0	100996001	0
100996002	星移斗转	0	0	2	0	0	1	400	500	350	2	1	500016	100996002	0
100996003	参合指	1	0	2	1	3	0	400	500	300	3	1	500001	100996003	0
100997001	灵蛇相杀	1	0	2	0	1	0	620	680	200	0	1	0	100997001	0
100997002	神驼雪杀	1	0	2	3	1	0	620	680	400	3	1	500006	100997002	0
100997003	逆运九阴	0	0	2	0	0	1	620	680	600	4	1	500005	100997003	0
100998001	象跌势	1	0	2	1	2	0	660	720	200	0	1	0	100998001	0
100998002	龙吞势	0	0	2	0	0	1	660	720	600	4	1	0	100998002	0
100998003	无上般若歼	1	0	2	0	2	0	940	1180	400	3	1	500009	100998003	0
100999001	劈石破玉	1	0	2	3	1	0	1500	2000	100	0	1	0	100999001	s00076
100999002	铁拳无敌	0	0	2	0	0	1	3500	4000	250	2	1	0	100999002	s00077
360032001	猴三抓桃式	1	0	2	3	1	0	500	600	150	0	1	500052,500004	360032001	s00083
360032002	猴三扯桃式	1	0	2	1	2	0	1000	1300	300	2	1	500053,500027	360032004	s00082
360032003	猴三破桃式	1	0	2	0	1	0	1200	1400	600	3	1	500001,500039,500057	360032005	s00084
360068001	阎罗斩	1	0	2	0	1	0	400	500	100	0	1	0	100406001	s03003
360068002	千年杀	1	0	2	0	2	0	500	700	200	2	1	0	100059001	s03001
360068003	般若轮回道	1	0	2	0	2	1	700	800	300	4	1	0	100059002	s03005
360077001	胡族刀法	1	0	2	0	1	0	500	600	100	0	1	0	360077001	s03004
360078001	汉族枪法	1	0	2	0	2	0	400	500	100	0	1	0	360078001	s03004
360085001	地痞刀法	1	0	2	0	1	0	300	600	100	0	1	0	360085001	s03004
360086001	地痞拳法	1	0	2	0	1	0	250	400	100	0	1	0	360086001	s03004
360087001	地痞棒法	1	0	2	0	1	0	300	600	100	0	1	0	360087001	s03004
360088001	地痞棒法	1	0	2	0	1	0	400	750	100	0	1	0	360088001	s03004
360112001	绣春一刀	1	0	2	0	1	0	700	900	100	0	1	500021	100116001	s01021
360112002	绣春二刀	1	0	2	0	1	0	900	1100	200	2	1	500021	100116001	s01026
360113001	绣春一刀	1	0	2	0	1	0	700	900	100	0	1	500021	100284001	s01021
360113002	绣春二刀	1	0	2	0	1	0	900	1100	200	2	1	500021	100284001	s01026
505021001	吼哩系	1	0	2	0	1	0	800	1000	150	0	1	500001	360087001	s01018
505021002	粉碎一击	1	0	2	0	1	0	1100	1300	300	2	1	500013	360088001	s02003
900000001	石灰粉	1	0	0	3	1	0	0	0	1	0	1	900001,400003	0	s01037
900000002	香灰	1	0	0	3	1	0	0	0	1	0	1	900002,400003	0	s01037
900000003	老叫化泥丸子	1	0	0	0	1	0	0	0	1	0	1	900092,400003	0	s01037
900000004	霹雳雷火弹	1	0	2	0	3	1	200	500	1	0	1	900004,400003,500013	100014071	s01037
900000005	青龙散	0	1	1	0	0	0	0	0	1	0	1	500064	0	s01037
900000006	毒焰七杀散	0	0	2	0	0	2	200	500	1	0	1	500049,400003	100058003	s01037
900000007	生脉丹	0	1	1	0	0	0	0	0	1	0	1	500158	0	s01037
900000008	承气饮	0	1	1	0	0	0	0	0	1	0	1	500159	0	s01037
900000009	护手药膏	0	1	1	0	0	0	0	0	1	0	1	500211	0	s01037
910003001	咬咬	1	0	2	0	1	0	1200	1400	100	0	1	500018	910003001	s01027
910004001	猛扑	1	0	2	0	1	0	800	900	200	0	1	500009,500001	910004001	s01027
910004002	撕裂	1	0	2	0	1	0	900	1000	400	2	1	500023,500009	910004002	s01027
910004003	突咬	1	0	2	3	1	0	1000	1300	300	0	1	500009	910004001	s01027
910004004	大快朵颐	1	0	2	3	1	0	1300	1600	600	2	1	500209	910004002	s01027
910004005	变硬	0	1	1	0	0	0	1000	1000	100	4	1	500020	910004001	s05007
910005001	撕咬	1	0	2	0	1	0	500	600	200	0	1	500052	910005001	s01027
910005002	啃噬	1	0	2	0	1	0	600	700	300	1	1	500023,500017	910005001	s01027
910006001	撕咬	1	0	2	0	1	0	600	700	150	0	1	500052,500003,500132	910006001	s01027
910007001	撕咬	1	0	2	0	1	0	900	1100	200	0	1	500052,500004	910007001	s01027
910007002	啃噬	1	0	2	0	1	0	1100	1300	300	1	1	500008	910007001	s01027
910008001	撕咬	1	0	2	0	1	0	700	900	150	0	1	500052,500003	910008001	s01027
910009001	撕咬	1	0	2	0	1	0	500	600	200	0	1	500052	910009001	s01027
910009002	啃噬	1	0	2	0	1	0	600	700	300	1	1	500023,500017	910009001	s01027
910010001	撕咬	1	0	2	0	1	0	600	700	150	0	1	500052,500003	910010001	s01027
910011001	鸡跃九天	1	0	2	0	1	0	40	50	20	0	1	500052	910011001	s02005
910012001	歪嘴鸡吃好米	1	0	2	0	1	0	30	40	10	0	1	500004	910012001	s01029
910012002	凤爪七连杀	1	0	2	0	1	0	40	50	20	1	1	500008	910012002	s00092
910012003	庐山升鸡霸	0	0	2	0	0	1	50	60	30	2	1	500027	910012003	s01053
910012004	歪嘴鸡吃好米	1	0	2	0	1	0	500	600	100	0	1	500052,500004	910012001	s01029
910012005	凤爪七连杀	1	0	2	3	1	0	700	900	200	1	1	500052,500008	910012002	s00092
910012006	庐山升鸡霸	0	0	2	0	0	1	1000	1200	300	2	1	500052,500027	910012003	s01053
990023001	落叶飘雨	1	0	2	0	2	0	1100	1300	100	0	1	500003,500014	990023001	s01019
990023002	傲日狂风	1	0	2	1	3	0	1200	1400	200	3	1	500008,500132	990023002	s01020
990023003	飘渺魅影	1	0	2	0	3	0	700	800	300	4	1	500002,500028	990023003	s02005
990024001	落雪飞石	1	0	2	0	2	0	600	900	100	0	1	500052,500132	990024001	s01028
990024002	漫天雪雨	1	0	2	0	2	1	1100	1200	200	3	1	500051,500010	990024002	s00095
990024003	万象森罗	0	1	1	0	0	0	800	1600	300	4	1	500018,500020	990024003	s05009
990025001	一指穿心	1	0	2	0	1	0	900	1200	100	0	1	500013,500132	990025001	s01006
990025002	意乱情迷	1	0	2	0	1	0	800	1000	250	3	1	500002,500005	990025002	s00092
990025003	仙猴挽桃	1	0	2	0	1	0	1400	1600	400	4	1	500001,500039,500057	100014189	s00083
990026001	破虚空	1	0	2	1	3	0	1100	1350	150	0	1	500052,500008	990026001	s01038
990026002	斩无界	1	0	2	1	3	0	1400	1500	250	2	1	500052,500039	990026002	s01063
990026003	天地劫	0	0	2	0	0	2	600	800	300	4	1	500007,500132,500010	990026003	s05008
990027001	万魂归幽	1	0	2	0	1	0	1200	1300	150	0	1	500052,500023	990027001	s03003
990027002	阎罗裂魄	1	0	2	0	1	1	1200	1400	300	2	1	500013,500049	990027002	s03005
990027003	混沌诛天	1	0	2	0	2	0	1600	1800	400	3	1	500013,500039	990027003	s03002
990028001	万千日月	1	0	2	0	2	0	900	1100	150	0	1	500052,500027	990028001	s01039
990028002	残天蚀日	1	0	2	2	3	0	1200	1300	250	3	1	500001,500051	990028002	s02010
990028003	残日如来	1	0	2	2	3	0	1400	1500	350	4	1	500000,500027	990028003	s01045
990029001	求败壹式	1	0	2	0	1	0	1000	1200	100	0	1	0	990029001	s01052
990029002	求败贰式	1	0	2	0	1	0	1200	1400	200	2	1	0	990029001	s01052
990029003	武狂零式	1	0	2	3	1	0	900	1200	300	3	1	0	100078003	s01051
990030001	雷霆陨落	1	0	2	0	1	0	700	900	100	0	1	500027	990030001	s01026
990030002	霹雳疾斩	1	0	2	0	2	0	900	1100	300	2	1	500004,500035	990030002	s01038
990030003	三千雷动	1	0	2	0	3	0	1200	1300	400	3	1	500001,500039	990030003	s01021
990035001	金刚锤	1	0	2	3	1	0	800	900	100	0	1	500001	990035001	s01057
990035002	火神炮	1	0	2	0	10	1	1800	2600	200	2	1	500109	990035002	s01023
990037001	反戈一击	1	0	2	1	2	0	800	1000	100	0	1	0	360078001	s00106
990037002	横扫千军	0	0	2	0	0	1	700	900	200	2	1	500027	100014059	s01012
990038001	先斩后奏	1	0	2	0	1	0	900	1100	100	0	1	0	990038001	s01038
990038002	刀下无情	1	0	2	3	1	0	1100	1200	200	2	1	500004	360085001	s01021
990039001	真‧一阳指	1	0	2	0	5	0	1200	1300	150	0	1	500008	990039001	s00096
990039002	降龙神掌	1	0	2	2	3	0	1100	1500	250	2	1	500000,500132	990039002	s02006
990039003	佛光普照	1	0	2	3	2	0	1300	1400	300	3	1	500001,500007	990039003	s00092
100121002	佛光初现	1	0	2	0	1	0	700	800	200	0	1	0	100047001	s01059
100121003	佛动山河	1	0	2	3	1	0	800	1000	400	3	1	500008	100047002	s01025
100121004	天佛降世	1	0	2	1	2	0	900	1200	600	5	1	500000	100047003	s01058
100247001	攻其不备	0	0	2	0	0	30	0	0	100	2	1	900093	990025001	s01006
100247002	深沟高垒	0	1	1	0	0	30	0	0	100	2	1	900094	100017003	s04007
100247003	以逸待劳	0	1	1	0	0	30	1000	1000	100	3	1	900095	100028002	s04001
990040001	江上弄笛	1	0	2	3	1	0	1100	1300	400	0	1	500052,500024	100014199	s01049
990040002	飞燕穿柳	1	0	2	0	1	0	1200	1400	900	1	1	900110,500017	100014200	s00110
990040003	扫荡群魔	0	0	2	0	0	1	1300	1600	1500	1	1	900110,500014	100014201	s00113
990106001	无忧无虑	0	0	2	0	0	2	900	1050	300	0	1	900016,500013	100014138	s01059
990106002	菩提清心	0	1	1	0	0	2	800	1200	600	2	1	900018	100014139	s04002
990106003	傲笑红尘	0	0	2	0	0	3	800	1000	600	4	1	900019,500013	100014140	s02009
990107001	星雨漫天	1	0	2	0	3	1	800	850	150	0	1	900026	100014067	s01042
990107002	星火燎原	1	0	2	0	3	1	800	850	300	2	1	500007,500017	100014068	s01043
990107003	披星戴月	0	0	2	0	0	3	800	850	450	4	1	500004,500051	100014069	s01028
990108001	吸风饮露	1	0	2	0	2	0	840	990	250	0	1	900010	100014162	s00094
990108002	御风而行	1	0	2	3	1	0	840	990	250	0	1	500007,500014	100014163	s00093
990108003	春风拂面	1	1	1	1	2	0	600	900	500	0	1	500058,900011	100014166	s04008
990109001	寒松霜竹金错刀	1	0	2	0	1	0	800	900	225	0	1	500052,500132	100014181	s00102
990109002	梅花鸜鹆宣和笔	1	0	2	3	1	0	800	900	450	2	1	500007,500025	100014182	s00104
990109003	摩诘诗画见画诗	0	0	2	0	0	1	600	1050	600	3	1	500012,500042,500002	100014183	s01016
990110001	三折肱	1	1	1	0	4	0	900	1200	250	0	1	900098,500041	100028001	s04004
990110002	百病身	1	0	2	2	3	0	50	50	500	2	1	900096	100014025	s01047
990110003	千金方	1	1	1	2	3	0	800	1000	500	4	1	900097,500043	100014025	s04006
990111001	雷火灰烬	1	0	2	0	3	1	600	800	350	0	1	500009,500007	100014070	s01023
990111002	夺魂陷	1	0	2	0	3	0	700	800	300	2	1	500003,500006	100081002	s01042
990111003	霹雳九天	0	0	2	0	0	2	1000	1200	450	4	1	500008,500039	100014071	s02009
990112001	猴三抓桃式	1	0	2	3	1	0	750	900	150	0	1	500052,500004	100014187	s00083
990112002	猴三扯桃式	1	0	2	1	2	0	800	950	300	2	1	500053,500027	100014188	s00082
990112003	猴三破桃式	1	0	2	0	1	0	850	950	400	3	1	500001,500039,500057	100014189	s00084
990113001	醉酒拨臂连环踢	0	0	2	0	0	1	600	800	250	0	1	500001,500195	100014010	s01011
990113002	醉酒提壶力千钧	1	0	2	0	2	0	1000	1200	300	2	1	500015,500195	100014011	s01007
990113003	弹腰献酒醉当步	1	0	2	0	2	0	1000	1200	400	3	1	500053,500017,500195	100014012	s01010
990114001	星雨漫天	1	0	2	0	3	1	800	1000	150	0	1	900026	100014067	s01042
990114002	千金方	1	1	1	2	3	0	800	1000	500	2	1	900097,500043	100014025	s04006
990114003	霹雳九天	0	0	2	0	0	2	1000	1200	450	3	1	500008,500039	100014071	s02009
990115001	阳春白雪	1	0	2	0	2	1	1200	1500	200	0	1	500000,500042,500020	100014007	s01003
990115002	阳关三迭	1	0	2	3	2	0	1200	1500	300	2	1	500001,500052,500018	100014008	s01005
990115003	阳歌天钧	0	0	2	0	0	3	900	1200	400	3	1	500009,500013,500024	100017003	s02003
100017004	阳关三迭	1	0	2	0	2	0	1400	1500	200	0	1	500000,500005	100017001	s02008
100017005	阳春白雪	1	0	2	0	2	0	1600	1800	400	2	1	500020,500001	100017002	s02007
100017006	阳歌天钧	0	0	2	0	0	3	1200	1400	800	3	1	500009,500013	100017003	s02003
900000007	丈人丹	0	1	1	0	0	0	0	0	1	0	1	910052	0	s01037
