#iStoreID	sStoreNama	sStroreIconID	iRandom	sRandom	sItemID	sBuyamount	iAddReset	iAddBackpack	iCheckAch	iStoreType
1100001	400001	malltop-01	0	0	100201	10	0	1	0	0
1100001	400001	malltop-01	0	0	100202	10	0	1	0	0
1100001	400001	malltop-01	0	0	100203	10	0	1	0	0
1100002	400002	malltop-01	0	0	100412	8	0	0	0	0
1100003	400003	malltop-01	0	0	100413	5	0	0	0	0
1100004	400004	malltop-01	0	0	100251	10	0	1	0	0
1100004	400004	malltop-01	0	0	100252	10	0	1	0	0
1100005	400005	malltop-01	0	0	100257	10	0	1	0	0
1100005	400005	malltop-01	0	0	100258	10	0	1	0	0
1100005	400005	malltop-01	0	0	100259	10	0	1	0	0
1100005	400005	malltop-01	0	0	100260	10	0	1	0	0
1100006	400006	malltop-01	0	0	100301	6	0	0	0	0
1100006	400006	malltop-01	0	0	100302	4	0	0	0	0
1100006	400006	malltop-01	0	0	100303	5	0	0	0	0
1100006	400006	malltop-01	0	0	100304	4	0	0	0	0
1100006	400006	malltop-01	0	0	100305	8	0	0	0	0
1100007	400007	malltop-01	0	0	990045	1	0	1	0	0
1100007	400007	malltop-01	0	0	990056	1	0	1	0	0
1100007	400007	malltop-01	0	0	200323	1	0	1	0	0
1100007	400007	malltop-01	1	5	200204	1	0	1	0	0
1100007	400007	malltop-01	1	7	200205	1	0	1	0	0
1100008	400008	malltop-01	0	0	100351	5	0	1	0	0
1100008	400008	malltop-01	0	0	100352	7	0	1	0	0
1100008	400008	malltop-01	0	0	100353	6	0	1	0	0
1100008	400008	malltop-01	0	0	100354	5	0	1	0	0
1100008	400008	malltop-01	0	0	100355	6	0	1	0	0
1100009	400008	malltop-01	0	0	100351	10	0	0	0	0
1100009	400008	malltop-01	0	0	100352	10	0	0	0	0
1100009	400008	malltop-01	0	0	100353	10	0	0	0	0
1100009	400008	malltop-01	0	0	100354	10	0	0	0	0
1100009	400008	malltop-01	0	0	100355	10	0	0	0	0
1100010	400009	malltop-01	0	0	100051	2000	0	1	0	0
1100010	400009	malltop-01	0	0	100053	5	0	1	0	0
1100010	400009	malltop-01	0	0	100101	50	0	1	0	0
1100010	400009	malltop-01	0	0	100010	10	0	1	0	0
1100010	400009	malltop-01	0	0	100102	10	0	1	0	0
1100010	400009	malltop-01	0	0	100105	50	0	1	0	0
1100010	400009	malltop-01	0	0	100106	5	0	1	0	0
1100010	400009	malltop-01	0	0	100107	50	0	1	0	0
1100011	400011	malltop-01	0	0	100163	30	0	1	0	0
1100011	400011	malltop-01	0	0	100158	30	0	1	0	0
1100011	400011	malltop-01	0	0	100152	30	0	1	0	0
1100011	400011	malltop-01	0	0	100187	30	0	1	0	0
1100011	400011	malltop-01	0	0	100156	30	0	1	0	0
1100011	400011	malltop-01	0	0	100165	30	0	1	0	0
1100011	400011	malltop-01	0	0	100177	30	0	1	0	0
1100011	400011	malltop-01	0	0	100154	30	0	1	0	0
1100011	400011	malltop-01	0	0	300009	2	0	1	0	0
1100012	400012	malltop-01	0	0	910001	1	0	1	0	0
1100012	400012	malltop-01	0	0	910002	1	0	1	0	0
1100012	400012	malltop-01	0	0	910003	1	0	1	0	0
1100012	400012	malltop-01	0	0	910004	1	0	1	0	0
1100012	400012	malltop-01	0	0	910005	1	0	1	0	0
1100012	400012	malltop-01	0	0	910006	1	0	1	0	0
1100012	400012	malltop-01	0	0	910007	1	0	1	0	0
1100012	400012	malltop-01	0	0	910008	1	0	1	0	0
1100012	400012	malltop-01	0	0	910009	1	0	1	0	0
1100012	400012	malltop-01	0	0	910010	1	0	1	0	0
1100012	400012	malltop-01	0	0	910011	1	0	1	0	0
1100012	400012	malltop-01	0	0	910012	1	0	1	0	0
1100012	400012	malltop-01	0	0	910013	1	0	1	0	0
1100012	400012	malltop-01	0	0	910014	1	0	1	0	0
1100012	400012	malltop-01	0	0	910015	1	0	1	0	0
1100012	400012	malltop-01	0	0	910016	1	0	1	0	0
1100013	400013	malltop-01	0	0	200301	1	0	1	0	0
1100013	400013	malltop-01	0	0	200304	1	0	1	0	0
1100013	400013	malltop-01	0	0	200306	1	0	1	0	0
1100013	400013	malltop-01	0	0	200315	1	0	1	0	0
1100013	400013	malltop-01	0	0	200316	1	0	1	0	0
1100013	400013	malltop-01	0	0	200320	1	0	1	0	0
1100013	400013	malltop-01	0	0	200339	1	0	1	0	0
1100014	400010	malltop-01	0	0	670005	5	0	0	0	0
1100014	400010	malltop-01	0	0	600011	10	0	0	0	0
1100014	400010	malltop-01	0	0	600012	5	0	0	0	0
1100014	400010	malltop-01	0	0	600107	10	0	0	0	0
1100014	400010	malltop-01	0	0	600108	5	0	0	0	0
1100014	400010	malltop-01	0	0	600301	10	0	0	0	0
1100014	400010	malltop-01	0	0	600302	5	0	0	0	0
1100014	400010	malltop-01	0	0	600402	20	0	0	0	0
1100014	400010	malltop-01	0	0	600501	1	0	0	0	0
1100014	400010	malltop-01	0	0	660001	1	0	0	0	0
1100014	400010	malltop-01	0	0	660002	1	0	0	0	0
1100014	400010	malltop-01	0	0	660003	1	0	0	0	0
1100015	400014	malltop-01	0	0	100402	3	0	0	0	0
1100015	400014	malltop-01	0	0	100414	3	0	0	0	0
1100015	400014	malltop-01	0	0	100415	4	0	0	0	0
1100016	400015	malltop-01	0	0	220501	5	0	1	0	0
1100016	400015	malltop-01	0	0	220502	5	0	1	0	0
1100016	400015	malltop-01	0	0	220503	5	0	1	0	0
1100016	400015	malltop-01	0	0	220504	5	0	1	0	0
1100016	400015	malltop-01	0	0	220506	5	0	1	0	0
1100016	400015	malltop-01	0	0	220507	5	0	1	0	0
1100016	400015	malltop-01	0	0	220508	5	0	1	0	0
1100016	400015	malltop-01	0	0	220509	5	0	1	0	0
1100016	400015	malltop-01	0	0	220510	5	0	1	0	0
1100017	400016	malltop-01	0	0	100201	50	0	1	0	0
1100017	400016	malltop-01	0	0	100202	50	0	1	0	0
1100017	400016	malltop-01	0	0	100203	50	0	1	0	0
1100017	400016	malltop-01	0	0	100206	50	0	1	0	0
1100018	400017	malltop-01	0	0	100257	20	0	1	0	0
1100018	400017	malltop-01	1	8	100265	4	0	1	0	0
1100018	400017	malltop-01	1	5	100261	4	0	1	0	0
1100018	400017	malltop-01	0	0	100258	20	0	1	0	0
1100018	400017	malltop-01	0	0	100259	20	0	1	0	0
1100018	400017	malltop-01	0	0	100260	20	0	1	0	0
1100019	400013	malltop-01	0	0	200317	1	0	1	0	0
1100019	400013	malltop-01	0	0	200319	1	0	1	0	0
1100019	400013	malltop-01	0	0	200324	1	0	1	0	0
1100019	400013	malltop-01	0	0	200341	1	0	1	0	0
1100019	400013	malltop-01	0	0	200342	1	0	1	0	0
1100019	400013	malltop-01	0	0	200343	1	0	1	0	0
1100020	400018	malltop-01	0	0	100169	40	0	1	0	0
1100020	400018	malltop-01	0	0	100162	40	0	1	0	0
1100020	400018	malltop-01	0	0	100164	40	0	1	0	0
1100020	400018	malltop-01	0	0	100186	40	0	1	0	0
1100020	400018	malltop-01	0	0	100170	40	0	1	0	0
1100020	400018	malltop-01	0	0	100172	40	0	1	0	0
1100020	400018	malltop-01	0	0	100183	40	0	1	0	0
1100020	400018	malltop-01	0	0	100158	40	0	1	0	0
1100020	400018	malltop-01	0	0	100163	40	0	1	0	0
1100020	400018	malltop-01	0	0	100156	40	0	1	0	0
1100020	400018	malltop-01	0	0	100165	40	0	1	0	0
1100020	400018	malltop-01	0	0	100177	40	0	1	0	0
1100020	400018	malltop-01	0	0	300009	2	0	1	0	0
1100021	400019	malltop-01	0	0	600017	1	0	1	0	0
1100021	400019	malltop-01	0	0	600015	1	0	1	0	0
1100021	400019	malltop-01	0	0	600109	1	0	1	0	0
1100021	400019	malltop-01	0	0	600110	1	0	1	0	0
1100021	400019	malltop-01	0	0	600306	1	0	1	0	0
1100021	400019	malltop-01	0	0	600123	1	0	1	0	0
1100021	400019	malltop-01	0	0	600504	1	0	1	0	0
1100021	400019	malltop-01	0	0	660004	1	0	1	0	0
1100021	400019	malltop-01	0	0	660005	1	0	1	0	0
1100021	400019	malltop-01	0	0	660008	1	0	1	0	0
1100022	400020	malltop-01	0	0	231001	5	0	1	0	0
1100022	400020	malltop-01	0	0	231002	5	0	1	0	0
1100022	400020	malltop-01	0	0	231003	5	0	1	0	0
1100022	400020	malltop-01	0	0	231004	5	0	1	0	0
1100022	400020	malltop-01	0	0	231005	5	0	1	0	0
1100022	400020	malltop-01	0	0	231006	5	0	1	0	0
1100023	400028	malltop-01	0	0	230001	5	0	1	0	0
1100023	400028	malltop-01	0	0	230002	5	0	1	0	0
1100023	400028	malltop-01	0	0	230003	5	0	1	0	0
1100023	400028	malltop-01	0	0	230004	5	0	1	0	0
1100023	400028	malltop-01	0	0	230005	5	0	1	0	0
1100023	400028	malltop-01	0	0	230006	5	0	1	0	0
1100023	400028	malltop-01	1	3	230007	1	0	1	0	0
1100023	400028	malltop-01	0	0	910058	1	0	1	0	0
1100023	400028	malltop-01	0	0	910059	1	0	1	0	0
1100024	400022	malltop-01	0	0	910017	1	0	1	0	0
1100024	400022	malltop-01	0	0	910018	1	0	1	0	0
1100024	400022	malltop-01	0	0	910019	1	0	1	0	0
1100024	400022	malltop-01	0	0	910020	1	0	1	0	0
1100024	400022	malltop-01	0	0	910021	1	0	1	0	0
1100024	400022	malltop-01	0	0	910022	1	0	1	0	0
1100024	400022	malltop-01	0	0	910023	1	0	1	0	0
1100024	400022	malltop-01	0	0	910024	1	0	1	0	0
1100024	400022	malltop-01	0	0	910025	1	0	1	0	0
1100024	400022	malltop-01	0	0	910026	1	0	1	0	0
1100024	400022	malltop-01	0	0	910027	1	0	1	0	0
1100024	400022	malltop-01	0	0	910028	1	0	1	0	0
1100024	400022	malltop-01	0	0	910029	1	0	1	0	0
1100024	400022	malltop-01	0	0	910030	1	0	1	0	0
1100024	400022	malltop-01	0	0	910031	1	0	1	0	0
1100024	400022	malltop-01	0	0	910032	1	0	1	0	0
1100025	400009	malltop-01	0	0	100051	900	0	1	0	0
1100025	400009	malltop-01	0	0	100053	5	0	1	0	0
1100025	400009	malltop-01	0	0	100101	50	0	1	0	0
1100025	400009	malltop-01	0	0	100010	10	0	1	0	0
1100025	400009	malltop-01	0	0	100102	10	0	1	0	0
1100025	400009	malltop-01	0	0	100105	50	0	1	0	0
1100025	400009	malltop-01	0	0	100106	20	0	1	0	0
1100025	400009	malltop-01	0	0	100107	50	0	1	0	0
1100026	400023	malltop-01	0	0	600007	1	0	1	0	0
1100026	400023	malltop-01	0	0	600021	1	0	1	0	0
1100026	400023	malltop-01	0	0	600404	1	0	1	0	0
1100026	400023	malltop-01	0	0	660006	1	0	1	0	0
1100026	400023	malltop-01	0	0	310006	5	0	1	0	0
1100026	400023	malltop-01	0	0	300009	3	0	1	0	0
1100026	400023	malltop-01	0	0	670001	1	0	1	0	0
1100026	400023	malltop-01	0	0	600104	1	0	1	0	0
1100026	400023	malltop-01	0	0	600115	1	0	1	0	0
1100026	400023	malltop-01	0	0	600117	1	0	1	0	0
1100026	400023	malltop-01	0	0	600018	1	0	1	0	0
1100026	400023	malltop-01	0	0	600016	1	0	1	0	0
1100026	400023	malltop-01	0	0	600009	1	0	1	0	0
1100027	400024	malltop-01	0	0	990007	5	0	1	0	1
1100028	400025	malltop-01	0	0	990026	5	0	1	0	0
1100029	400014	malltop-01	0	0	100280	10	0	1	0	1
1100030	400026	malltop-01	0	0	100601	5	0	1	0	0
1100030	400026	malltop-01	0	0	100602	3	0	1	0	0
1100030	400026	malltop-01	0	0	100603	5	0	1	0	0
1100030	400026	malltop-01	0	0	100604	6	0	1	0	0
1100030	400026	malltop-01	0	0	100605	4	0	1	0	0
1100030	400026	malltop-01	0	0	100606	8	0	1	0	0
1100030	400026	malltop-01	0	0	100607	2	0	1	0	0
1100030	400026	malltop-01	0	0	100608	3	0	1	0	0
1100031	400027	malltop-01	0	0	100365	3	0	0	0	0
1100031	400027	malltop-01	0	0	100359	4	0	0	0	0
1100031	400027	malltop-01	0	0	100360	5	0	0	0	0
1100031	400027	malltop-01	0	0	100361	3	0	0	0	0
1100031	400027	malltop-01	0	0	100362	5	0	0	0	0
1100031	400027	malltop-01	0	0	100363	4	0	0	0	0
1100031	400027	malltop-01	0	0	100364	2	0	0	0	0
1100032	400033	malltop-01	0	0	232001	3	0	1	0	0
1100032	400033	malltop-01	0	0	232002	5	0	1	0	0
1100032	400033	malltop-01	0	0	232003	8	0	1	0	0
1100032	400033	malltop-01	0	0	232004	2	0	1	0	0
1100032	400033	malltop-01	1	7	232005	1	0	1	0	0
1100033	400029	malltop-01	0	0	100311	4	0	0	0	0
1100033	400029	malltop-01	0	0	100312	3	0	0	0	0
1100033	400029	malltop-01	0	0	100313	6	0	0	0	0
1100033	400029	malltop-01	0	0	100316	5	0	0	0	0
1100033	400029	malltop-01	0	0	100317	4	0	0	0	0
1100033	400029	malltop-01	0	0	100318	2	0	0	0	0
1100034	400031	malltop-01	0	0	100403	5	0	0	0	0
1100034	400031	malltop-01	0	0	100404	5	0	0	0	0
1100034	400031	malltop-01	0	0	100410	5	0	0	0	0
1100034	400031	malltop-01	0	0	100411	5	0	0	0	0
1100035	400027	malltop-01	0	0	100365	3	0	0	0	0
1100035	400027	malltop-01	0	0	100359	4	0	0	0	0
1100035	400027	malltop-01	0	0	100360	5	0	0	0	0
1100035	400027	malltop-01	0	0	100361	3	0	0	0	0
1100035	400027	malltop-01	0	0	100362	5	0	0	0	0
1100035	400027	malltop-01	0	0	100363	4	0	0	0	0
1100035	400027	malltop-01	0	0	100364	2	0	0	0	0
1100036	400010	malltop-01	0	0	670004	1	0	0	0	0
1100036	400010	malltop-01	0	0	600014	1	0	0	0	0
1100036	400010	malltop-01	0	0	600013	1	0	0	0	0
1100036	400010	malltop-01	0	0	600011	1	0	0	0	0
1100036	400010	malltop-01	0	0	600012	1	0	0	0	0
1100036	400010	malltop-01	0	0	600102	1	0	0	0	0
1100036	400010	malltop-01	0	0	600109	1	0	0	0	0
1100036	400010	malltop-01	0	0	600302	1	0	0	0	0
1100036	400010	malltop-01	0	0	600303	1	0	0	0	0
1100036	400010	malltop-01	0	0	600401	1	0	0	0	0
1100036	400010	malltop-01	0	0	600122	1	0	0	0	0
1100036	400010	malltop-01	0	0	600501	1	0	0	0	0
1100036	400010	malltop-01	0	0	660004	1	0	0	0	0
1100036	400010	malltop-01	0	0	660005	1	0	0	0	0
1100036	400010	malltop-01	0	0	660003	1	0	0	0	0
1100101	400005	malltop-01	0	0	100257	100	0	1	0	0
1100101	400005	malltop-01	0	0	100258	100	0	1	0	0
1100101	400005	malltop-01	0	0	100259	100	0	1	0	0
1100101	400005	malltop-01	0	0	100260	100	0	1	0	0
1100101	400005	malltop-01	0	0	100261	1	0	1	0	0
1100102	400009	malltop-01	0	0	100051	900	0	1	0	0
1100102	400009	malltop-01	0	0	100053	5	0	1	0	0
1100102	400009	malltop-01	0	0	100101	50	0	1	0	0
1100102	400009	malltop-01	0	0	100010	10	0	1	0	0
1100102	400009	malltop-01	0	0	100102	10	0	1	0	0
1100102	400009	malltop-01	0	0	100105	50	0	1	0	0
1100102	400009	malltop-01	0	0	100106	50	0	1	0	0
1100102	400009	malltop-01	0	0	100107	50	0	1	0	0
1100103	400030	malltop-01	0	0	300005	5	0	0	0	0
1100103	400030	malltop-01	0	0	300008	5	0	0	0	0
1100103	400030	malltop-01	0	0	310006	5	0	0	0	0
1120001	400101	malltop-01	0	0	100365	3	0	1	0	0
1120001	400101	malltop-01	0	0	100366	3	0	1	0	0
1120001	400101	malltop-01	0	0	100367	3	0	1	0	0
1120001	400101	malltop-01	0	0	100368	3	0	1	0	0
1120001	400101	malltop-01	0	0	100369	3	0	1	0	0
1120002	400101	malltop-01	0	0	100365	4	0	0	0	0
1120002	400101	malltop-01	0	0	100366	7	0	0	0	0
1120002	400101	malltop-01	0	0	100367	8	0	0	0	0
1120002	400101	malltop-01	0	0	100368	5	0	0	0	0
1120002	400101	malltop-01	0	0	100369	6	0	0	0	0
1120002	400101	malltop-01	0	0	100406	3	0	0	0	0
1120002	400101	malltop-01	0	0	100407	4	0	0	0	0
1120003	400102	malltop-01	0	0	100416	5	0	0	0	0
1120004	400103	malltop-01	0	0	100257	10	0	1	0	0
1120004	400103	malltop-01	0	0	100258	10	0	1	0	0
1120004	400103	malltop-01	0	0	100259	10	0	1	0	0
1120004	400103	malltop-01	0	0	100260	10	0	1	0	0
1120005	400104	malltop-01	0	0	100417	7	0	0	0	0
1120006	400105	malltop-01	0	0	231008	3	0	1	0	0
1120006	400105	malltop-01	0	0	231009	3	0	1	0	0
1120006	400105	malltop-01	0	0	231010	3	0	1	0	0
1120006	400105	malltop-01	0	0	231011	3	0	1	0	0
1120006	400105	malltop-01	0	0	231012	3	0	1	0	0
1120007	400106	malltop-01	0	0	100306	6	0	0	0	0
1120007	400106	malltop-01	0	0	100307	8	0	0	0	0
1120007	400106	malltop-01	0	0	100308	5	0	0	0	0
1120007	400106	malltop-01	0	0	100309	4	0	0	0	0
1120007	400106	malltop-01	0	0	100310	6	0	0	0	0
1120008	400107	malltop-01	0	0	100160	50	0	1	0	0
1120008	400107	malltop-02	0	0	100177	50	0	1	0	0
1120008	400107	malltop-03	0	0	100178	50	0	1	0	0
1120008	400107	malltop-04	0	0	100181	50	0	1	0	0
1120008	400107	malltop-05	0	0	100182	50	0	1	0	0
1120008	400107	malltop-06	0	0	100168	50	0	1	0	0
1120008	400107	malltop-07	0	0	100167	50	0	1	0	0
1120008	400107	malltop-08	0	0	100185	50	0	1	0	0
1120008	400107	malltop-09	0	0	100169	50	0	1	0	0
1120008	400107	malltop-10	0	0	100162	50	0	1	0	0
1120008	400107	malltop-10	0	0	100164	50	0	1	0	0
1120008	400107	malltop-10	0	0	100186	50	0	1	0	0
1120008	400107	malltop-10	0	0	100170	50	0	1	0	0
1120008	400107	malltop-10	0	0	100172	50	0	1	0	0
1120008	400107	malltop-10	0	0	100183	50	0	1	0	0
1120008	400107	malltop-10	0	0	100163	50	0	1	0	0
1120008	400107	malltop-10	0	0	100158	50	0	1	0	0
1120008	400107	malltop-10	0	0	100152	50	0	1	0	0
1120008	400107	malltop-10	0	0	100187	50	0	1	0	0
1120008	400107	malltop-10	0	0	100156	50	0	1	0	0
1120008	400107	malltop-10	0	0	300009	2	0	1	0	0
1120008	400107	malltop-10	0	0	100165	50	0	1	0	0
1120008	400107	malltop-10	0	0	100177	50	0	1	0	0
1120009	400108	malltop-01	0	0	100408	7	0	0	0	0
1120009	400108	malltop-01	0	0	100410	5	0	0	0	0
1120009	400108	malltop-01	0	0	100369	5	0	0	0	0
1120010	400109	malltop-10	0	0	600008	1	0	1	0	0
1120010	400109	malltop-10	0	0	600022	1	0	1	0	0
1120010	400109	malltop-10	0	0	600105	1	0	1	0	0
1120010	400109	malltop-10	0	0	600111	1	0	1	0	0
1120010	400109	malltop-10	0	0	600308	1	0	1	0	0
1120010	400109	malltop-10	0	0	600502	1	0	1	0	0
1120010	400109	malltop-10	0	0	660009	1	0	1	0	0
1120010	400109	malltop-10	0	0	660010	1	0	1	0	0
1120010	400109	malltop-10	0	0	670003	1	0	1	0	0
1120010	400109	malltop-10	0	0	670004	1	0	1	0	0
1120011	400110	malltop-10	0	0	910033	1	0	1	0	0
1120011	400110	malltop-10	0	0	910034	1	0	1	0	0
1120011	400110	malltop-10	0	0	910035	1	0	1	0	0
1120011	400110	malltop-10	0	0	910036	1	0	1	0	0
1120011	400110	malltop-10	0	0	910037	1	0	1	0	0
1120011	400110	malltop-10	0	0	910038	1	0	1	0	0
1120011	400110	malltop-10	0	0	910039	1	0	1	0	0
1120011	400110	malltop-10	0	0	910040	1	0	1	0	0
1120011	400110	malltop-10	0	0	910041	1	0	1	0	0
1120011	400110	malltop-10	0	0	910042	1	0	1	0	0
1120011	400110	malltop-10	0	0	910043	1	0	1	0	0
1120011	400110	malltop-10	0	0	910044	1	0	1	0	0
1120011	400110	malltop-10	0	0	910045	1	0	1	0	0
1120011	400110	malltop-10	0	0	910046	1	0	1	0	0
1120011	400110	malltop-10	0	0	910047	1	0	1	0	0
1120011	400110	malltop-10	0	0	910048	1	0	1	0	0
1120012	400111	malltop-10	0	0	100051	900	0	1	0	0
1120012	400111	malltop-10	0	0	100053	5	0	1	0	0
1120012	400111	malltop-10	0	0	100101	50	0	1	0	0
1120012	400111	malltop-10	0	0	100010	10	0	1	0	0
1120012	400111	malltop-10	0	0	100102	10	0	1	0	0
1120012	400111	malltop-10	0	0	100105	50	0	1	0	0
1120012	400111	malltop-10	0	0	100106	50	0	1	0	0
1120012	400111	malltop-10	0	0	100107	50	0	1	0	0
1120013	400108	malltop-01	0	0	100365	5	0	0	0	0
1120013	400108	malltop-01	0	0	100366	5	0	0	0	0
1120013	400108	malltop-01	0	0	100367	5	0	0	0	0
1120013	400108	malltop-01	0	0	100368	5	0	0	0	0
1120013	400108	malltop-01	0	0	100369	5	0	0	0	0
1130001	400018	malltop-01	0	0	100175	5	0	1	0	0
1130001	400018	malltop-01	0	0	100151	5	0	1	0	0
1130001	400018	malltop-01	0	0	100164	20	0	1	0	0
1130001	400018	malltop-01	0	0	100186	20	0	1	0	0
1130001	400018	malltop-01	0	0	100170	20	0	1	0	0
1130001	400018	malltop-01	0	0	100172	20	0	1	0	0
1130001	400018	malltop-01	0	0	100183	20	0	1	0	0
1130001	400018	malltop-01	0	0	100158	20	0	1	0	0
1130001	400018	malltop-01	0	0	100163	20	0	1	0	0
1130001	400018	malltop-01	0	0	100156	20	0	1	0	0
1130001	400018	malltop-01	0	0	100165	20	0	1	0	0
1130001	400018	malltop-01	0	0	100177	20	0	1	0	0
5100001	411008	malltop-01	0	0	100351	10	0	0	0	0
5100001	411008	malltop-01	0	0	100352	5	0	0	0	0
5100001	411008	malltop-01	0	0	100353	5	0	0	0	0
5100001	411008	malltop-01	0	0	100354	5	0	0	0	0
5100001	411008	malltop-01	0	0	100355	3	0	0	0	0
5100002	400011	malltop-01	0	0	100151	10	0	1	0	0
5100002	400011	malltop-01	0	0	100154	10	0	1	0	0
5100002	400011	malltop-01	0	0	100152	10	0	1	0	0
5100002	400011	malltop-01	0	0	100157	10	0	1	0	0
5100002	400011	malltop-01	0	0	100158	10	0	1	0	0
5100002	400011	malltop-01	0	0	100160	10	0	1	0	0
5100002	400011	malltop-01	0	0	100163	10	0	1	0	0
5100002	400011	malltop-01	1	5	300003	5	0	1	0	0
5100002	400011	malltop-01	1	6	300005	5	0	1	0	0
5100002	400011	malltop-01	1	4	300007	5	0	1	0	0
5100002	400011	malltop-01	1	7	300009	2	0	1	0	0
5100002	400011	malltop-01	0	0	310006	1	0	1	0	0
5100002	400011	malltop-01	1	1	300014	3	0	1	0	0
5100003	400032	malltop-01	0	0	100258	5	0	1	0	0
5100003	400032	malltop-01	0	0	100261	3	0	1	0	0
5100003	400032	malltop-01	1	4	100266	2	0	1	0	0
5100003	400032	malltop-01	1	6	100267	2	0	1	0	0
5100003	400032	malltop-01	1	5	100265	2	0	1	0	0
5100003	400032	malltop-01	0	0	100054	1	0	1	0	0
5100003	400032	malltop-01	0	0	100051	900	0	1	0	0
9000001	400112	malltop-00	0	0	100051	9999	0	1	0	0
9000001	400112	malltop-00	0	0	100054	1	0	1	0	0
9000001	400112	malltop-00	0	0	100105	999	0	1	0	0
9000001	400112	malltop-00	0	0	100106	200	0	1	0	0
9000001	400112	malltop-00	0	0	100102	1	0	1	0	0
9000001	400112	malltop-00	0	0	100101	999	0	1	0	0
9000001	400112	malltop-00	0	0	100107	999	0	1	0	0
9000001	400112	malltop-00	0	0	600002	10	0	1	0	0
9000001	400112	malltop-00	0	0	600003	5	0	1	0	0
9000001	400112	malltop-00	0	0	600011	20	0	1	0	0
9000001	400112	malltop-00	0	0	600102	1	0	1	0	0
9000001	400112	malltop-00	0	0	600302	5	0	1	0	0
9000001	400112	malltop-00	0	0	600402	5	0	1	0	0
9000001	400112	malltop-00	0	0	600501	1	0	1	0	0
9000001	400112	malltop-00	0	0	670005	5	0	1	0	0
9000001	400112	malltop-00	0	0	100001	180	0	1	0	0
9000001	400112	malltop-00	0	0	100002	150	0	1	0	0
9000001	400112	malltop-00	0	0	100003	120	0	1	0	0
9000001	400112	malltop-00	0	0	100004	90	0	1	0	0
9000001	400112	malltop-00	0	0	100005	60	0	1	0	0
9000001	400112	malltop-00	0	0	100006	30	0	1	0	0
9000001	400112	malltop-00	0	0	100007	5	0	1	0	0
9000001	400112	malltop-00	0	0	100008	5	0	1	0	0
9000001	400112	malltop-00	0	0	100009	5	0	1	0	0
9000001	400112	malltop-00	0	0	100160	50	0	1	0	0
9000001	400112	malltop-00	0	0	100177	50	0	1	0	0
9000001	400112	malltop-00	0	0	100178	50	0	1	0	0
9000001	400112	malltop-00	0	0	100181	50	0	1	0	0
9000001	400112	malltop-00	0	0	100182	50	0	1	0	0
9000001	400112	malltop-00	0	0	100168	50	0	1	0	0
9000001	400112	malltop-00	0	0	100167	50	0	1	0	0
9000001	400112	malltop-00	0	0	100185	50	0	1	0	0
9000001	400112	malltop-00	0	0	100169	50	0	1	0	0
9000001	400112	malltop-00	0	0	100162	50	0	1	0	0
9000001	400112	malltop-00	0	0	100164	50	0	1	0	0
9000001	400112	malltop-00	0	0	100186	50	0	1	0	0
9000001	400112	malltop-00	0	0	100170	50	0	1	0	0
9000001	400112	malltop-00	0	0	100172	50	0	1	0	0
9000001	400112	malltop-00	0	0	100183	50	0	1	0	0
9000001	400112	malltop-00	0	0	100163	50	0	1	0	0
9000001	400112	malltop-00	0	0	100158	50	0	1	0	0
9000001	400112	malltop-00	0	0	100152	50	0	1	0	0
9000001	400112	malltop-00	0	0	100187	50	0	1	0	0
9000001	400112	malltop-00	0	0	100156	50	0	1	0	0
9000001	400112	malltop-00	0	0	100171	50	0	1	0	0
9000001	400112	malltop-00	0	0	100165	50	0	1	0	0
9000001	400112	malltop-00	0	0	300009	2	0	1	0	0
9000002	400112	malltop-00	0	0	100051	9999	0	1	0	0
9000002	400112	malltop-00	0	0	100055	1	0	1	0	0
9000002	400112	malltop-00	0	0	100105	999	0	1	0	0
9000002	400112	malltop-00	0	0	100106	300	0	1	0	0
9000002	400112	malltop-00	0	0	100103	1	0	1	0	0
9000002	400112	malltop-00	0	0	100101	999	0	1	0	0
9000002	400112	malltop-00	0	0	100107	999	0	1	0	0
9000002	400112	malltop-00	0	0	600017	10	0	1	0	0
9000002	400112	malltop-00	0	0	600002	5	0	1	0	0
9000002	400112	malltop-00	0	0	600011	20	0	1	0	0
9000002	400112	malltop-00	0	0	600003	1	0	1	0	0
9000002	400112	malltop-00	0	0	600103	5	0	1	0	0
9000002	400112	malltop-00	0	0	600304	5	0	1	0	0
9000002	400112	malltop-00	0	0	600123	5	0	1	0	0
9000002	400112	malltop-00	0	0	600501	1	0	1	0	0
9000002	400112	malltop-00	0	0	670004	5	0	1	0	0
9000002	400112	malltop-00	0	0	100001	180	0	1	0	0
9000002	400112	malltop-00	0	0	100002	150	0	1	0	0
9000002	400112	malltop-00	0	0	100003	120	0	1	0	0
9000002	400112	malltop-00	0	0	100004	90	0	1	0	0
9000002	400112	malltop-00	0	0	100005	60	0	1	0	0
9000002	400112	malltop-00	0	0	100006	30	0	1	0	0
9000002	400112	malltop-00	0	0	100007	5	0	1	0	0
9000002	400112	malltop-00	0	0	100008	5	0	1	0	0
9000002	400112	malltop-00	0	0	100009	5	0	1	0	0
9000002	400112	malltop-00	0	0	100151	50	0	1	0	0
9000002	400112	malltop-00	0	0	100153	50	0	1	0	0
9000002	400112	malltop-00	0	0	100154	50	0	1	0	0
9000002	400112	malltop-00	0	0	100155	50	0	1	0	0
9000002	400112	malltop-00	0	0	100157	50	0	1	0	0
9000002	400112	malltop-00	0	0	100159	50	0	1	0	0
9000002	400112	malltop-00	0	0	100161	50	0	1	0	0
9000002	400112	malltop-00	0	0	100166	50	0	1	0	0
9000002	400112	malltop-00	0	0	100173	50	0	1	0	0
9000002	400112	malltop-00	0	0	100174	50	0	1	0	0
9000002	400112	malltop-00	0	0	100175	50	0	1	0	0
9000002	400112	malltop-00	0	0	100176	50	0	1	0	0
9000002	400112	malltop-00	0	0	100179	50	0	1	0	0
9000002	400112	malltop-00	0	0	100180	50	0	1	0	0
9000002	400112	malltop-00	0	0	100182	50	0	1	0	0
9000002	400112	malltop-00	0	0	100185	50	0	1	0	0
9000002	400112	malltop-00	0	0	100152	50	0	1	0	0
9000002	400112	malltop-00	0	0	100187	50	0	1	0	0
9000002	400112	malltop-00	0	0	100162	50	0	1	0	0
9000002	400112	malltop-00	0	0	100164	50	0	1	0	0
9000002	400112	malltop-00	0	0	100186	50	0	1	0	0
9000002	400112	malltop-00	0	0	100183	50	0	1	0	0
9000002	400112	malltop-00	0	0	300009	2	0	1	0	0
9000003	400112	malltop-00	0	0	100051	9999	0	1	0	0
9000003	400112	malltop-00	0	0	100057	1	0	1	0	0
9000003	400112	malltop-00	0	0	100105	999	0	1	0	0
9000003	400112	malltop-00	0	0	100106	400	0	1	0	0
9000003	400112	malltop-00	0	0	100104	1	0	1	0	0
9000003	400112	malltop-00	0	0	100101	999	0	1	0	0
9000003	400112	malltop-00	0	0	100107	999	0	1	0	0
9000003	400112	malltop-00	0	0	600002	10	0	1	0	0
9000003	400112	malltop-00	0	0	600003	5	0	1	0	0
9000003	400112	malltop-00	0	0	600011	20	0	1	0	0
9000003	400112	malltop-00	0	0	600021	1	0	1	0	0
9000003	400112	malltop-00	0	0	600112	1	0	1	0	0
9000003	400112	malltop-00	0	0	600305	1	0	1	0	0
9000003	400112	malltop-00	0	0	600401	10	0	1	0	0
9000003	400112	malltop-00	0	0	600504	1	0	1	0	0
9000003	400112	malltop-00	0	0	670004	5	0	1	0	0
9000003	400112	malltop-00	0	0	100001	180	0	1	0	0
9000003	400112	malltop-00	0	0	100002	150	0	1	0	0
9000003	400112	malltop-00	0	0	100003	120	0	1	0	0
9000003	400112	malltop-00	0	0	100004	90	0	1	0	0
9000003	400112	malltop-00	0	0	100005	60	0	1	0	0
9000003	400112	malltop-00	0	0	100006	30	0	1	0	0
9000003	400112	malltop-00	0	0	100007	5	0	1	0	0
9000003	400112	malltop-00	0	0	100008	5	0	1	0	0
9000003	400112	malltop-00	0	0	100009	5	0	1	0	0
9000003	400112	malltop-00	0	0	100160	50	0	1	0	0
9000003	400112	malltop-00	0	0	100177	50	0	1	0	0
9000003	400112	malltop-00	0	0	100178	50	0	1	0	0
9000003	400112	malltop-00	0	0	100181	50	0	1	0	0
9000003	400112	malltop-00	0	0	100182	50	0	1	0	0
9000003	400112	malltop-00	0	0	100168	50	0	1	0	0
9000003	400112	malltop-00	0	0	100167	50	0	1	0	0
9000003	400112	malltop-00	0	0	100185	50	0	1	0	0
9000003	400112	malltop-00	0	0	100169	50	0	1	0	0
9000003	400112	malltop-00	0	0	100162	50	0	1	0	0
9000003	400112	malltop-00	0	0	100164	50	0	1	0	0
9000003	400112	malltop-00	0	0	100186	50	0	1	0	0
9000003	400112	malltop-00	0	0	100170	50	0	1	0	0
9000003	400112	malltop-00	0	0	100172	50	0	1	0	0
9000003	400112	malltop-00	0	0	100183	50	0	1	0	0
9000003	400112	malltop-00	0	0	100163	50	0	1	0	0
9000003	400112	malltop-00	0	0	100158	50	0	1	0	0
9000003	400112	malltop-00	0	0	100152	50	0	1	0	0
9000003	400112	malltop-00	0	0	100187	50	0	1	0	0
9000003	400112	malltop-00	0	0	100156	50	0	1	0	0
9000003	400112	malltop-00	0	0	100171	50	0	1	0	0
9000003	400112	malltop-00	0	0	100165	50	0	1	0	0
9000003	400112	malltop-00	0	0	300009	2	0	1	0	0
9000004	400112	malltop-00	0	0	100051	9999	0	1	0	0
9000004	400112	malltop-00	0	0	100058	1	0	1	0	0
9000004	400112	malltop-00	0	0	100105	999	0	1	0	0
9000004	400112	malltop-00	0	0	100106	400	0	1	0	0
9000004	400112	malltop-00	0	0	100104	1	0	1	0	0
9000004	400112	malltop-00	0	0	100101	999	0	1	0	0
9000004	400112	malltop-00	0	0	100107	999	0	1	0	0
9000004	400112	malltop-00	0	0	600002	5	0	1	0	0
9000004	400112	malltop-00	0	0	600003	10	0	1	0	0
9000004	400112	malltop-00	0	0	600011	20	0	1	0	0
9000004	400112	malltop-00	0	0	600023	1	0	1	0	0
9000004	400112	malltop-00	0	0	600114	1	0	1	0	0
9000004	400112	malltop-00	0	0	600308	1	0	1	0	0
9000004	400112	malltop-00	0	0	600402	1	0	1	0	0
9000004	400112	malltop-00	0	0	600502	1	0	1	0	0
9000004	400112	malltop-00	0	0	670003	1	0	1	0	0
9000004	400112	malltop-00	0	0	100001	180	0	1	0	0
9000004	400112	malltop-00	0	0	100002	150	0	1	0	0
9000004	400112	malltop-00	0	0	100003	120	0	1	0	0
9000004	400112	malltop-00	0	0	100004	90	0	1	0	0
9000004	400112	malltop-00	0	0	100005	60	0	1	0	0
9000004	400112	malltop-00	0	0	100006	30	0	1	0	0
9000004	400112	malltop-00	0	0	100007	5	0	1	0	0
9000004	400112	malltop-00	0	0	100008	5	0	1	0	0
9000004	400112	malltop-00	0	0	100009	5	0	1	0	0
9000004	400112	malltop-00	0	0	100151	50	0	1	0	0
9000004	400112	malltop-00	0	0	100153	50	0	1	0	0
9000004	400112	malltop-00	0	0	100154	50	0	1	0	0
9000004	400112	malltop-00	0	0	100155	50	0	1	0	0
9000004	400112	malltop-00	0	0	100159	50	0	1	0	0
9000004	400112	malltop-00	0	0	100161	50	0	1	0	0
9000004	400112	malltop-00	0	0	100166	50	0	1	0	0
9000004	400112	malltop-00	0	0	100173	50	0	1	0	0
9000004	400112	malltop-00	0	0	100174	50	0	1	0	0
9000004	400112	malltop-00	0	0	100175	50	0	1	0	0
9000004	400112	malltop-00	0	0	100176	50	0	1	0	0
9000004	400112	malltop-00	0	0	100179	50	0	1	0	0
9000004	400112	malltop-00	0	0	100180	50	0	1	0	0
9000004	400112	malltop-00	0	0	100184	50	0	1	0	0
9000004	400112	malltop-00	0	0	100182	50	0	1	0	0
9000004	400112	malltop-00	0	0	100185	50	0	1	0	0
9000004	400112	malltop-00	0	0	100152	50	0	1	0	0
9000004	400112	malltop-00	0	0	100187	50	0	1	0	0
9000004	400112	malltop-00	0	0	100162	50	0	1	0	0
9000004	400112	malltop-00	0	0	100164	50	0	1	0	0
9000004	400112	malltop-00	0	0	100186	50	0	1	0	0
9000004	400112	malltop-00	0	0	100183	50	0	1	0	0
9000004	400112	malltop-00	0	0	300009	2	0	1	0	0
9000005	400112	malltop-00	0	0	100056	1	0	1	0	0
9000005	400112	malltop-00	0	0	100314	5	0	1	0	0
9000005	400112	malltop-00	0	0	100318	5	0	1	0	0
9000005	400112	malltop-00	0	0	100369	5	0	1	0	0
9000005	400112	malltop-00	0	0	100359	5	0	1	0	0
9000005	400112	malltop-00	0	0	100366	5	0	1	0	0
9000005	400112	malltop-00	0	0	100371	5	0	1	0	0
9000005	400112	malltop-00	0	0	100301	5	0	1	0	0
9000005	400112	malltop-00	0	0	100601	5	0	1	0	0
9000005	400112	malltop-00	0	0	232001	5	0	1	0	0
9000005	400112	malltop-00	0	0	231002	5	0	1	0	0
9000005	400112	malltop-00	0	0	230001	5	0	1	0	0
9000005	400112	malltop-00	0	0	220503	5	0	1	0	0
9000005	400112	malltop-00	0	0	220504	5	0	1	0	0
9000005	400112	malltop-00	0	0	220404	1	0	1	0	0
9000005	400112	malltop-00	0	0	910061	1	0	1	0	0
9000005	400112	malltop-00	0	0	930002	10	0	1	0	0
9000005	400112	malltop-00	0	0	990016	1	0	1	0	0
9000006	400112	malltop-00	0	0	100058	1	0	1	0	0
9000006	400112	malltop-00	0	0	100314	5	0	1	0	0
9000006	400112	malltop-00	0	0	100318	5	0	1	0	0
9000006	400112	malltop-00	0	0	100369	5	0	1	0	0
9000006	400112	malltop-00	0	0	100359	5	0	1	0	0
9000006	400112	malltop-00	0	0	100366	5	0	1	0	0
9000006	400112	malltop-00	0	0	100371	5	0	1	0	0
9000006	400112	malltop-00	0	0	100301	5	0	1	0	0
9000006	400112	malltop-00	0	0	100601	5	0	1	0	0
9000006	400112	malltop-00	0	0	232002	5	0	1	0	0
9000006	400112	malltop-00	0	0	231002	5	0	1	0	0
9000006	400112	malltop-00	0	0	230001	5	0	1	0	0
9000006	400112	malltop-00	0	0	220503	5	0	1	0	0
9000006	400112	malltop-00	0	0	220504	5	0	1	0	0
9000006	400112	malltop-00	0	0	220405	1	0	1	0	0
9000006	400112	malltop-00	0	0	910062	1	0	1	0	0
9000006	400112	malltop-00	0	0	930002	10	0	1	0	0
9000006	400112	malltop-00	0	0	990017	1	0	1	0	0
9000007	400112	malltop-00	0	0	100059	1	0	1	0	0
9000007	400112	malltop-00	0	0	100314	5	0	1	0	0
9000007	400112	malltop-00	0	0	100318	5	0	1	0	0
9000007	400112	malltop-00	0	0	100369	5	0	1	0	0
9000007	400112	malltop-00	0	0	100359	5	0	1	0	0
9000007	400112	malltop-00	0	0	100366	5	0	1	0	0
9000007	400112	malltop-00	0	0	100371	5	0	1	0	0
9000007	400112	malltop-00	0	0	100301	5	0	1	0	0
9000007	400112	malltop-00	0	0	100601	5	0	1	0	0
9000007	400112	malltop-00	0	0	232003	5	0	1	0	0
9000007	400112	malltop-00	0	0	231002	5	0	1	0	0
9000007	400112	malltop-00	0	0	230001	5	0	1	0	0
9000007	400112	malltop-00	0	0	220503	5	0	1	0	0
9000007	400112	malltop-00	0	0	220504	5	0	1	0	0
9000007	400112	malltop-00	0	0	220406	1	0	1	0	0
9000007	400112	malltop-00	0	0	910063	1	0	1	0	0
9000007	400112	malltop-00	0	0	930002	10	0	1	0	0
9000007	400112	malltop-00	0	0	990013	1	0	1	0	0
9000007	400112	malltop-00	0	0	990018	1	0	1	0	0
9000008	400112	malltop-00	0	0	920017	1	0	1	0	0
9000009	400112	malltop-00	0	0	300016	1	0	1	0	0
9000010	400112	malltop-00	0	0	920016	1	0	1	0	0
9340001	400113	malltop-01	0	0	300002	3	0	1	0	0
9340001	400113	malltop-01	0	0	300006	5	0	1	0	0
9340001	400113	malltop-01	0	0	300008	2	0	1	0	0
9340001	400113	malltop-01	0	0	310006	1	0	1	0	0
9340001	400113	malltop-01	0	0	300013	1	0	1	0	0