#iNpcID	sCoordinate	iNpcType	sSCondition	iMovieType	sDialogueQID	sMobileQID	sSpecialSet	iTalkSteer	iStoreID	iMaxTalk
100138001	(146.13,111.24,122.5,90,stand02,179,0,0)*(154.4,111.37,128.12,90,stand02,15,0,0)*(168.54,111.72,123.66,90,stand02,14,0,0)	0	0	4	N100138902	N100138902	0	0	0	0
110101001	(168.94,111.48,135.19,1,stand01,183,0,0)*(168.21,111.32,129.22,0.1,stand01,224,0,0)*(149.66,111.21,127.02,20,stand01,295,0,0)*(165.74,111.67,124.11,10,stand01,133,0,0)*(175.58,111.49,123.77,0.1,stand01,153,0,0)*(181.4,111.43,115.42,0.1,stand01,114,0,0)*(191.53,111.48,117.58,0.1,stand01,0,0,0)*(194.25,111.49,127.47,1,stand01,277,0,0)	0	0	5	N110101001	N110101001	0	0	0	0
110101002	(194.25,111.49,127.47,39,stand01,277,390012,0)*(194.25,111.49,127.47,1,action01,277,0,0)	0	0	2	N110101003	N110101003	0	0	0	7
110101003	(194.25,111.49,127.47,1,stand01,277,0,0)*(191.45,111.42,120.62,0.1,stand01,181,0,0)*(190.85,111.49,118.05,0.1,stand01,234,0,0)*(181.72,111.45,114.85,0.1,stand01,305,0,0)*(175.85,111.5,123.41,0.1,stand01,336,0,0)*(170.92,111.49,127.96,0.1,stand01,322,0,0)*(169.58,111.55,135.05,1,stand01,349,0,0)	0	0	3	N110101002	N110101002	0	0	0	0
110102001	(130.27,45.37,16.95,1,stand01,85,0,0)*(136.56,46.91,19.56,0.1,stand01,0,0,0)*(143.97,46.79,35.98,0.1,stand01,322,0,0)*(134.08,54,42.87,0.1,stand01,335,0,0)*(140.11,63.36,60.85,5,stand01,316,390011,0)*(130.42,69.73,62.34,0.1,stand01,229,0,0)*(126.12,75.09,48.56,0.1,stand01,171,0,0)*(126.6,82.38,34.13,0.1,stand01,189,0,0)*(119.59,89.82,29.44,0.1,stand01,293,0,0)*(117.78,100.01,54.53,0.1,stand01,284,0,0)*(113.21,104.79,47.93,6,stand01,183,390011,0)*(110.46,107.92,41.05,0.1,stand01,255,0,0)*(106.53,109.42,43.36,0.1,stand01,0,0,0)*(112.3,111.24,63.19,5,stand01,0,390011,0)*(116.54,111.51,91.17,0.1,stand01,20,0,0)*(148.76,111.18,126.6,0.1,stand01,88,0,0)*(177.15,111.49,123.83,0.1,stand01,158,0,0)*(181.44,111.45,114.42,0.1,stand01,98,0,0)*(191.7,111.64,119.49,0.1,stand01,0,0,0)*(188.35,111.47,125.45,1,stand01,88,0,0)	0	0	5	N110102001	N110102001	0	0	0	0
110102002	(188.35,111.47,125.45,26,stand01,88,0,0)*(188.35,111.47,125.45,1,stand02,88,0,0)	0	0	2	N110102002	N110102002	0	0	0	0
110102003	(188.35,111.47,125.45,1,stand01,88,0,0)*(191.7,111.64,119.59,0.1,stand01,184,0,0)*(181.52,111.45,114.38,0.1,stand01,312,0,0)*(177.2,111.49,123.74,0.1,stand01,328,0,0)*(148.86,111.18,126.61,0.1,stand01,262,0,0)*(116.57,111.51,91.26,0.1,stand01,197,0,0)*(112.32,111.24,63.29,0.1,stand01,194,0,0)*(106.5,109.42,43.45,0.1,stand01,149,0,0)*(110.37,107.92,41.02,0.1,stand01,70,0,0)*(113.19,104.79,47.84,0.1,stand01,27,0,0)*(117.7,100.01,54.58,0.1,stand01,137,0,0)*(119.49,89.82,29.46,0.1,stand01,86,0,0)*(126.57,82.38,34.03,0.1,stand01,19,0,0)*(126.12,75.09,48.46,0.1,stand01,359,0,0)*(130.34,69.73,62.27,0.1,stand01,49,0,0)*(140.04,63.36,60.92,0.1,stand01,141,0,0)*(134.06,54,42.97,0.1,stand01,175,0,0)*(143.91,46.79,36.06,0.1,stand01,144,0,0)*(136.59,46.91,19.65,0.1,stand01,217,0,0)*(130.37,45.37,16.97,1,stand01,247,0,0)	0	0	3	N110102003	N110102003	0	0	0	0
400108001	(130.27,45.37,16.95,1,stand01,85,0,0)*(136.56,46.91,19.56,0.1,stand01,0,0,0)*(143.97,46.79,35.98,7,stand01,322,390011,0)*(134.08,54,42.87,0.1,stand01,335,0,0)*(140.11,63.36,60.85,0.1,stand01,316,0,0)*(130.42,69.73,62.34,0.1,stand01,229,0,0)*(126.12,75.09,48.56,0.1,stand01,171,0,0)*(126.6,82.38,34.13,0.1,stand01,189,0,0)*(119.59,89.82,29.44,7,stand01,293,390011,0)*(117.78,100.01,54.53,0.1,stand01,284,0,0)*(113.21,104.79,47.93,0.1,stand01,183,0,0)*(110.46,107.92,41.05,7,stand01,255,390011,0)*(106.53,109.42,43.36,0.1,stand01,0,0,0)*(112.3,111.24,63.19,0.1,stand01,0,0,0)*(116.54,111.51,91.17,0.1,stand01,20,0,0)*(148.76,111.18,126.6,0.1,stand01,88,0,0)*(177.15,111.49,123.83,7,stand01,158,390011,0)*(181.44,111.45,114.42,0.1,stand01,98,0,0)*(191.7,111.64,119.49,2,stand01,0,0,0)*(192.32,111.49,129.34,1,stand01,125,0,0)	0	0	5	N400108901	N400108901	0	0	0	0
400108002	(192.32,111.49,129.34,19,stand01,125,0,0)*(192.32,111.49,129.34,1,stand02,125,0,0)	0	0	2	N400108902	N400108902	0	0	0	0
400108003	(192.32,111.49,129.34,1,stand01,125,0,0)*(191.7,111.64,119.59,0.1,stand01,184,0,0)*(181.52,111.45,114.38,7,stand01,312,0,0)*(177.2,111.49,123.74,0.1,stand01,328,0,0)*(148.86,111.18,126.61,0.1,stand01,262,0,0)*(116.57,111.51,91.26,0.1,stand01,197,0,0)*(112.32,111.24,63.29,0.1,stand01,194,0,0)*(106.5,109.42,43.45,0.1,stand01,149,0,0)*(110.37,107.92,41.02,7,stand01,70,0,0)*(113.19,104.79,47.84,0.1,stand01,27,0,0)*(117.7,100.01,54.58,0.1,stand01,137,0,0)*(119.49,89.82,29.46,0.1,stand01,86,0,0)*(126.57,82.38,34.03,0.1,stand01,19,0,0)*(126.12,75.09,48.46,7,stand01,359,0,0)*(130.34,69.73,62.27,0.1,stand01,49,0,0)*(140.04,63.36,60.92,0.1,stand01,141,0,0)*(134.06,54,42.97,0.1,stand01,175,0,0)*(143.91,46.79,36.06,7,stand01,144,0,0)*(136.59,46.91,19.65,0.1,stand01,217,0,0)*(130.37,45.37,16.97,1,stand01,247,0,0)	0	0	3	N400108903	N400108903	0	0	0	0
300060001	(130.27,45.37,16.95,1,stand01,85,0,0)*(136.56,46.91,19.56,0.1,stand01,0,0,0)*(143.97,46.79,35.98,0.1,stand01,322,0,0)*(134.08,54,42.87,0.1,stand01,335,0,0)*(140.11,63.36,60.85,0.1,stand01,316,0,0)*(130.42,69.73,62.34,0.1,stand01,229,0,0)*(126.12,75.09,48.56,0.1,stand01,171,0,0)*(126.6,82.38,34.13,0.1,stand01,189,0,0)*(119.59,89.82,29.44,0.1,stand01,293,0,0)*(117.78,100.01,54.53,0.1,stand01,284,0,0)*(113.21,104.79,47.93,0.1,stand01,183,0,0)*(110.46,107.92,41.05,0.1,stand01,255,0,0)*(106.53,109.42,43.36,0.1,stand01,0,0,0)*(112.3,111.24,63.19,0.1,stand01,0,0,0)*(116.54,111.51,91.17,0.1,stand01,20,0,0)*(148.76,111.18,126.6,0.1,stand01,88,0,0)*(177.15,111.49,123.83,7,stand01,158,0,0)*(181.44,111.45,114.42,0.1,stand01,98,0,0)*(191.7,111.64,119.49,0.1,stand01,0,0,0)*(190.77,111.49,130.73,1,stand01,105,0,0)	0	0	5	N300060001	N300060001	0	0	0	0
300060002	(190.77,111.49,130.73,0,stand01,105,0,0)	0	0	2	N300060002	N300060002	0	0	0	0
300060003	(190.77,111.49,130.73,6,stand01,105,0,0)*(191.7,111.64,119.59,0.1,stand01,184,0,0)*(181.52,111.45,114.38,0.1,stand01,312,0,0)*(177.2,111.49,123.74,0.1,stand01,328,0,0)*(148.86,111.18,126.61,0.1,stand01,262,0,0)*(116.57,111.51,91.26,0.1,stand01,197,0,0)*(112.32,111.24,63.29,0.1,stand01,194,0,0)*(106.5,109.42,43.45,0.1,stand01,149,0,0)*(110.37,107.92,41.02,0.1,stand01,70,0,0)*(113.19,104.79,47.84,0.1,stand01,27,0,0)*(117.7,100.01,54.58,0.1,stand01,137,0,0)*(119.49,89.82,29.46,0.1,stand01,86,0,0)*(126.57,82.38,34.03,0.1,stand01,19,0,0)*(126.12,75.09,48.46,0.1,stand01,359,0,0)*(130.34,69.73,62.27,0.1,stand01,49,0,0)*(140.04,63.36,60.92,0.1,stand01,141,0,0)*(134.06,54,42.97,0.1,stand01,175,0,0)*(143.91,46.79,36.06,0.1,stand01,144,0,0)*(136.59,46.91,19.65,0.1,stand01,217,0,0)*(130.37,45.37,16.97,1,stand01,247,0,0)	0	0	3	N300060003	N300060003	0	0	0	0
400107001	(130.27,45.37,16.95,1,stand01,85,0,0)*(136.56,46.91,19.56,0.1,stand01,0,0,0)*(143.97,46.79,35.98,0.1,stand01,322,0,0)*(134.08,54,42.87,0.1,stand01,335,0,0)*(140.11,63.36,60.85,0.1,stand01,316,0,0)*(130.42,69.73,62.34,0.1,stand01,229,0,0)*(126.12,75.09,48.56,0.1,stand01,171,0,0)*(126.6,82.38,34.13,0.1,stand01,189,0,0)*(119.59,89.82,29.44,0.1,stand01,293,0,0)*(117.78,100.01,54.53,0.1,stand01,284,0,0)*(113.21,104.79,47.93,0.1,stand01,183,0,0)*(110.46,107.92,41.05,0.1,stand01,255,0,0)*(106.53,109.42,43.36,0.1,stand01,0,0,0)*(112.3,111.24,63.19,0.1,stand01,0,0,0)*(116.54,111.51,91.17,0.1,stand01,20,0,0)*(148.76,111.18,126.6,0.1,stand01,88,0,0)*(177.15,111.49,123.83,7,stand01,158,0,0)*(181.44,111.45,114.42,0.1,stand01,98,0,0)*(191.7,111.64,119.49,0.1,stand01,0,0,0)*(190.66,111.49,127.12,1,stand01,90,0,0)	0	0	5	N400107901	N400107901	0	0	0	0
400107002	(190.66,111.49,127.12,0,stand01,90,0,0)	0	0	2	N400107902	N400107902	0	0	0	0
400107003	(190.66,111.49,127.12,1,stand01,90,0,0)*(191.7,111.64,119.59,0.1,stand01,184,0,0)*(181.52,111.45,114.38,0.1,stand01,312,0,0)*(177.2,111.49,123.74,0.1,stand01,328,0,0)*(148.86,111.18,126.61,0.1,stand01,262,0,0)*(116.57,111.51,91.26,0.1,stand01,197,0,0)*(112.32,111.24,63.29,0.1,stand01,194,0,0)*(106.5,109.42,43.45,0.1,stand01,149,0,0)*(110.37,107.92,41.02,0.1,stand01,70,0,0)*(113.19,104.79,47.84,0.1,stand01,27,0,0)*(117.7,100.01,54.58,0.1,stand01,137,0,0)*(119.49,89.82,29.46,0.1,stand01,86,0,0)*(126.57,82.38,34.03,0.1,stand01,19,0,0)*(126.12,75.09,48.46,0.1,stand01,359,0,0)*(130.34,69.73,62.27,0.1,stand01,49,0,0)*(140.04,63.36,60.92,0.1,stand01,141,0,0)*(134.06,54,42.97,0.1,stand01,175,0,0)*(143.91,46.79,36.06,0.1,stand01,144,0,0)*(136.59,46.91,19.65,0.1,stand01,217,0,0)*(130.37,45.37,16.97,1,stand01,247,0,0)	0	0	3	N400107903	N400107903	0	0	0	0