#iNpcID	sCoordinate	iNpcType	sSCondition	iMovieType	sDialogueQID	sMobileQID	sSpecialSet	iTalkSteer	iStoreID	iMaxTalk
100005001	(341.08,-1.82,1924.55,0,stand01,90,0,0)	0	0	2	N100005001	N100005001	0	1	0	0
100054001	(340.88,-2.28,2447.15,76,stand01,196,0,0)*(347.56,-2.28,2448.94,37,stand01,99,0,0)*(342.88,-2.28,2449.29,17,stand01,286,0,0)	0	0	4	N100054011	N100054011	0	1	0	0
100054002	(68.29,5.48,25.8,1,stand01,342,0,0)*(66.34,5.07,36.13,37,stand01,89,0,0)*(63.33,5.24,47.03,0.1,stand01,0,0,0)*(64.36,5.07,55.96,56,stand01,310,0,0)*(71.98,4.99,71.31,35,stand01,36,0,0)*(59.07,5.42,88.5,0.1,stand01,340,0,0)*(53.64,4.99,105.43,77,stand01,280,0,0)*(58.01,4.99,91.26,0.1,stand01,159,0,0)*(60.99,4.99,81.77,0.1,stand01,177,0,0)*(62.57,4.99,77.01,0.1,stand01,145,0,0)*(70.8,4.99,70.73,0.1,stand01,176,0,0)*(71.78,4.99,63.28,0.1,stand01,196,0,0)*(63.42,4.99,47.17,0.1,stand01,185,0,0)*(62.95,4.99,40.59,0.1,stand01,175,0,0)*(67.7,4.99,28.76,0.1,stand01,170,0,0)*(68.06,5.48,25.96,1,stand01,166,0,0)	0	0	3	N100054011	N100054011	0	1	0	0
100133001	(89.67,4.77,68.78,19,stand01,88,0,0)*(89.67,4.77,68.78,1,stand02,88,0,0)	0	0	2	N100133001	N100133001	0	1	0	0
100133011	(89.71,4.77,66.33,23,stand01,88,0,0)*(89.71,4.77,66.33,1,stand02,88,0,0)	0	0	2	N100133001	N100133001	0	1	0	0
100133021	(346.75,-2.09,1926.3,0,stand01,318,0,0)	0	0	2	N100133003	N100133003	0	1	0	0
100133031	(343.8,-2.09,1929.7,0,stand01,137,0,0)	0	0	2	N100133003	N100133003	0	1	0	0
100133041	(341.34,-1.75,1921.67,0,stand01,44,0,0)	0	0	2	N100133003	N100133003	0	1	0	0
100133051	(338.31,-1.75,1924.79,0,stand01,48,0,0)	0	0	2	N100133003	N100133003	0	1	0	0
100133061	(342.22,-2.81,2160.26,0,stand01,0,0,0)	0	0	2	N100133002	N100133002	0	1	0	0
100133071	(48.45,4.99,94.31,5,idle01,246,0,0)*(48.45,4.99,94.31,1,skill01,246,0,0)	0	0	2	N100133003	N100133003	0	1	0	0
100133081	(48.29,4.99,96.52,3,idle01,272,0,0)*(48.29,4.99,96.52,1,skill01,272,0,0)	0	0	2	N100133003	N100133003	0	1	0	0
100133091	(48.49,4.99,99.32,5,idle01,285,0,0)*(48.49,4.99,99.32,1,skill01,285,0,0)	0	0	2	N100133003	N100133003	0	1	0	0