#iNpcID	sCoordinate	iNpcType	sSCondition	iMovieType	sDialogueQID	sMobileQID	sSpecialSet	iTalkSteer	iStoreID	iMaxTalk
100066001	(-6,0.2,3207,0,stand01,0,0,0)	0	4,M00090015	2	N100066002	0	0	1	0	0
100111001	(189.41,15.03,156.23,0,stand01,77,0,0)	0	4,M00090009	2	20900010	0	0	1	0	0
100111002	(188.37,14.99,159.57,0,stand01,95,0,0)	0	4,M00090010	2	20900012	0	0	1	0	0
100109001	(-8.71,-0.14,2000.92,0,stand01,68,0,0)	0	4,M00090018	2	0	0	0	1	0	0
100110001	(-9.39,-0.14,2003.08,0,stand01,77,0,0)	0	4,M00090018	2	0	0	0	1	0	0
100111003	(53.24,22.89,117.89,0,stand01,39,0,0)	0	4,M00090017	2	0	0	0	1	0	0
100111004	(51.02,22.81,120.72,0,stand01,58,0,0)	0	4,M00090017	2	0	0	0	1	0	0
100107001	(108.09,18.39,144.19,0,stand01,87,0,0)	0	4,M00090016	2	0	0	0	1	0	0
100108001	(108.2,18.34,142.49,0,stand01,65,0,0)	0	4,M00090016	2	0	0	0	1	0	0
100111005	(109.36,18.25,145.39,0,idle01,96,0,0)	0	4,M00090016	2	0	0	0	1	0	0
100111006	(110.87,18.12,146.38,0,idle01,112,0,0)	0	4,M00090016	2	0	0	0	1	0	0
100111007	(109.38,18.17,141.86,0,idle01,62,0,0)	0	4,M00090016	2	0	0	0	1	0	0
100111008	(111.51,17.82,141.04,0,idle01,40,0,0)	0	4,M00090016	2	0	0	0	1	0	0
100111009	(172,15.94,123.58,0,stand01,190,0,0)	0	4,M00090013	2	N100111009	0	0	1	0	0