#iNpcID	sCoordinate	iNpcType	sSCondition	iMovieType	sDialogueQID	sMobileQID	sSpecialSet	iTalkSteer	iStoreID	iMaxTalk
100049001	(151.76,-1.32,1844.76,0,stand01,342,0,0)	0	1,M00061001	2	N100049001	N100049001	0	0	0	0
100049011	(162.06,4.99,118.91,1,stand01,0,0,0)*(138.36,4.99,113.59,0.1,stand01,182,0,0)*(135.13,4.99,106.12,0.1,stand01,264,0,0)*(113.55,5.01,103.06,0.1,stand01,310,0,0)*(96.99,5,113.5,30,stand01,309,0,0)*(113.55,5.01,103.06,0.1,stand01,93,0,0)*(135.13,4.99,106.12,0.1,stand01,50,0,0)*(138.36,4.99,113.59,0.1,stand01,358,0,0)*(134.41,5.59,119.24,30,stand01,266,0,0)*(128.85,5.69,135.12,30,stand01,271,0,0)*(130.81,5.59,148.59,10,stand01,290,0,0)*(139.02,4.99,150.75,30,stand01,85,0,0)*(170.96,4.99,146.5,5,stand01,91,0,0)*(177.76,4.99,134.67,30,stand01,268,0,0)*(162.06,4.99,118.91,1,stand01,0,0,0)	0	1,M00061001	3	N100049011	N100049011	0	0	0	0
100049021	(140.54,4.99,157.8,0,sit,183,0,0)	0	1,M00061001	2	N100049021	N100049021	0	0	0	0
100049031	(130.96,5.59,155.42,0,stand01,0,0,0)	0	1,M00061001	2	N100049031	N100049031	0	0	0	0
100049041	(154.95,4.99,119.92,0,sit,0,0,0)	0	1,M00061001	2	N100049041	N100049041	0	0	0	0
100049051	(147.67,4.99,115.04,0,stand01,265,0,0)	0	1,M00061001	2	N100049051	N100049051	0	0	0	0
100050001	(93,5.1,114.75,0,stand01,110,0,0)	0	1,M00061001	2	N100050001	N100050001	0	0	0	0
100050011	(93.98,5.25,116.95,0,stand01,123,0,0)	0	1,M00061001	2	N100050011	N100050011	0	0	0	0
100050021	(123.61,6.16,133.76,0,stand01,87,0,0)	0	4,M00066002	2	N100050021	N100050021	0	0	0	0
100050031	(123.63,6.16,135.79,0,stand01,91,0,0)	0	4,M00066002	2	N100050031	N100050031	0	0	0	0
100050041	(170.63,6.44,133.94,0,stand01,89,0,0)	0	1,M00061001	2	N100050041	N100050041	0	0	0	0
100050051	(170.62,6.44,135.78,0,stand01,89,0,0)	0	1,M00061001	2	N100050051	N100050051	0	0	0	0
100052001	(149.28,-1.32,2247.71,1,idle01,128,0,0)*(149.28,-1.32,2247.71,1,skill01,128,0,0)*(149.28,-1.32,2247.71,1,skill02,128,0,0)	0	1,M00061001	2	N100052001	N100052001	0	0	0	0
100052011	(151.56,-1.32,2241.83,1,idle01,183,0,0)*(151.56,-1.32,2241.83,1,skill01,183,0,0)*(151.56,-1.32,2241.83,1,skill02,183,0,0)	0	1,M00061001	2	N100052001	N100052001	0	0	0	0
100052021	(144.75,-1.32,2239.35,1,idle01,119,0,0)*(144.75,-1.32,2239.35,1,skill01,119,0,0)*(144.75,-1.32,2239.35,1,skill02,119,0,0)	0	1,M00061001	2	N100052001	N100052001	0	0	0	0
100052031	(138.29,-1.32,2238.38,1,idle01,119,0,0)*(138.29,-1.32,2238.38,1,skill01,119,0,0)*(138.29,-1.32,2238.38,1,skill02,119,0,0)	0	1,M00061001	2	N100052001	N100052001	0	0	0	0
100052041	(143.18,-1.32,2246.22,1,idle01,109,0,0)*(143.18,-1.32,2246.22,1,skill01,109,0,0)*(143.18,-1.32,2246.22,1,skill02,109,0,0)	0	1,M00061001	2	N100052001	N100052001	0	0	0	0
100052051	(136.84,-1.32,2244.37,1,idle01,97,0,0)*(136.84,-1.32,2244.37,1,skill01,97,0,0)*(136.84,-1.32,2244.37,1,skill02,97,0,0)	0	1,M00061001	2	N100052001	N100052001	0	0	0	0
100052061	(150.81,-1.32,2243.43,1,idle01,22,0,0)*(150.81,-1.32,2243.43,1,skill01,22,0,0)*(150.81,-1.32,2243.43,1,skill02,22,0,0)	0	1,M00061001	2	N100052001	N100052001	0	0	0	0
100052071	(145.58,-1.32,2243.1,1,idle01,123,0,0)*(145.58,-1.32,2243.1,1,skill01,123,0,0)*(145.58,-1.32,2243.1,1,skill02,123,0,0)	0	1,M00061001	2	N100052001	N100052001	0	0	0	0
100052081	(139.94,-1.32,2241.91,1,idle01,197,0,0)*(139.94,-1.32,2241.91,1,skill01,197,0,0)*(139.94,-1.32,2241.91,1,skill02,197,0,0)	0	1,M00061001	2	N100052001	N100052001	0	0	0	0
100053001	(152.92,-1.32,2247.04,1,idle01,290,0,0)*(152.92,-1.32,2247.04,1,skill01,290,0,0)*(152.92,-1.32,2247.04,1,skill02,290,0,0)	0	1,M00061001	2	N100052001	N100052001	0	0	0	0
100053011	(147.09,-1.32,2245.79,1,idle01,290,0,0)*(147.09,-1.32,2245.79,1,skill01,290,0,0)*(147.09,-1.32,2245.79,1,skill02,290,0,0)	0	1,M00061001	2	N100052001	N100052001	0	0	0	0
100053021	(140.39,-1.32,2245.51,1,idle01,255,0,0)*(147.09,-1.32,2245.79,1,skill01,255,0,0)*(147.09,-1.32,2245.79,1,skill02,255,0,0)	0	1,M00061001	2	N100052001	N100052001	0	0	0	0
100053031	(154.23,-1.32,2241.11,1,idle01,258,0,0)*(154.23,-1.32,2241.11,1,skill01,258,0,0)*(154.23,-1.32,2241.11,1,skill02,258,0,0)	0	1,M00061001	2	N100052001	N100052001	0	0	0	0
100053041	(148.6,-1.32,2239.63,1,idle01,262,0,0)*(148.6,-1.32,2239.63,1,skill01,262,0,0)*(148.6,-1.32,2239.63,1,skill02,262,0,0)	0	1,M00061001	2	N100052001	N100052001	0	0	0	0
100053051	(142.01,-1.32,2238.53,1,idle01,262,0,0)*(142.01,-1.32,2238.53,1,skill01,262,0,0)*(142.01,-1.32,2238.53,1,skill02,262,0,0)	0	1,M00061001	2	N100052001	N100052001	0	0	0	0
100053061	(152.1,-1.32,2245.41,1,idle01,210,0,0)*(152.1,-1.32,2245.41,1,skill01,210,0,0)*(152.1,-1.32,2245.41,1,skill02,210,0,0)	0	1,M00061001	2	N100052001	N100052001	0	0	0	0
100053071	(147.42,-1.32,2241.38,1,idle01,310,0,0)*(147.42,-1.32,2241.38,1,skill01,310,0,0)*(147.42,-1.32,2241.38,1,skill02,310,0,0)	0	1,M00061001	2	N100052001	N100052001	0	0	0	0
100053081	(138.79,-1.32,2239.56,1,idle01,22,0,0)*(138.79,-1.32,2239.56,1,skill01,22,0,0)*(138.79,-1.32,2239.56,1,skill02,22,0,0)	0	1,M00061001	2	N100052001	N100052001	0	0	0	0
100138001	(127.98,5.59,150.18,1,stand01,134,0,0)*(131.36,5.59,147.05,70,stand02,0,0,0)*(138.76,4.99,150.82,70,stand02,303,0,0)*(147.59,4.99,145.42,70,stand02,224,0,0)*(160.22,5.01,143.61,70,stand02,217,0,0)*(171.09,5.02,147.84,70,stand02,46,0,0)*(176.84,4.99,138.79,70,stand02,243,0,0)*(187.46,3.13,135.98,70,stand02,44,0,0)*(176.56,4.99,131.02,70,stand02,247,0,0)*(170.91,4.99,123.92,70,stand02,315,0,0)*(156.85,7.99,120.86,70,stand02,240,0,0)*(146.37,4.99,121.36,70,stand02,312,0,0)*(133.85,5.59,117.87,70,stand02,218,0,0)*(129.19,5.59,129.84,70,stand02,296,0,0)	0	1,M00061001	4	N100138101	N100138101	0	0	0	0
100138011	(143.38,5.59,143.27,70,stand02,0,0,0)*(144.97,5.59,136.98,0.1,stand01,134,0,0)*(148.2,4.99,137.08,70,stand02,41,0,0)*(149.65,5.01,143.79,70,stand02,5,0,0)*(153.76,5.01,140.58,70,stand02,133,0,0)*(158.71,4.99,149.75,70,stand02,39,0,0)*(160.77,5.01,140.93,70,stand02,126,0,0)*(160.62,5.01,128.51,70,stand02,146,0,0)*(160.82,4.99,119.79,70,stand02,183,0,0)*(152.73,4.99,114.17,70,stand02,240,0,0)*(148.12,4.99,118.6,70,stand02,327,0,0)*(147.8,5.03,126.61,70,stand02,263,0,0)*(147.76,4.99,135.07,0.1,stand01,344,0,0)*(145.1,5.59,134.61,0.1,stand01,215,0,0)*(143.39,5.59,128.83,70,stand02,224,0,0)	0	1,M00061001	4	N100138101	N100138101	0	0	0	0
100138021	(127.44,5.59,112.33,70,stand02,299,0,0)*(134.34,5.59,113.61,70,stand02,56,0,0)*(133.04,5.59,120.86,70,stand02,328,0,0)*(127.54,5.59,127.37,70,stand02,311,0,0)*(128.01,5.59,138.38,70,stand02,307,0,0)*(127.23,5.59,145.23,70,stand02,310,0,0)*(129.12,5.59,155.48,70,stand02,41,0,0)*(134.16,5.59,152.59,70,stand02,137,0,0)*(130.39,5.59,141.31,70,stand02,52,0,0)*(133.85,5.59,126.67,70,stand02,55,0,0)*(134.95,5.59,119.98,70,stand02,70,0,0)	0	1,M00061001	4	N100138101	N100138101	0	0	0	0
100043101	(148.01,4.99,132.88,8,stand01,39,0,1)*(148.01,4.99,132.88,2,stand02,39,0,1)	0	1,M00061001	2	N100043101	N100043101	0	1	0	0
100044101	(147,-1.32,1846.37,8,stand01,75,0,1)*(147,-1.32,1846.37,2,stand02,75,0,1)	0	1,M00061001	2	N100044101	N100044101	0	1	0	0
100045101	(135.54,-1.32,2240.32,8,stand01,77,0,1)*(135.54,-1.32,2240.32,2,stand02,77,0,1)	0	1,M00061001	2	N100045101	N100045101	0	1	0	0
100046101	(127.65,5.59,150.75,8,stand01,85,0,1)*(127.65,5.59,150.75,2,stand02,85,0,1)	0	1,M00061001	2	N100046101	N100046101	0	1	0	0
100049061	(142.14,4.99,149.46,6,skill01,177,0,1)*(142.14,4.99,149.46,2,idle01,177,0,1)	0	1,M00061001	2	0	0	0	0	0	0
100049071	(144.70,5.01,152.72,2,idle01,0,0,1)*(144.70,5.01,152.72,8,skill02,0,0,1)	0	1,M00061001	2	0	0	0	0	0	0
100050061	(148.38,4.99,149.57,0,skill01,-178,0,1)	0	1,M00061001	2	0	0	0	0	0	0