#iNpcID	sCoordinate	iNpcType	sSCondition	iMovieType	sDialogueQID	sMobileQID	sSpecialSet	iTalkSteer	iStoreID	iMaxTalk
100055001	(140.54,65.04,183.38,10,stand01,-63,0,1)*(140.54,65.04,183.38,3,stand02,-63,0,1)	0	6,9008508,100055,100	2	0	0	(5,M00000000,M00041001)	1	0	0
100021001	(168.94,61.29,87.48,10,stand01,-63,0,1)*(168.94,61.29,87.48,5,stand02,-63,0,1)	0	2,100	2	0	0	(5,M00000000,M00041002)	1	0	0
100057001	(182.39,62.95,126.50,10,stand01,-140,0,1)*(182.39,62.95,126.50,5,stand02,-140,0,1)	0	2,100	2	0	0	(5,M00000000,M00041003)	1	0	0
100059001	(143.88,62.94,140.08,10,stand01,103,0,1)*(143.88,62.94,140.08,5,stand02,103,0,1)	0	2,100	2	0	0	(5,M00000000,M00041004)	1	0	0
100060001	(209.24,62.9,137.59,10,stand01,-131,0,1)*(209.24,62.9,137.59,5,stand02,-131,0,1)	0	6,8054072,100060,100	2	0	0	(5,M00000000,M00041005)	1	0	0
100061001	(150.16,63,169.24,10,stand01,-91,0,1)*(150.16,63,169.24,5,stand02,-91,0,1)	0	6,9009677,100061,100	2	0	0	(5,M00000000,M00041006)	1	0	0
100035001	(123.58,63.13,167.24,9,stand01,-68,0,1)*(123.58,63.13,167.24,5,stand02,-68,0,1)	0	2,100	2	0	0	(5,M00000000,M00041007)	1	0	0
100017001	(187.25,64.18,151.15,0,stand01,-131,0,0)	0	0,0	2	M100017771	0	0	1	0	0
100019001	(170.38,62.88,109.13,0,stand01,146,0,0)	0	0,0	2	M100019771	0	0	1	0	0
100016001	(130.87,64.69,194.41,0,stand01,-102,0,0)	0	0,0	2	M100016771	0	0	1	0	0
100015001	(113.73,65.10,187.96,0,stand01,97,0,0)	0	0,0	2	M100015771	0	0	0	0	0
100125001	(114.87,65.19,187.69,0,stand01,-77,0,0)	0	0,0	2	M100015771	0	0	0	0	0