#iNpcID	sCoordinate	iNpcType	sSCondition	iMovieType	sDialogueQID	sMobileQID	sSpecialSet	iTalkSteer	iStoreID	iMaxTalk
100002001	(-82.48,3.44,20.03,0,stand01,98,0,1)	0	1,M99000098	2	N9000012	N9000012	(7,M99000098,M99000099)	0	0	0
100007001	(-81.23,3.17,18.18,0,stand01,4,0,1)	0	1,M99000098	2	N9000013	N9000013	0	0	0	0
100008001	(-80.01,3.17,20.58,0,stand01,-112,0,1)	0	1,M99000098	2	N9000014	N9000014	0	0	0	0
100153001	(-73.71,4.29,112.94,0,stand01,164,0,1)	0	1,M99000088	2	N9000015	N9000015	0	0	0	0
100415001	(45.98,7.9,87.73,0,stand01,0,0,1)	0	1,M99000088	2	N9000017	N9000017	0	1	0	0
100415010	(84.34,4.99,81.97,0,stand01,149,0,1)	0	1,M99000088	2	N9000016	N9000016	0	1	0	0
100415020	(76.24,6.09,76.88,0,stand01,40,0,1)	0	1,M99000088	2	N9000018	N9000018	0	1	0	0
100415030	(60.38,7.25,76.53,0,stand01,15,0,1)	0	1,M99000088	2	N9000019	N9000019	0	1	0	0
100033001	(78.33,4.99,101.26,0,stand01,163,0,1)	0	1,M99000098	2	N9000025	N9000025	(7,M99000098,M99000106)	1	0	0
100415050	(60.50,4.99,95.48,0,stand01,113,0,1)	0	1,M99000088	2	N9000021	N9000021	0	1	0	0
100415060	(74.61,5.01,86.76,0,stand01,-72,0,1)	0	1,M99000088	2	N9000022	N9000022	0	1	0	0
100098001	(85.77,4.99,88.16,0,stand01,164,0,0)	0	1,M99000112	2	0	0	(7,M99000112,M99000115)	0	0	0
100299001	(86.20,4.99,86.51,0,stand01,0,0,0)	0	1,M99000112	2	0	0	(7,M99000112,M99000116)	0	0	0