#iNpcID	sCoordinate	iNpcType	sSCondition	iMovieType	sDialogueQID	sMobileQID	sSpecialSet	iTalkSteer	iStoreID	iMaxTalk
100130001	(88.69,37.4,81.5,0,stand01,191,0,0)	0	0,0	2	N100130001	N100130001	0	0	0	0
100130011	(85.35,37.71,81.57,0,stand01,164,0,0)	0	0,0	2	N100130001	N100130001	0	0	0	0
100130021	(86.21,37.87,118.31,35,stand01,151,0,0)(37.46,58.86,200.67,1,action07,161,0,0)	0	0,0	2	N100130001	N100130001	0	0	0	0
100130031	(89,37.9,118.49,0,stand01,207,0,0)	0	0,0	2	N100130001	N100130001	0	0	0	0
100130041	(85.21,37.6,115.66,90,stand01,185,0,0)*(90.32,37.71,116.61,90,stand01,192,0,0)	0	0,0	1	N100130001	N100130001	0	0	0	0
100130051	(87.41,51.45,146.9,0,stand01,177,0,0)	0	0,0	2	N100130001	N100130001	0	0	0	0
100130061	(84.41,51.01,145.69,0,stand01,151,0,0)	0	0,0	2	N100130001	N100130001	0	0	0	0
100130071	(88.8,51.01,145.84,0,stand01,207,0,0)	0	0,0	2	N100130001	N100130001	0	0	0	0
100130081	(84.38,52.95,183.28,0,stand01,154,0,0)	0	0,0	2	N100130001	N100130001	0	0	0	0
100130091	(88.43,52.95,183.23,0,stand01,228,0,0)	0	0,0	2	N100130001	N100130001	0	0	0	0
100130101	(37.46,58.86,200.67,36,stand01,161,0,0)*(37.46,58.86,200.67,1,action07,161,0,0)	0	0,0	2	N100130002	N100130002	0	0	0	0