#iNpcID	sCoordinate	iNpcType	sSCondition	iMovieType	sDialogueQID	sMobileQID	sSpecialSet	iTalkSteer	iStoreID	iMaxTalk
100036001	(71.21,86.22,95.69,2,idle01,277,0,0)*(71.21,86.22,95.69,1,skill01,277,0,0)*(71.21,86.22,95.69,1,skill02,277,0,0)*(71.21,86.22,95.69,1,skill03,277,0,0)	0	0,0	2	N100036021	N100036021	0	0	0	0
100037001	(157.05,77.94,98.5,0,stand01,0,0,0)	0	0,0	2	N100037021	N100037021	0	0	0	0
100038001	(115.52,84.43,111.13,0,stand01,299,0,0)	0	0,0	2	N100038001	N100038001	0	0	0	0
100039001	(111.58,84.56,113.03,19,stand01,306,0,0)*(113.14,84.56,110.59,23,stand01,109,0,0)*(113.33,84.56,112.95,39,stand01,72,0,0)	0	0,0	4	N100038001	N100038001	0	0	0	0
100041001	(158.76,78.16,70.61,29,stand01,273,0,0)*(157.53,78.16,75.9,17,stand01,272,0,0)*(157.24,78.16,67.29,17,stand01,272,0,0)	0	0,0	4	N100041001	N100041001	0	0	0	0
100042001	(159.89,78.17,71.86,0,stand01,272,0,0)	0	0,0	2	N100042101	N100042101	0	0	0	0
100042011	(159.68,78.17,69.14,0,stand01,272,0,0)	0	0,0	2	N100042101	N100042101	0	0	0	0
100042021	(151.98,78.16,58.84,1,idle01,181,0,0)*(151.98,78.16,58.84,3,skill01,181,0,0)	0	0,0	2	N100042102	N100042102	0	0	0	0
100042031	(150.22,78.16,58.86,1,idle01,181,0,0)*(150.22,78.16,58.86,3,skill01,181,0,0)	0	0,0	2	N100042103	N100042103	0	0	0	0
100042041	(148.17,78.16,58.88,1,idle01,181,0,0)*(148.17,78.16,58.88,3,skill01,181,0,0)	0	0,0	2	N100042104	N100042104	0	0	0	0
100042051	(146.26,78.16,58.89,1,idle01,181,0,0)*(146.26,78.16,58.89,3,skill01,181,0,0)	0	0,0	2	N100042105	N100042105	0	0	0	0
100042061	(152.65,78.16,62.92,2,idle01,0,0,0)*(152.65,78.16,62.92,3,skill01,0,0,0)	0	0,0	2	N100042106	N100042106	0	0	0	0
100042071	(152.65,78.16,65.25,2,idle01,180,0,0)*(152.65,78.16,65.25,3,skill01,180,0,0)	0	0,0	2	N100042106	N100042106	0	0	0	0
100042081	(149.91,78.16,62.92,2,idle01,0,0,0)*(149.91,78.16,62.92,3,skill01,0,0,0)	0	0,0	2	N100042106	N100042106	0	0	0	0
100042091	(149.91,78.16,65.25,2,idle01,180,0,0)*(149.91,78.16,65.25,3,skill01,180,0,0)	0	0,0	2	N100042106	N100042106	0	0	0	0
100042101	(147.11,78.16,62.92,2,idle01,0,0,0)*(147.11,78.16,62.92,3,skill01,0,0,0)	0	0,0	2	N100042106	N100042106	0	0	0	0
100042111	(147.11,78.16,65.25,2,idle01,180,0,0)*(147.11,78.16,65.25,3,skill01,180,0,0)	0	0,0	2	N100042106	N100042106	0	0	0	0
100042121	(153.84,78.16,67.71,2,idle01,0,0,0)*(153.84,78.16,67.71,3,skill01,0,0,0)	0	0,0	2	N100042106	N100042106	0	0	0	0
100042131	(153.84,78.16,70.03,2,idle01,180,0,0)*(153.84,78.16,70.03,3,skill01,180,0,0)	0	0,0	2	N100042106	N100042106	0	0	0	0
100042141	(151.1,78.16,67.71,2,idle01,0,0,0)*(151.1,78.16,67.71,3,skill01,0,0,0)	0	0,0	2	N100042106	N100042106	0	0	0	0
100042151	(151.1,78.16,70.03,2,idle01,180,0,0)*(151.1,78.16,70.03,3,skill01,180,0,0)	0	0,0	2	N100042106	N100042106	0	0	0	0
100042161	(148.31,78.16,67.71,2,idle01,0,0,0)*(148.31,78.16,67.71,3,skill01,0,0,0)	0	0,0	2	N100042106	N100042106	0	0	0	0
100042171	(148.31,78.16,70.03,2,idle01,180,0,0)*(148.31,78.16,70.03,3,skill01,180,0,0)	0	0,0	2	N100042106	N100042106	0	0	0	0
100042181	(152.65,78.16,72.32,2,idle01,0,0,0)*(152.65,78.16,72.32,3,skill01,0,0,0)	0	0,0	2	N100042106	N100042106	0	0	0	0
100042191	(152.65,78.16,74.64,2,idle01,180,0,0)*(152.65,78.16,74,3,skill01,180,0,0)	0	0,0	2	N100042106	N100042106	0	0	0	0
100042201	(149.91,78.16,72.32,2,idle01,0,0,0)*(149.91,78.16,72.32,3,skill01,0,0,0)	0	0,0	2	N100042106	N100042106	0	0	0	0
100042211	(149.91,78.16,74.64,2,idle01,180,0,0)*(149.91,78.16,74.64,3,skill01,180,0,0)	0	0,0	2	N100042106	N100042106	0	0	0	0
100042221	(147.11,78.16,72.32,2,idle01,0,0,0)*(147.11,78.16,72.32,3,skill01,0,0,0)	0	0,0	2	N100042106	N100042106	0	0	0	0
100042231	(147.11,78.16,74.64,2,idle01,180,0,0)*(147.11,78.16,74.64,3,skill01,180,0,0)	0	0,0	2	N100042106	N100042106	0	0	0	0
100042241	(153.84,78.16,77.91,2,idle01,0,0,0)*(153.84,78.16,77.91,3,skill01,0,0,0)	0	0,0	2	N100042106	N100042106	0	0	0	0
100042251	(153.84,78.16,80.24,2,idle01,180,0,0)*(153.84,78.16,80.24,3,skill01,180,0,0)	0	0,0	2	N100042106	N100042106	0	0	0	0
100042261	(151.1,78.16,77.91,2,idle01,0,0,0)*(151.1,78.16,77.91,3,skill01,0,0,0)	0	0,0	2	N100042106	N100042106	0	0	0	0
100042271	(151.1,78.16,80.24,2,idle01,180,0,0)*(151.1,78.16,80.24,3,skill01,180,0,0)	0	0,0	2	N100042106	N100042106	0	0	0	0
100042281	(148.31,78.16,77.91,2,idle01,0,0,0)*(148.31,78.16,77.91,3,skill01,0,0,0)	0	0,0	2	N100042106	N100042106	0	0	0	0
100042291	(148.31,78.16,80.24,2,idle01,180,0,0)*(148.31,78.16,80.24,3,skill01,180,0,0)	0	0,0	2	N100042106	N100042106	0	0	0	0
100042301	(133.02,82.42,100.75,29,stand01,178,0,0)*(133.02,82.42,100.75,1,stand02,178,0,0)	0	0,0	2	N100042106	N100042106	0	0	0	0
100042311	(134.02,82.42,100.78,27,stand01,178,0,0)*(134.02,82.42,100.78,1,stand02,178,0,0)	0	0,0	2	N100042106	N100042106	0	0	0	0
100042321	(122.88,80.32,57.6,39,stand01,181,0,0)*(122.88,80.32,57.6,1,stand02,181,0,0)	0	0,0	2	N100042107	N100042107	0	0	0	0