#iNpcID	sCoordinate	iNpcType	sSCondition	iMovieType	sDialogueQID	sMobileQID	sSpecialSet	iTalkSteer	iStoreID	iMaxTalk
900001001	(244.23,34.11,146.19,0,stand01,-177,0,0)	0	0	2	N9900001	N9900001	0	1	0	0
500020001	(141.74,33.85,695.24,3,idle01,-142,0,1)*(139,33.85,692.38,2,skill01,46,120002,1)*(136,33.85,695.25,3,action03,-35,0,1)*(139,33.85,692.38,1,idle01,46,0,1)	0	4,M99000119	4	N500020099	N500020099	0	1	0	0
100022001	(247.91,34.11,178.65,3,stand01,127,0,1)*(247.91,34.11,178.65,1,stand02,127,0,1)	0	4,M99000054	2	N10002201	N10002202	0	0	0	0
100022002	(247.91,34.11,178.65,1,stand01,127,0,1)*(254.47,34.11,165.56,0.1,stand01,186,0,0)*(266.94,34.11,84.01,1,stand01,186,0,0)	0	4,M99000054	3	N10002202	N10002202	0	0	0	0
100023001	(247.81,34.11,177.61,4,stand01,107,0,1)*(247.81,34.11,177.61,1,stand02,107,0,1)	0	4,M99000054	2	N10002301	N10002302	(7,M99000051,M99000054)	0	0	0
100023002	(247.81,34.11,177.61,1,stand01,107,0,1)*(253.99,34.11,167.14,0.1,stand01,190,0,0)*(266.45,34.11,85.6,1,stand01,190,0,0)	0	4,M99000054	3	N10002302	N10002302	(7,M99000051,M99000054)	0	0	0
100024001	(247.59,34.11,176.59,2,stand01,104,0,1)*(247.59,34.11,176.59,1,stand02,104,0,1)	0	4,M99000054	2	N10002401	N10002402	0	0	0	0
100024002	(247.59,34.11,176.59,1,stand01,104,0,1)*(252.95,34.11,167.23,0.1,stand01,187,0,0)*(265.41,34.11,85.68,1,stand01,187,0,0)	0	4,M99000054	3	N10002402	N10002402	0	0	0	0
100025001	(248.37,34.11,175.53,6,stand01,31,0,1)*(248.37,34.11,175.53,1,stand02,31,0,1)	0	4,M99000054	2	N10002501	N10002502	0	0	0	0
100025002	(248.37,34.11,175.53,1,stand01,31,0,1)*(253.44,34.11,166.25,0.1,stand01,174,0,0)*(265.9,34.11,84.71,1,stand01,174,0,0)	0	4,M99000054	3	N10002502	N10002502	0	0	0	0
100060001	(342.57,34.11,250.12,1,stand01,195,0,0)	0	0,0	2	N9000029	N9000029	(7,M99000100,M99000012)	0	0	0
100060002	(236.98,34.11,147.99,17,stand01,224,0,0)*(236.98,34.11,147.99,1,stand02,224,0,0)	0	0,0	2	N9000029	N9000029	(7,M99000100,M99000012)	0	0	0
100060003	(342.57,34.11,250.20,1,stand01,195,0,0)*(339.69,34.11,239.22,0.1,stand01,209,0,0)*(334.98,34.11,229.89,0.1,stand01,269,0,0)*(310.49,34.11,232.96,0.1,stand01,244,0,0)*(296.56,34.11,186.68,0.1,stand01,158,0,0)*(305.2,34.11,180.81,0.1,stand01,107,0,0)*(337.94,34.11,175.29,0.1,stand01,107,0,0)*(352.74,34.11,174.63,0.1,stand01,18,0,0)*(352.42,34.65,178.17,1,stand01,195,0,0)	0	0,0	5	N9000029	N9000029	(7,M99000100,M99000012)	0	0	0
100060004	(352.42,34.65,178.17,3,stand01,195,0,0)*(352.42,34.65,178.17,1,stand02,195,0,0)*(352.42,34.65,178.17,1,stand03,195,0,0)	0	0,0	2	N9000029	N9000029	(7,M99000100,M99000012)	0	0	0
100060005	(352.42,34.65,178.17,1,action03,195,0,0)*(352.42,34.65,178.17,2,action04,195,0,0)*(352.42,34.65,178.17,1,action05,195,0,0)*(352.54,34.65,178.13,3,action01,284,0,0)*(352.54,34.65,178.13,27,action02,284,0,0)	0	0,0	2	N9000029	N9000029	(7,M99000100,M99000012)	0	0	0
100060006	(352.42,34.65,178.17,3,stand01,195,0,0)*(352.42,34.65,178.17,1,stand02,195,0,0)*(352.42,34.65,178.17,1,stand03,195,0,0)	0	0,0	2	N9000029	N9000029	(7,M99000100,M99000012)	0	0	0
100060007	(352.42,34.65,178.17,1,stand01,195,0,0)*(353.27,34.11,174.68,0.1,stand01,224,0,0)*(338.11,34.11,174.29,0.1,stand01,287,0,0)*(305.37,34.11,179.88,0.1,stand01,286,0,0)*(281.77,34.11,182.06,0.1,stand01,254,0,0)*(265.11,34.11,167.5,0.1,stand01,234,0,0)*(253.48,34.11,142.37,0.1,stand01,264,0,0)*(236.98,34.11,147.99,0.1,stand01,224,0,0)	0	0,0	5	N9000029	N9000029	(7,M99000100,M99000012)	0	0	0
100064001	(338.5,34.11,247.33,1,stand01,160,0,0)	0	0,0	2	N9000030	N9000030	0	0	0	0
100064002	(237.27,34.11,147.29,31,stand01,309,0,0)*(237.27,34.11,147.29,1,stand02,309,0,0)	0	0,0	2	N9000030	N9000030	0	0	0	0
100064003	(338.5,34.11,247.33,1,stand01,160,0,0)*(338.94,34.11,239.05,0.1,stand01,203,0,0)*(334.46,34.11,230.46,0.1,stand01,263,0,0)*(309.78,34.11,233.26,0.1,stand01,238,0,0)*(296.21,34.11,185.99,0.1,stand01,152,0,0)*(305.51,34.11,180.1,0.1,stand01,101,0,0)*(338.25,34.11,174.59,0.1,stand01,101,0,0)*(353.26,34.11,174.7,0.1,stand01,12,0,0)*(351.21,34.65,178.49,1,stand01,194,0,0)	0	0,0	5	N9000030	N9000030	0	0	0	0
100064004	(351.21,34.65,178.49,9,stand01,194,0,0)*(351.21,34.65,178.49,11,stand02,194,0,0)	0	0,0	2	N9000030	N9000030	0	0	0	0
100064005	(351.21,34.65,178.49,1,action03,194,0,0)*(351.21,34.65,178.19,2,action04,194,0,0)*(351.21,34.65,178.19,1,action05,194,0,0)*(351.21,34.65,178.49,3,action01,105,0,0)*(351.21,34.65,178.49,27,action02,105,0,0)	0	0,0	2	N9000030	N9000030	0	0	0	0
100064006	(351.21,34.65,178.49,9,stand01,194,0,0)*(351.21,34.65,178.49,11,stand02,194,0,0)	0	0,0	2	N9000030	N9000030	0	0	0	0
100064007	(351.21,34.65,178.49,1,stand01,194,0,0)*(352.77,34.11,174.85,0.1,stand01,218,0,0)*(337.78,34.11,174.98,0.1,stand01,280,0,0)*(305.04,34.11,180.57,0.1,stand01,280,0,0)*(281.11,34.11,182.47,0.1,stand01,248,0,0)*(264.36,34.11,167.67,0.1,stand01,228,0,0)*(252.92,34.11,142.89,0.1,stand01,258,0,0)*(237.27,34.11,147.29,0.1,stand01,309,0,0)	0	0,0	5	N9000030	N9000030	0	0	0	0
100065001	(231.16,34.11,141.19,19,stand01,349,0,0)*(231.16,34.11,141.19,1,stand02,349,0,0)	0	0,0	2	N100065001	N100065001	0	1	0	0
100065002	(281.75,34.11,199.39,19,stand01,171,0,0)*(281.75,34.11,199.39,1,stand02,171,0,0)	0	0,0	2	N100065001	N100065001	0	1	0	0
100065003	(281.75,34.11,199.39,1,stand01,171,0,0)*(281.27,34.11,186.73,0.1,stand01,200,0,0)*(266.55,34.11,169.57,0.1,stand01,215,0,0)*(252.88,34.11,142.53,2,stand01,270,0,0)*(231.16,34.11,141.19,1,stand01,0,0,0)	0	0,0	5	N100065001	N100065001	0	1	0	0
100071001	(381.28,33.93,769.91,0,stand01,127,0,0)	0	1,M00160026	2	N9000031	N9000031	(7,9999999,M99000030)	0	0	0
100072001	(385.56,32.93,771.88,0,stand01,151,0,0)	0	1,M00160026	2	N9000032	N9000032	(7,9999999,M99000015)	1	0	0
100073001	(307.91,34.73,134.35,0,stand01,69,0,0)	0	4,M00160026	2	N100073004	N100073004	(7,9999999,M99000040)	1	0	0
100074001	(134.68,34.28,834.40,0,stand01,139,0,0)	0	0,0	2	N7010001	N7010001	0	1	0	0
100075001	(134.34,34.28,832.62,0,stand01,121,0,0)	0	0,0	2	N7010002	N7010002	0	1	0	0
100076001	(252.31,34.11,145.05,9,stand01,84,0,0)*(252.31,34.11,145.05,1,stand02,84,0,0)	0	0,0	2	N100076003	N100076003	0	0	0	0
100077001	(302.26,34.11,155.97,0,stand01,109,0,0)	0	1,M99000102	2	N9000034	N9000034	0	1	0	0
100078001	(302.9,34.11,153.71,0,stand01,4,0,0)	0	1,M99000102	2	N9000033	N9000033	(7,M99000100,M99000016)	1	0	0
100079001	(311.85,34.65,155.81,9,stand01,121,0,0)*(311.85,34.65,155.81,1,stand02,121,0,0)	0	0,0	2	N100079001	N100079001	0	1	0	0
100090001	(237.45,34.11,146.79,0,stand01,158,0,0)	0	0,0	2	N100089004	N100089004	0	0	0	0
100090002	(236.22,34.11,145.50,0,stand01,88,0,0)	0	0,0	2	N100089004	N100089004	0	0	0	0
100090003	(239.31,34.11,145.63,0,stand01,-62,0,0)	0	0,0	2	N100089004	N100089004	0	0	0	0
100091001	(380.28,34.26,689.84,7,action01,115,110047,1)*(380.28,34.26,689.84,1,action02,115,0,1)	0	0,0	2	N100244001	N100244001	0	0	0	0
100101001	(324.66,34.11,151.84,0,stand01,153,0,0)	0	0,0	2	N100101001	0	0	0	0	0
100102001	(325.57,34.11,148.68,1,stand01,0,0,0)*(314.57,34.11,176.12,0.1,stand01,330,0,0)*(271.46,34.11,187.82,1,stand01,185,0,0)	0	0,0	5	N10010201	N10010201	0	1	0	0
100102002	(271.46,34.11,187.82,18,stand01,185,110036,0)*(271.46,34.11,187.82,2,stand02,185,0,0)*(271.46,34.11,187.82,3.5,stand07,185,110037,0)	0	0,0	2	N10010201	N10010201	0	1	0	0
100102003	(271.46,34.11,187.82,1,stand01,185,0,0)*(276.17,34.11,181.16,60,stand01,159,0,0)*(287.3,34.11,182.7,30,stand01,0,0,0)*(314.57,34.11,176.12,0.1,stand01,160,0,0)*(325.57,34.11,148.68,1,stand01,0,0,0)	0	0,0	5	N10010202	N10010202	0	1	0	0
100102004	(325.57,34.11,148.68,0,stand01,0,0,0)	0	0,0	2	N10010202	N10010202	0	1	0	0
100121001	(264.04,34.11,84.37,1,stand01,0,0,0)*(260.73,34.11,125.96,10,stand01,0,0,0)*(247.76,34.11,152.97,90,stand01,303,0,0)*(247.76,34.11,160.19,30,stand01,352,0,0)*(249.39,34.11,161.95,10,stand01,295,0,0)*(254.13,34.11,176.14,60,stand01,87,0,0)*(252.6,34.11,184.52,10,stand01,150,0,0)*(254.41,34.11,165.89,30,stand01,57,0,0)*(257.7,34.11,171.1,120,stand01,57,0,0)*(264.97,34.11,165.45,10,stand01,132,0,0)*(265.95,34.11,166.88,30,stand01,126,0,0)*(266.48,34.11,172.25,20,stand01,334,0,0)*(268.74,34.11,181.92,10,stand01,280,0,0)*(263.46,34.11,183.4,70,stand01,258,0,0)*(277.22,34.11,188.32,70,stand01,32,0,0)*(297.17,34.11,197.35,1,stand01,32,0,0)	0	0,0	5	N100112001	N100112001	0	1	0	0
100121002	(297.17,34.11,197.35,0,stand01,32,0,0)	0	0,0	2	N100112002	N100112002	0	1	0	0
100134001	(200.98,34.21,832.48,5,action01,176,0,1)*(200.98,34.21,832.48,1,action02,176,0,1)	0	0,0	2	N10023701	N10023701	0	0	0	0
100137001	(241.3,34.11,228.53,1,stand01,179,0,0)*(240.94,34.11,218.69,0.1,stand01,262,0,0)*(233.58,34.1,217.35,0.1,stand01,267,0,0)*(224.84,34.78,217.46,1,stand01,323,0,0)	0	0,0	3	N100137002	N100137002	0	0	0	0
100137002	(299.58,41.3,861.28,7,stand01,88,0,0)*(299.58,41.3,861.28,1,action01,88,0,0)	0	0,0	2	N100137001	N100137001	0	0	0	0
100137003	(224.81,34.78,217.67,1,stand01,144,0,0)*(226.6,34.78,216.29,0.1,stand01,90,0,0)*(232,34.78,217.07,0.1,stand01,86,0,0)*(233.74,34.11,217.23,0.1,stand01,84,0,0)*(240.78,34.11,218.11,0.1,stand01,49,0,0)*(241.26,34.11,228.52,1,stand01,356,0,0)	0	0,0	3	N100137001	N100137001	0	0	0	0
100138001	(308.73,41.3,864.8,39,stand02,27,0,0)*(308.36,41.3,861.19,49,stand02,149,0,0)*(300.14,41.3,862.75,69,stand02,0,0,0)*(299.89,41.3,859.35,79,stand02,212,0,0)*(306.31,41.3,859.42,99,stand02,346,0,0)	0	0,0	4	N100138001	N100138001	0	0	0	0
100146001	(320.18,34.11,237.21,1,stand01,198,0,0)*(270.12,34.12,168.79,1,stand01,340,0,1)	0	0,0	5	N100146005	N100146004	0	1	0	0
100146002	(270.12,34.12,168.79,3,stand01,340,100026,1)*(270.12,34.12,168.79,1,stand02,340,100026,1)	1	0,0	2	N100146001	N100146001	(7,9999999,M99000156)	1	1100003,0	0
100146003	(270.12,34.12,168.79,3,stand01,340,0,1)*(320.25,34.11,237.3,1,stand01,0,0,1)	0	0,0	3	N100146005	N100146006	0	1	0	0
100146004	(298.95,34.62,781.19,0,stand01,308,0,0)	0	0,0	2	N100146005	N100146006	0	1	0	0
100147001	(296.99,34.62,781.76,0,stand02,62,0,0)	0	0,0	2	N10014701	N10014701	0	0	0	0
100148001	(312.96,34.36,620.93,15,stand02,68,0,1)*(312.96,34.36,620.93,1,stand03,68,110018,1)	0	0,0	2	N10014801	N10014801	0	0	0	0
100150001	(294.65,34.11,179.71,1,stand01,0,0,0)*(263.51,34.11,181.6,1,stand01,0,0,0)	0	0,0	5	N100150004	N100150003	0	1	0	0
100150002	(262.96,34.11,179.08,1,stand01,44,100011,1)*(262.96,34.44,179.08,2,stand02,44,100012,1)*(262.96,34.44,179.08,2,stand03,44,100011,1)	1	0,0	2	N100150001	N100150001	0	1	1100005,0	0
100150003	(263.51,34.11,181.6,1,stand01,18,0,0)*(294.65,34.11,179.71,1,stand01,0,0,0)	0	0,0	3	N100150007	N100150008	0	1	0	0
100151001	(199.16,34.18,698.07,4,stand01,181,0,1)*(199.16,34.18,698.07,2,stand02,181,0,1)	0	0,0	2	N100151001	N100151001	0	0	0	0
100152001	(317.91,34.11,181.59,1,stand01,0,0,0)*(255.78,34.11,172.83,1,stand01,68,0,0)	0	0,0	5	N100146003	N100146003	(7,9999999,M99000141)*(7,M99000141,M99000142)	1	0	0
100152002	(258.84,34.12,173.1,5,stand01,210,100001,1)*(258.84,34.12,173.06,3,stand02,210,100002,1)	0	0,0	2	N100152001	N100152001	(7,9999999,M99000141)*(7,M99000141,M99000142)	1	0	0
100152003	(255.78,34.11,172.83,1,stand01,187,0,0)*(317.91,34.11,181.59,1,stand01,0,0,0)	0	0,0	3	N100152004	N100152004	(7,9999999,M99000141)*(7,M99000141,M99000142)	1	0	0
100152004	(200.49,34.18,697.35,0,stand01,271,0,0)	0	0,0	2	N100152004	N100152004	(7,9999999,M99000141)*(7,M99000141,M99000142)	1	0	0
100154001	(358.31,39.86,947.86,29,stand01,57,0,0)*(358.31,39.86,947.86,1,stand02,57,0,0)	0	0,0	2	N10015401	N10015401	(7,M99000050,M99000052)	0	0	0
100155001	(457.18,34.52,692.74,0,stand02,89,100036,0)	1	0,0	2	N100155001	N100155001	0	1	1100011,0	0
100156001	(168.5,33.86,633.6,6,stand01,190,0,1)*(168.5,33.86,633.6,1,stand02,190,100036,1)	1	0,0	2	N100156001	N100156001	0	0	1100013,0	0
100157001	(417.53,34.18,632.87,0,stand01,86,100036,1)	1	0,0	2	N10015701	0	0	1	1100012,0	0
100158001	(254.48,33.97,693.33,2,stand01,138,0,1)*(254.48,33.97,693.33,6,stand02,138,100036,1)*(254.48,33.97,693.33,2,stand03,138,0,1)	1	0,0	2	N100158001	N100158001	0	1	1100036,0	0
100159001	(242.69,34.11,777.88,10,stand02,89,100036,1)*(242.69,34.11,777.88,3,stand03,89,0,1)*(242.69,34.11,777.88,10,stand02,89,100036,1)*(242.69,34.11,777.88,3,stand03,89,0,1)*(240.87,34.11,779.39,10,stand02,357,100036,1)*(240.87,34.11,779.39,3,stand03,357,0,1)	1	0,0	2	N10015901	N10015901	0	1	1100010,0	0
100160001	(320.12,34.11,227.15,0.3,stand01,0,0,0)*(261.08,34.11,181.18,0.3,stand01,194,0,1)	0	0,0	5	N100160002	N100160002	0	1	0	0
100160002	(261.08,34.11,181.18,2,stand01,194,100016,1)*(261.08,34.11,181.18,6,stand02,194,100016,1)*(261.08,34.11,181.18,1,stand03,194,100016,1)	0	0,0	2	N100160001	N100160001	0	1	0	0
100160003	(261.08,34.11,181.18,0.3,stand01,194,0,1)*(320.12,34.11,227.15,0.3,stand01,0,0,0)	0	0,0	3	N100160003	N100160003	0	1	0	0
100161001	(231.83,33.6,630.6,12,stand01,80,0,1)*(231.83,33.6,630.6,1,stand02,80,100031,1)	0	0,0	2	N10016101	N10016101	0	1	0	0
100162001	(229.11,33.6,620.59,16,stand04,38,100031,1)*(229.11,33.6,620.59,1,stand05,38,0,1)	1	0,0	2	N10016201	N10016201	0	1	1100015,0	0
100163001	(224.98,33.56,640.49,5,stand02,321,0,0)*(224.98,33.56,640.49,1,stand03,321,0,0)	0	0,0	2	N100163002	N100163002	0	1	0	0
100164001	(250.46,34.64,143.16,0,stand01,93,0,0)	0	0,0	2	N100164003	N100164003	0	1	0	0
100165001	(260.66,34.11,113.97,9,stand01,161,0,0)*(260.66,34.11,113.97,1,stand02,161,0,0)	0	0,0	2	N100165003	N100165003	0	1	0	0
100166001	(264.26,34.11,84.07,0.3,stand01,0,0,0)*(266.61,34.11,177.64,0.3,stand01,249,0,0)	0	0,0	5	N100166003	N100166003	0	1	0	0
100166002	(263.27,34.12,175.7,0,stand01,99,100021,0)	1	0,0	2	N100166005	N100166005	0	1	1100004,0	0
100166003	(266.61,34.11,177.64,0.3,stand01,110,0,0)*(264.26,34.11,84.07,0.3,stand01,0,0,0)	0	0,0	3	N100166004	N100166004	0	1	0	0
100167001	(198.77,34.21,827.47,16,stand02,0,100031,1)*(198.77,34.21,827.47,0,stand03,0,0,1)	1	0,0	2	N100167001	N100167001	0	1	1100006,0	0
100168001	(322.32,34.11,258.2,1,stand01,233,0,0)*(262.86,34.11,169.3,1,stand01,342,0,0)	0	0,0	3	N10016805	N10016805	0	1	0	0
100168002	(262.23,34.11,173.32,2,stand01,165,100006,1)*(262.23,34.11,173.32,1,stand02,165,100006,1)	1	0,0	2	N10016801	0	0	1	1100002,0	0
100168003	(262.86,34.11,169.3,1,stand01,153,0,0)*(322.32,34.11,258.2,1,stand01,233,0,0)	0	0,0	3	N10016806	N10016806	0	1	0	0
100169001	(202.06,34.21,827.92,8,stand02,270,110005,1)*(202.06,34.21,827.92,1,stand03,270,0,1)	0	0,0	2	N10016901	0	0	0	0	0
100170001	(200.88,34.21,826.82,10,stand02,0,0,1)*(200.88,34.21,826.82,1,stand03,0,110006,1)	0	0,0	2	N10017001	0	0	0	0	0
100171001	(247.12,34.11,156.31,1,stand01,64,0,0)*(255.19,34.11,167.06,60,stand01,30,0,0)*(254.25,34.11,180.19,79,stand01,136,0,0)*(258.71,34.11,185.93,99,stand01,0,0,0)*(262.73,34.11,181.87,10,stand02,231,0,0)*(262.73,34.11,181.87,1,stand03,231,0,0)*(262.73,34.11,181.87,500,stand01,231,0,0)*(264.98,34.11,179.97,60,stand01,238,0,0)*(275.77,34.11,178.28,70,stand01,161,0,0)*(287.34,34.11,184.27,90,stand01,0,0,0)*(293.55,34.11,183.65,10,stand01,110,0,0)*(316.11,34.11,180.13,30,stand01,0,0)*(315.46,34.11,174.35,10,stand01,201,0,0)*(314.84,34.11,156.82,10,stand01,255,0,0)*(314.76,34.11,154,10,stand02,287,0,0)*(311.25,34.11,134.38,20,stand02,259,0,0)*(311.98,35.01,177.38,0.1,stand01,305,0,0)*(307.26,34.11,238.8,1,stand01,292,0,0)	0	0,0	3	N10017101	N10017101	0	0	0	0
100171002	(307.26,34.11,238.8,1,stand01,132,0,0)*(287.34,34.11,184.27,90,stand01,0,0,0)*(275.77,34.11,178.28,60,stand01,161,0,0)*(270.39,34.11,171.36,30,stand01,194,0,0)*(258.13,34.11,144.4,0.1,stand01,174,0,0)*(264.07,34.11,84.76,1,stand01,176,0,0)	0	0,0	3	N10017102	N10017102	0	0	0	0
100171003	(264.07,34.11,84.76,1,stand01,349,0,0)*(256.74,34.11,138.78,90,stand01,288,0,0)*(255.19,34.11,167.06,30,stand01,30,0,0)*(262.73,34.11,181.87,500,stand02,231,0,0)*(267.09,34.11,177.12,70,stand01,271,0,0)*(254.25,34.11,180.19,19,stand01,136,0,0)*(287.34,34.11,184.27,10,stand02,0,0,0)*(256.74,34.11,138.78,10,stand01,288,0,0)*(264.07,34.11,84.76,1,stand01,349,0,0)	0	0,0	3	N10017102	N10017102	0	0	0	0
100173001	(286.79,34.13,186.53,3,stand01,36,110003,1)*(286.79,34.13,186.53,2,stand02,36,0,1)*(286.79,34.13,186.53,1,stand03,36,110003,1)	0	0,0	2	N10017301	N10017301	0	1	0	0
100173002	(289.79,34.13,186.53,1,stand01,36,0,0)*(269.09,34.13,180.02,60,stand01,243,0,0)*(260.5,34.13,151.24,1,stand01,173,0,0)	0	0,0	5	N10017302	N10017302	0	1	0	0
100173003	(260.5,34.13,151.24,7,stand01,173,0,0)*(260.5,34.13,151.24,2,stand02,173,0,0)*(260.5,34.13,151.24,1,stand03,173,0,0)	0	0,0	2	N10017302	N10017302	0	1	0	0
100173004	(260.5,34.13,151.24,1,stand01,173,0,0)*(264.38,34.13,84.13,1,stand01,173,0,0)	0	0,0	3	N100173101	N100173101	0	1	0	0
100174001	(287.77,34.11,186.38,2,stand01,356,0,1)*(287.77,34.11,186.38,2,stand02,356,110004,1)*(287.77,34.11,186.38,1,stand03,356,0,1)	0	0,0	2	N10017301	N10017301	0	1	0	0
100174002	(287.77,34.11,186.38,1,stand01,356,0,1)*(269.56,34.11,179.32,60,stand01,272,0,0)*(260.98,34.11,150.53,1,stand01,304,0,0)	0	0,0	5	N10017302	N10017302	0	1	0	0
100174003	(260.98,34.11,150.53,3,stand01,304,0,0)*(260.98,34.11,150.53,2,stand02,304,0,0)*(260.98,34.11,150.53,1,stand03,304,0,0)	0	0,0	2	N10017302	N10017302	0	1	0	0
100174004	(260.98,34.11,150.53,1,stand01,304,0,0)*(264.86,34.11,83.43,1,stand01,304,0,0)	0	0,0	3	N100174101	N100174101	0	1	0	0
100184001	(264.49,34.11,83.68,1,stand01,357,0,0)*(263.36,34.11,103.35,0.1,stand01,357,0,0)*(260.83,34.11,158.51,0.1,stand01,16,0,0)*(264.58,34.11,167.37,0.1,stand01,52,0,0)*(279.24,34.11,183.21,0.1,stand01,86,0,0)*(316.14,34.11,178.08,0.1,stand01,103,0,0)*(343.34,34.11,174.44,0.1,stand01,96,0,0)*(347.85,34.11,174.6,0.1,stand01,94,0,0)*(349.26,34.11,174.8,0.1,stand01,34,0,0)	0	0,0	5	N10018401	N10018401	0	1	0	0
100184002	(349.26,34.11,174.8,0,stand01,34,0,0)	0	0,0	2	N10018410	N10018410	0	1	0	0
100184003	(349.26,34.11,174.8,1,stand01,34,0,0)*(345.39,34.11,173.9,0.1,stand01,272,0,0)*(281.84,34.11,184.19,0.1,stand01,279,0,0)*(248.27,34.11,182.81,0.1,stand01,307,0,0)*(237.34,34.11,188.88,0.1,stand01,307,0,0)*(227.68,34.11,197.07,0.1,stand01,307,0,0)*(226,34.11,199.23,0.1,stand01,339,0,0)*(223.59,34.11,211.38,120,stand01,359,0,0)*(223.62,34.11,210.35,0.1,stand01,176,0,0)*(225.07,34.11,201.89,0.1,stand01,160,0,0)*(226.7,34.11,198.18,0.1,stand01,142,0,0)*(236.5,34.11,189.83,0.1,stand01,126,0,0)*(248.42,34.11,181.19,0.1,stand01,135,0,0)*(252.96,34.11,165.54,0.1,stand01,170,0,0)*(254.62,34.11,147.28,30,stand01,208,0,0)*(260.68,34.11,136.92,0.1,stand01,179,0,0)*(263.92,34.11,84.75,1,stand01,179,0,0)	0	0,0	3	N10018411	N10018411	0	1	0	0
100185001	(261.1,34.11,188.47,1,stand01,173,0,0)*(247.93,34.11,182.51,0.1,stand01,311,0,0)*(237.57,34.11,189,0.1,stand01,311,0,0)*(224.47,34.11,200.12,1,stand01,168,0,0)	0	0,0	5	N10018502	N10018502	0	0	0	0
100185002	(224.47,34.11,200.12,2,stand01,168,0,0)*(224.47,34.11,200.12,39,stand02,168,0,0)	0	0,0	2	N10018501	N10018501	0	0	0	0
100185003	(224.47,34.11,200.12,1,stand01,168,0,0)*(237.57,34.11,189,0.1,stand01,122,0,0)*(247.93,34.11,182.51,19,stand01,121,0,0)*(255.38,34.11,169.58,99,stand01,40,0,0)*(268.53,34.11,170.42,19,stand01,332,0,0)*(266.89,34.11,174.28,39,stand01,274,0,0)*(261.1,34.11,188.47,1,stand01,333,0,0)	0	0,0	3	N10018503	N10018503	0	0	0	0
100186001	(265.13,34.11,84.15,1,stand01,356,0,0)*(264,34.11,103.82,0.1,stand01,356,0,0)*(261.6,34.11,158.73,0.1,stand01,14,0,0)*(265.33,34.11,167.1,0.1,stand01,51,0,0)*(279.71,34.11,182.57,0.1,stand01,85,0,0)*(316.4,34.11,177.33,0.1,stand01,102,0,0)*(343.69,34.11,173.72,0.1,stand01,95,0,0)*(348.08,34.11,173.61,0.1,stand01,60,0,0)*(350.23,34.11,174.52,1,stand01,0,0,0)	0	0,0	5	N10018601	N10018601	0	1	0	0
100186002	(350.23,34.11,174.52,9,stand01,0,0,0)*(350.23,34.11,174.52,1,stand02,0,0,0)	0	0,0	2	N10018610	N10018610	0	1	0	0
100186003	(350.23,34.11,174.52,1,stand01,0,0,0)*(345.1,34.11,174.68,0.1,stand01,267,0,0)*(281.65,34.11,185,0.1,stand01,274,0,0)*(248.48,34.11,183.62,0.1,stand01,302,0,0)*(237.55,34.11,189.69,0.1,stand01,302,0,0)*(227.89,34.11,197.88,0.1,stand01,302,0,0)*(226.61,34.11,199.8,0.1,stand01,334,0,0)*(224.35,34.11,211.71,120,stand01,353,0,0)*(224.43,34.11,210.35,0.1,stand01,175,0,0)*(225.84,34.11,202.1,0.1,stand01,160,0,0)*(227.37,34.11,198.63,0.1,stand01,141,0,0)*(237.02,34.11,190.45,0.1,stand01,125,0,0)*(249.03,34.11,181.72,0.1,stand01,135,0,0)*(253.76,34.11,165.62,0.1,stand01,170,0,0)*(255.3,34.11,146.85,30,stand01,208,0,0)*(261.48,34.11,136.88,0.1,stand01,178,0,0)*(264.73,34.11,84.71,1,stand01,178,0,0)	0	0,0	3	N10018605	N10018605	0	1	0	0
100187001	(359.79,34.11,166.45,1,stand01,352,0,0)*(284.36,34.11,183.46,0.1,stand01,269,0,0)*(248.19,34.14,183.53,0.1,stand01,302,0,0)*(236.92,34.11,188.79,3,stand01,309,0,0)*(224.57,34.11,198.22,1,stand01,15,0,0)	0	0,0	5	N10018704	N10018704	0	0	0	0
100187002	(224.57,34.11,198.22,2,stand01,15,0,0)*(224.57,34.11,198.22,19,stand02,15,0,0)	0	0,0	2	N10018701	N10018701	0	0	0	0
100187003	(224.57,34.11,198.22,1,stand01,15,0,0)*(236.92,34.11,188.79,0.1,stand01,119,0,0)*(249.0,34.11,183.01,9,stand01,152,0,0)*(251.98,34.11,177.1,29,stand01,256,0,0)*(258.95,34.11,183.76,0.1,stand01,85,0,0)*(277.1,34.11,186.36,69,stand01,11,0,0)*(312.75,34.11,177.89,3,stand01,41,0,0)*(315.39,34.11,180.82,19,stand01,16,0,0)*(359.79,34.11,166.45,1,stand01,197,0,0)	0	0,0	3	N10018704	N10018704	0	0	0	0
100189001	(301.73,41.29,860.3,3,stand01,0,110018,1)*(301.73,41.29,860.3,1,stand02,0,0,1)	0	0,0	2	N10018901	N10018901	0	1	0	0
100189002	(221.73,34.78,216.75,1,stand01,165,0,0)*(223.94,34.11,212.03,0.1,stand01,174,0,0)*(226.05,34.11,198.63,0.1,stand01,142,0,0)*(237.66,34.11,189.3,0.1,stand01,119,0,0)*(237.35,34.11,181.3,0.1,stand01,131,0,0)*(255.5,34.11,154.03,0.1,stand01,178,0,0)*(264.12,34.11,85.29,1,stand01,177,0,0)	0	0,0	3	N10018902	N10018902	0	1	0	0
100191001	(173.32,34.27,780.02,3,stand01,175,0,1)*(173.32,34.27,780.02,2,stand02,175,100036,1)*(173.32,34.27,780.02,1,stand03,175,0,1)	1	0,0	2	N100191001	N100191001	0	1	1100007,0	0
100194001	(120.93,35.17,634.01,0,stand01,185,0,0)	0	0,0	2	N100194001	N100194001	0	1	0	0
100195001	(118.23,35.17,627.98,9,stand02,51,0,0)*(118.23,35.17,627.98,1,stand03,51,0,0)	0	0,0	2	N100195001	N100195001	0	1	0	0
100196001	(118.87,35.17,626.6,3,stand01,32,0,0)*(118.87,35.17,626.6,5,stand02,32,0,0)*(118.87,35.17,626.6,1,stand03,32,0,0)	0	0,0	2	N100196001	N100196001	0	1	0	0
100197001	(118.72,35.17,633.58,7,stand01,146,0,0)*(118.72,35.17,633.58,3,stand02,146,0,0)*(118.72,35.17,633.58,1,stand03,146,0,0)	0	0,0	2	N100197001	N100197001	0	1	0	0
100198001	(122.35,35.17,627.56,1,stand01,322,0,0)*(122.35,35.17,627.56,7,stand02,322,0,0)*(122.35,35.17,627.56,1,stand03,322,0,0)	0	0,0	2	N100198001	N100198001	0	1	0	0
100199001	(124.12,35.17,630.33,11,stand02,272,0,0)*(124.12,35.17,630.33,1,stand03,272,0,0)	0	0,0	2	N100199001	N100199001	0	1	0	0
100200001	(352.36,34.11,169.97,1,stand01,0,0,0)*(349.16,34.11,175.37,1,stand01,15,0,1)	0	0,0	5	N10020002	N10020002	0	1	0	0
100200002	(349.16,34.11,175.37,5,stand01,15,0,1)*(349.16,34.11,175.37,2,stand02,15,0,1)*(349.16,34.11,175.37,1,stand03,15,0,1)*(349.16,34.11,175.37,2,action01,15,0,1)	0	0,0	2	N10020001	0	0	1	0	0
100200003	(348.52,34.11,174.67,5,stand01,15,0,1)*(352.36,34.11,169.97,1,stand01,188,0,0)	0	0,0	3	N10020003	N10020003	0	1	0	0
100201001	(96.33,34.09,777.93,12,stand02,0,110016,1)*(93.1,34.09,779.18,1,stand03,338,0,1)*(94.94,34.09,782.69,20,stand02,80,110017,1)*(98,34.09,784.76,12,stand02,1,0,1)*(98,34.09,781.65,1,stand02,205,0,1)	0	0,0	1	N10020101	N10020101	0	1	0	0
100206001	(316.68,34.11,160.79,1,stand01,0,0,0)*(314.73,34.11,176.39,0.1,stand01,323,0,0)*(255.31,34.11,177.75,1,stand01,262,0,0)	0	0,0	5	N100206001	N100206001	0	1	0	0
100206002	(255.31,34.11,177.75,0,stand01,262,0,0)	1	0,0	2	N100206002	N100206002	0	1	0	0
100206003	(255.31,34.11,177.75,0,stand01,262,0,0)*(314.73,34.11,176.39,0.1,stand01,186,0,0)*(316.68,34.11,160.79,1,stand01,105,0,0)	0	0,0	3	N100206003	N100206003	0	1	0	0
100210001	(246.55,34.11,143.11,0,stand02,165,0,0)	0	0,0	2	N100210001	N100210001	0	1	0	0
100219001	(379.56,34.11,175.17,3,stand01,207,0,0)*(378.71,34.11,172.73,0.1,stand01,230,0,0)*(338.1,34.11,174.42,0.1,stand01,280,0,0)*(298.03,34.11,185.81,0.1,stand01,344,0,0)*(297.35,34.11,192.94,0.1,stand01,13,0,0)*(316.05,34.11,256.51,1,stand01,296,0,0)	0	0,0	5	N100219001	N100219001	0	1	0	0
100219002	(316.05,34.11,256.51,19,stand01,296,0,0)*(316.05,34.11,256.51,1,stand02,296,0,0)	0	0,0	2	N100219002	N100219002	0	1	0	0
100219003	(316.05,34.11,256.51,1,stand01,296,0,0)*(314.54,34.11,247.35,20,stand01,296,0,0)*(308.78,34.11,232.57,30,stand01,140,0,0)*(305.06,34.11,220.29,10,stand01,234,0,0)*(294.15,34.11,187.47,0.1,stand01,233,0,0)*(281.04,34.11,184.45,10,stand01,263,0,0)*(263.5,34.11,188.46,30,stand01,347,0,0)*(266.35,34.11,181.32,60,stand01,229,0,0)*(260.73,34.11,185.23,90,stand01,189,0,0)*(258.19,34.11,185.7,30,stand01,2,0,0)*(254.24,34.11,177.91,60,stand01,95,0,0)*(255.35,34.11,170.87,5,stand01,39,0,0)*(257.46,34.11,171.63,40,stand01,39,0,0)*(262.17,34.11,165.96,0.1,stand01,55,0,0)*(273.67,34.11,177.75,10,stand01,154,0,0)*(281.23,34.11,180.68,0.1,stand01,92,0,0)*(299.4,34.11,180.28,0.1,stand01,99,0,0)*(330.23,34.11,175.18,0.1,stand01,93,0,0)*(378.57,34.11,171.85,0.1,stand01,38,0,0)*(379.6,34.11,174.9,1,stand01,16,0,0)	0	0,0	3	N100219003	N100219003	0	1	0	0
100225001	(282.58,34.65,188.37,0,stand01,206,0,0)	0	0,0	2	N100225001	N100225001	0	0	0	0
100226001	(265.06,34.11,114.68,9,stand01,193,0,0)*(265.06,34.11,114.68,1,stand02,193,0,0)	0	0,0	2	N100226003	N100226003	0	1	0	0
100227001	(309.4,34.11,135.33,0,stand01,231,0,0)	0	0,0	2	N100227003	N100227003	0	1	0	0
100228001	(302.9,34.11,123.58,1,idle01,177,0,1)*(302.9,34.11,123.58,2,skill02,177,0,1)	0	0,0	2	N10022801	N10022801	0	1	0	0
100231001	(382.01,34.26,693.09,3,stand01,205,0,0)*(382.01,34.26,693.09,9,stand02,205,0,0)*(382.01,34.26,639.09,1,stand03,0,0)	1	0,0	2	N100231001	N100231001	0	1	1100009,0	0
100232001	(380.06,34.27,691.52,5,stand01,175,0,1)*(380.06,34.27,691.52,1,stand02,175,0,1)*(380.06,34.27,691.52,1,stand03,175,100031,1)	1	0,0	2	N100232001	N100232001	0	1	1100008,0	0
100233001	(387.54,34.1,699.91,9,stand02,292,0,0)*(387.54,34.11,699.91,1,stand03,292,0,0)	0	0,0	2	N100233001	N100233001	0	1	0	0
100234001	(327.64,34.11,172.35,1,stand01,20,0,0)*(348.4,34.11,175.53,1,stand01,20,0,0)	0	0,0	5	N10023401	0	0	1	0	0
100234002	(348.4,34.11,175.53,0,stand01,20,0,0)	0	0,0	2	N10023401	0	0	1	0	0
100234003	(348.4,34.11,175.53,1,stand01,20,0,0)*(341.13,34.11,174,0.1,stand01,282,0,0)*(307.24,34.11,180.32,0.1,stand01,282,0,0)*(279.82,34.11,183.33,5,stand01,268,0,0)*(267.55,34.11,181,30,stand01,234,0,0)*(268.47,34.11,175.1,10,stand01,279,0,0)*(257.46,34.11,170.08,50,stand01,28,0,0)*(258.52,34.11,151.77,0.1,stand01,179,0,0)*(260.09,34.11,124.28,0.1,stand01,171,0,0)*(264.66,34.11,84.64,1,stand01,171,0,0)	0	0,0	3	N10023401	0	0	1	0	0
100235001	(303.56,34.11,157.95,3,skill01,118,0,0)*(303.56,34.11,157.95,1,skill02,118,0,0)	0	0,0	2	N10023501	N10023501	0	1	0	0
100236001	(305.01,34.11,156.78,3,skill01,303,0,0)*(305.01,34.11,156.78,1,skill02,303,0,0)	0	0,0	2	N10023501	N10023501	0	1	0	0
100242001	(300.02,34.11,123.44,1,idle01,176,0,1)*(300.02,34.11,123.44,2,skill02,176,0,1)	0	0,0	2	N10024201	N10024201	0	1	0	0
100243001	(296.94,34.11,123.33,1,idle01,177,0,1)*(296.94,34.11,123.33,2,skill02,177,0,1)	0	0,0	2	N100243001	N100243001	0	1	0	0
100246001	(250.12,34.11,165.44,11,stand01,317,0,0)*(250.12,34.11,165.44,1,idle01,131,0,0)*(250.12,34.11,165.44,1,skill01,131,0,0)	0	0,0	2	N100246001	0	0	1	0	0
100250001	(316.37,34.11,227.51,1,stand01,0,0,0)*(312.71,34.11,230.1,1,stand01,339,0,0)	0	0,0	3	N10025002	N10025002	0	1	0	0
100250002	(312.71,34.11,230.4,7,stand01,339,110060,0)*(312.71,34.11,230.4,3,stand02,339,110061,0)	0	0,0	2	N10025001	0	0	1	0	0
100250003	(312.71,34.11,230.1,1,stand01,339,0,0)*(316.62,34.11,228.01,1,stand01,179,0,0)	0	0,0	3	N10025003	N10025003	0	1	0	0
100261001	(345.84,34.11,226.14,1700,stand02,188,110018,0)*(336.91,34.11,226.58,300,stand02,188,110018,0)*(327.17,34.11,230.54,100,stand02,11,110018,0)*(309.81,34.11,238.97,50,stand01,301,110018,0)*(317.51,34.11,251.84,70,stand02,111,110018,0)*(303.29,34.11,210.54,300,stand02,111,110018,0)*(294.27,34.11,183.97,60,stand02,165,110018,0)*(315.81,34.11,169.13,100,stand02,106,110018,0)*(360.27,34.11,169.24,60,stand02,190,110018,0)*(369.04,34.11,164.79,1,stand01,190,110018,0)	0	0,0	2	N10026103	0	0	0	0	0
100262001	(238.24,34.11,199.41,1,stand01,1860,0)*(281.08,34.11,186.1,7,stand01,220,0,0)*(266.77,34.11,184.97,19,stand01,190,0,0)*(247.84,34.11,181,17,stand01,147,0,0)*(231.98,34.11,193.61,30,stand01,18,0,0)*(224.14,34.11,203.49,60,stand01,286,0,0)*(254.77,34.11,161.88,60,stand01,355,0,0)*(263.34,34.11,110.44,19,stand01,355,0,0)*(259.55,34.11,138.82,10,stand01,126,0,0)*(271.18,34.11,175.16,7,stand01,248,0,0)*(286.54,34.11,182.65,30,stand01,355,0,0)*(304.33,34.11,214.07,7,stand01,355,0,0)*(321.2,34.11,265.76,1,stand01,355,0,0)	0	0,0	3	N10026203	N10026203	1	0	0	0
100262002	(321.2,34.11,265.76,1,stand01,355,0,0)*(313.75,34.11,236.04,39,stand01,163,0,0)*(336.08,34.11,228.12,7,stand01,355,0,0)*(313.75,34.11,236.01,2,stand01,163,0,0)*(297.32,34.11,183.91,17,stand01,86,0,0)*(315.26,34.11,177.58,9,stand01,186,0,0)*(315.45,34.11,166.46,29,stand01,291,0,0)*(314.94,34.11,152.18,5,stand01,307,0,0)*(313.05,34.11,136.2,9,stand01,236,0,0)*(337.33,34.11,174.76,11,stand01,15,0,0)*(354.32,34.11,170.13,7,stand01,355,0,0)*(372.69,34.11,172.86,29,stand01,26,0,0)*(286.54,34.11,182.65,7,stand01,355,0,0)*(283.24,34.11,199.41,1,stand01,186,0,0)	0	0,0	3	N10026203	N10026203	1	0	0	0
100280001	(352.18,34.11,169.88,1,stand01,0,0,0)*(351.22,34.11,173.69,1,stand01,0,0,0)	0	0,0	5	N100280001	N100280001	0	1	0	0
100280002	(351.22,34.11,173.69,9,stand01,0,0,0)*(351.22,34.11,173.69,1,stand02,0,0,0)	0	0,0	2	N100280002	N100280002	0	1	0	0
100280003	(351.22,34.11,173.69,1,stand01,189,0,0)*(352.18,34.11,169.88,1,stand01,191,0,0)	0	0,0	3	N100280003	N100280003	0	1	0	0
100286001	(380.08,34.26,683.77,1,stand01,26,0,0)*(380.08,34.26,683.77,3,stand01,26,0,0)*(380.08,34.26,683.77,1,satnd02,26,0,0)*(380.08,34.26,683.77,1,stand01,196,0,0)	0	0,0	3	N100286001	N100286001	0	0	0	0
100290001	(310.55,34.11,248.86,0,stand02,197,0,0)	0	0,0	2	N10029002	0	0	0	0	0
100290002	(311.93,34.11,248.53,1,stand01,112,0,0)*(318.33,34.11,249.59,1,stand01,112,0,0)	0	0,0	3	N10029002	N10029002	0	0	0	0
100291001	(309.59,34.11,246.49,0,stand02,21,0,0)	0	0,0	2	N10029102	0	0	0	0	0
100291002	(310.91,34.11,245.55,1,stand01,126,0,0)*(311.16,34.11,22.69,0.1,stand01,193,0,0)*(310.41,34.11,241.17,0.1,stand01,243,0,0)*(307.45,34.11,239.69,0.1,stand01,290,0,0)	0	0,0	3	N10029103	N10029103	0	0	0	0
100300001	(304.11,34.13,232.79,150,stand02,155,0,0)*(301.88,34.13,232.5,150,stand02,229,0,0)*(302.64,34.13,233.71,150,stand02,76,0,0)	0	0,0	4	N100300002	N100300002	0	1	0	0
100303001	(310.38,34.11,245.48,9,stand01,6,0,0)*(310.38,34.11,245.48,1,stand02,6,0,0)	0	0,0	2	N100303001	0	0	0	0	0
100303002	(310.38,34.11,245.48,1,stand01,6,0,0)*(309.54,34.11,232.79,30,stand01,143,0,0)*(308.06,34.11,230.08,0.1,stand01,194,0,0)*(294.01,34.11,186.61,0.1,stand01,227,0,0)*(276.66,34.11,179.73,60,stand01,143,0,0)*(267.63,34.11,173.14,10,stand01,277,0,0)*(261.42,34.11,167.39,10,stand01,4,0,0)*(249.6,34.11,161.51,20,stand01,284,0,0)*(246.91,34.11,158.98,5,stand01,265,0,0)*(260.64,34.11,145.13,30,stand01,265,0,0)*(264.3,34.11,84.72,1,stand01,174,0,0)	0	0,0	3	N100303002	N100303002	0	0	0	0
100304001	(264.13,34.11,181.22,0,stand01,44,110098,0)	0	1,M00010062	2	N100304001	N100304001	0	1	0	0
100304002	(264.13,34.11,181.22,1,stand01,44,0,0)*(284.19,34.11,182.18,0.1,stand01,88,0,0)*(295.65,34.11,180.04,1,stand01,172,0,0)	0	1,M00010062	3	N100304002	N100304002	0	1	0	0
100321001	(254.59,34.11,137.68,0,stand02,316,120001,0)	0	0,0	2	N100321003	N100321003	0	0	0	0
100401001	(253.03,34.11,137.81,1,Eating,318,0,0)*(253.03,34.11,137.81,1,Idle01,318,0,0)*(253.03,34.11,137.81,11,Idle03,318,0,0)	0	0,0	2	N100321004	N100321004	0	0	0	0
100402001	(253.54,34.11,138.93,1,Eating,284,0,0)*(253.54,34.11,138.93,1,Idle01,284,0,0)*(253.54,34.11,138.93,19,Idle03,284,0,0)	0	0,0	2	N100321004	N100321004	0	0	0	0
100403001	(241.78,34.11,138.35,0,stand02,354,0,0)	0	0,0	2	N100403003	N100403003	0	1	0	0
100404001	(224.47,34.7,139.64,0,stand02,79,0,0)	0	0,0	2	N100404001	N100404001	0	1	0	0
100405001	(223.38,34.56,145.31,0,stand01,87,0,0)	0	0,0	2	N100405001	N100405001	0	1	0	0
100407001	(130.54,34.79,834.63,0,stand02,138,0,0)	0	0,0	2	N100405001	N100405001	0	1	0	0
100408001	(135.38,34.79,838.74,0,stand02,147,0,0)	0	0,0	2	N100405001	N100405001	0	1	0	0
110001001	(253.5,34.5,128.47,1,stand03,63,0,0)*(253.14,34.5,130.2,1,stand03,354,0,0)	0	0,0	5	N110001001	N110001001	0	1	0	0
110001002	(252.77,34.5,131.08,0,stand01,86,0,0)	0	0,0	2	N110001001	N110001001	0	0	0	0
110001003	(253.14,34.5,130.2,1,stand03,170,0,0)*(253.15,34.5,129.09,1,stand03,0,0)	0	0,0	3	N110001001	N110001001	0	1	0	0
110002001	(253.28,34.5,128.55,1,stand01,37,0,0)*(253.45,34.11,135.53,1,stand01,82,0,0)	0	0,0	5	N110002003	N110002003	0	0	0	0
110002002	(253.45,34.11,135.53,19,stand01,82,0,0)*(253.5,34.11,135.53,1,stand02,82,0,0)	0	0,0	2	N110002003	N110002003	0	0	0	0
110002003	(253.45,34.11,135.53,1,stand01,82,0,0)*(253.28,34.5,128.55,1,stand01,268,0,0)	0	0,0	3	N110002003	N110002003	0	0	0	0
110003001	(388.48,34.26,698.26,7,stand01,334,0,0)*(385.01,34.26,693.64,7,stand01,200,0,0)*(385.01,34.26,693.64,1,stand02,200,0,0)*(385.67,34.26,691.03,5,action07,111,0,0)*(382.3,34.26,688.83,5,action07,291,0,0)*(383.67,34.26,686.67,5,action07,110,0,0)*(378.06,34.26,687.25,5,action07,291,0,0)	0	0,0	4	N110003001	N110003001	0	1	0	0
110004001	(458,34.51,697.3,19,stand02,355,0,0)*(458,34.51,697.3,1,stand03,355,0,0)	1	0,0	2	0	0	0	1	0	0
110006001	(263.16,34.11,128.82,0,stand01,273,0,0)	0	0,0	2	N110006001	N110006001	0	0	0	0
110007001	(306.97,34.11,156.15,1,stand01,102,0,0)*(314.25,34.11,158.87,0.1,stand01,13,0,0)*(313.89,34.11,176.84,0.1,stand01,337,0,0)*(310.28,34.11,178.39,0.1,stand01,289,0,0)*(281.48,34.11,182.42,0.1,stand01,257,0,0)*(262.19,34.11,164.84,0.1,stand01,245,0,0)*(258.92,34.11,145.82,0.1,stand01,186,0,0)*(262.22,34.11,126.2,0.1,stand01,175,0,0)*(265.67,34.11,84.15,1,stand01,185,0,0)	0	0,0	3	N110007001	N110007001	0	1	0	0
110008001	(305.69,34.11,155.15,1,stand01,90,0,0)*(315.21,34.11,157.56,0.1,stand01,1,0,0)*(315.45,34.11,176.38,0.1,stand01,325,0,0)*(311.67,34.11,179.22,0.1,stand01,277,0,0)*(282.22,34.11,183.86,0.1,stand01,245,0,0)*(262.6,34.11,166.42,0.1,stand01,233,0,0)*(257.79,34.11,146.98,0.1,stand01,173,0,0)*(261.07,34.11,127.34,0.1,stand01,172,0,0)*(264.51,34.11,85.29,0.1,stand01,172,0,0)	0	0,0	3	N110008001	N110008001	0	1	0	0
110009001	(305.56,34.11,154.36,1,stand01,91,0,0)*(316,34.11,157.4,0.1,stand01,2,0,0)*(316.16,34.11,176.73,0.1,stand01,326,0,0)*(311.89,34.11,179.99,0.1,stand01,278,0,0)*(282,34.11,184.64,0.1,stand01,246,0,0)*(262.23,34.11,167.12,0.1,stand01,234,0,0)*(256.99,34.11,147.02,0.1,stand01,174,0,0)*(260.27,34.11,127.37,0.1,stand01,173,0,0)*(263.71,34.11,85.32,0.1,stand01,173,0,0)	0	0,0	3	N110009001	N110009001	0	1	0	0
110014001	(360.25,34.11,166.18,1,stand01,355,0,0)*(355.14,34.11,174.11,1,stand01,316,0,0)	0	0,0	5	N110014001	N110014001	0	1	0	0
110014002	(360.25,34.11,166.18,19,stand01,355,0,0)*(360.25,34.11,166.18,1,stand01,355,0,0)	0	0,0	2	N110014002	N110014002	0	1	0	0
110014003	(360.25,34.11,166.18,1,stand01,355,0,0)*(343.32,34.11,173.92,0.1,stand01,278,0,0)*(285.68,34.11,185.36,2,stand01,59,0,0)*(248.45,34.11,182.79,0.1,stand01,299,0,0)*(237.18,34.11,189.54,0.1,stand01,307,0,0)*(227.01,34.11,197.81,0.1,stand01,323,0,0)*(225.81,34.11,199.5,0.1,stand01,349,0,0)*(224.01,34.11,212.03,0.1,stand01,359,0,0)*(224.87,34.76,215.6,0.1,stand01,35,0,0)*(232.13,34.76,216.74,0.1,stand01,80,0,0)*(234.24,34.11,217.11,0.1,stand01,80,0,0)*(243.24,34.11,217.33,2,stand01,166,0,0)*(241.41,34.11,228.46,1,stand01,354,0,0)	0	0,0	3	N110014003	N110014003	0	1	0	0
110015001	(302.22,34.11,202.4,1,stand01,219,0,0)*(293.46,34.11,187.16,0.1,stand01,243,0,0)*(218.22,34.11,180.87,0.1,stand01,243,0,0)*(275.64,34.11,174.1,8,stand01,313,0,0)	0	0,0	2	N110015002	N110015002	0	0	0	0
110015002	(275.64,34.11,174.1,8,stand01,313,0,0)*(275.64,34.11,174.1,1,stand02,313,110062,0)	0	0,0	2	N110015001	N110015001	0	0	0	0
110015003	(275.64,34.11,174.1,1,stand01,313,0,0)*(281.62,34.11,181.41,0.1,stand01,87,0,0)*(295.75,34.11,186.62,0.1,stand01,38,0,0)*(302.32,34.11,202.88,1,stand01,70,0,0)	0	0,0	2	N110015003	N110015003	0	0	0	0
300001001	(343.44,34.11,170.21,1,stand01,41,0,0)*(352.84,34.11,173.51,1,stand01,343,0,0)	0	0,0	5	N300001101	N300001101	0	1	0	0
300001002	(343.44,34.11,170.21,0,stand01,41,0,0)	0	0,0	2	N300001102	N300001102	0	1	0	0
300001003	(343.44,34.11,170.21,0,stand01,41,0,0)*(340.41,34.11,175.28,0.1,stand01,276,0,0)*(320.15,34.11,177.21,0.1,stand01,276,0,0)*(291,34.11,185.66,20,stand01,300,0,0)*(263.34,34.11,182.13,60,stand01,246,0,0)*(266.59,34.11,179.7,30,stand01,246,0,0)*(255.21,34.11,180.43,60,stand01,142,0,0)*(258.17,34.11,170.96,70,stand01,32,0,0)*(264.44,34.11,167.12,10,stand01,121,0,0)*(276.22,34.11,177.57,15,stand01,116,0,0)*(281.89,34.11,180.75,0.1,stand01,85,0,0)*(298.56,34.11,181.62,0.1,stand01,103,0,0)*(343.19,34.11,171.38,1,stand01,194,0,0)	0	0,0	3	N300001103	N300001103	0	1	0	0
300006001	(368.77,34.11,165.48,300,stand01,0,0,0)*(357.63,34.11,174.95,60,stand01,289,0,0)*(324.56,34.11,176.97,30,stand01,309,0,0)*(316.43,34.11,180.75,50,stand01,330,0,0)*(307.2,34.11,181.51,10,stand01,2,0,0)*(279.07,34.11,182.46,10,stand01,25,0,0)*(278.34,34.11,177.08,30,stand01,88,0,0)*(267.54,34.11,175.33,60,stand01,271,0,0)*(259.75,34.11,185.33,30,stand01,340,0,0)*(250.08,34.11,179.5,20,stand01,230,0,0)*(237.67,34.11,189.63,0.1,stand01,302,0,0)*(227.02,34.11,197.39,0.1,stand01,317,0,0)*(225.38,34.11,202.12,120,stand01,280,0,0)*(223.18,34.11,212.11,10,stand01,295,0,0)*(218.13,34.8,215.92,120,stand01,267,0,0)*(225.13,34.11,209.34,5,stand01,88,0,0)*(225.18,34.11,202.73,0.1,stand01,166,0,0)*(225.59,34.11,199.33,0.1,stand01,149,0,0)*(236.9,34.11,189.2,0.1,stand01,124,0,0)*(253.52,34.11,178.14,20,stand01,100,0,0)*(255.67,34.11,168.02,10,stand01,38,0,0)*(260.78,34.11,167.03,0.1,stand01,81,0,0)*(279.07,34.11,182.46,10,stand01,25,0,0)*(289.04,34.11,184.91,10,stand01,2,0,0)*(299.83,34.11,185.3,10,stand01,22,0,0)*(368.14,34.11,165.58,1,stand01,159,0,0)	0	0,0	3	N300006601	N300006601	0	1	0	0
300009001	(320.17,34.11,227.08,1,stand01,337,0,0)*(312.36,34.11,231.81,60,stand01,198,0,0)*(308.03,34.11,229.52,0.1,stand01,198,0,0)*(303.66,34.11,218.09,90,stand01,268,0,0)*(294.01,34.11,185.64,0.1,stand01,268,0,0)*(265.1,34.11,186.95,60,stand01,323,0,0)*(260.04,34.11,186.19,130,stand01,323,0,0)*(258.83,34.11,182.95,300,stand01,140,0,0)*(254.88,34.11,178.46,60,stand01,126,0,0)*(256.39,34.11,171.49,90,stand01,60,0,0)*(262.15,34.11,166.1,0.1,stand01,60,0,0)*(267.7,34.11,169.63,0.1,stand01,348,0,0)*(274.19,34.11,173.83,90,stand01,119,0,0)*(281.69,34.11,181.85,0.1,stand01,85,0,0)*(299.46,34.11,181.29,0.1,stand01,101,0,0)*(319.98,34.11,176.82,0.1,stand01,105,0,0)*(340.16,34.11,174.06,0.1,stand01,183,0,0)*(359.54,34.11,166.87,1,stand01,170,0,0)	0	0,0	5	N300009602	N300009601	0	1	0	0
300009002	(359.54,34.11,166.87,1,stand01,337,0,0)*(356.24,34.11,171.48,0.1,stand01,278,0,0)*(336.36,34.11,175.07,0.1,stand01,278,0,0)*(317.37,34.11,177.27,0.1,stand01,278,0,0)*(295.76,34.11,182.79,0.1,stand01,278,0,0)*(278.94,34.11,180.7,0.1,stand01,244,0,0)*(264.8,34.11,167.45,0.1,stand01,244,0,0)*(260.37,34.11,159.01,0.1,stand01,185,0,0)*(262.39,34.11,123.46,0.1,stand01,185,0,0)*(264.66,34.11,83.19,0.1,stand01,185,0,0)	0	0,0	5	N300009602	N300009601	0	1	0	0
300021001	(311.62,34.11,247.64,7,stand01,303,0,0)*(311.62,34.11,247.64,1,stand02,303,0,0)	0	0,0	2	N300021001	0	0	0	0	0
300021002	(311.99,34.11,248.47,1,stand01,255,0,0)*(314.16,34.11,249.04,0.1,stand01,27,0,0)*(322.53,34.11,268.69,1,stand01,27,0,0)	0	0,0	3	N300021002	N300021002	0	0	0	0
300041001	(311.99,34.11,248.47,13,stand01,255,0,0)*(311.99,34.11,248.47,1,stand02,255,0,0)	0	0,0	2	N300041001	0	0	0	0	0
300041002	(311.99,34.11,248.47,1,stand01,255,0,0)*(312.06,34.11,245.94,0.1,stand01,179,0,0)*(308.11,34.11,229.88,0.1,stand01,194,0,0)*(297.16,34.11,186.19,0.1,stand01,151,0,0)*(303.9,34.11,180.51,0.1,stand01,101,0,0)*(316.27,34.11,174.65,0.1,stand01,166,0,0)*(316.38,34.11,168.43,1,stand01,105,0,0)	0	0,0	3	N300041703	N300041703	0	0	0	0
300085001	(246.84,34.11,140.69,0,stand02,29,0,0)	0	0,0	2	N300085611	N300085611	0	1	0	0
300094001	(235.79,33.57,626.06,0,action01,43,0,0)	0	0,0	2	N300094001	N300094001	0	0	0	0
300094002	(327.61,34.11,177.97,1,stand01,221,0,0)*(317.17,34.11,174.47,0.1,stand01,221,0,0)*(311.27,34.11,132.93,0.1,stand01,260,0,0)*(310.3,34.11,130.51,1,stand01,65,0,0)	0	0,0	5	N300094002	N300094002	0	1	0	0
300094003	(310.3,34.11,130.51,0,stand01,65,0,0)	0	0,0	2	N300094002	N300094002	0	1	0	0
300095001	(237.42,33.57,627.62,0,action01,229,0,0)	0	0,0	2	N300095001	N300095001	0	0	0	0
300095002	(327.4,34.24,178.68,1,stand01,231,0,0)*(316.97,34.11,175.18,0.1,stand01,231,0,0)*(311.55,34.11,133.61,0.1,stand01,270,0,0)*(2988.59,34.11,139.15,1,stand01,123,0,0)	0	0,0	5	N300095001	N300095001	0	1	0	0
300095003	(298.59,34.11,139.15,3,idle01,123,0,0)*(298.59,34.11,139.15,1,skill01,123,0,0)*(298.59,34.11,139.15,1,skill02,123,0,0)	0	0,0	2	N300095001	N300095001	0	1	0	0
300115001	(264.87,34.11,84,1,stand01,0,0,0)*(260.34,34.11,125.41,0.1,stand01,0,0,0)*(251.37,34.11,149.78,1,stand01,82,0,0)	0	0,0	5	N7010003	N7010003	0	0	0	0
300115002	(251.37,34.11,149.78,1,stand01,82,0,0)*(251.37,34.11,149.78,3,stand02,82,0,0)	0	0,0	2	N7010003	N7010003	0	0	0	0
300115003	(251.37,34.11,149.78,1,stand01,82,0,0)*(260.34,34.11,125.41,0.1,stand01,173,0,0)*(264.87,34.11,84,1,stand01,178,0,0)	0	0,0	3	N7010003	N7010003	0	0	0	0
300136001	(223.14,33.56,638.76,1,stand01,315,0,0)*(223.14,33.56,638.76,2,stand02,315,0,0)*(223.14,33.56,638.76,2,stand03,315,0,0)	0	0,0	2	N300136001	N300136001	0	1	0	0
360004001	(300.16,34.81,215.59,1,stand01,92,0,0)*(302.9,34.11,217.54,0,stand02,291,0,0)	0	0,0	5	N360004601	N360004601	0	0	0	0
360004002	(302.9,34.11,217.54,0,stand02,291,0,0)	0	0,0	2	N360004601	N360004601	0	0	0	0
360004003	(302.9,34.11,217.54,0,stand02,291,0,0)*(300.16,34.81,215.59,1,stand01,279,0,0)	0	0,0	3	N360004601	N360004601	0	0	0	0