100154001	(104.49,8.02,98.09,0,stand03,118,130020,0)	0	0	2	N10015406	N10015406	0	0	0	0
100161001	(850.65,-2.09,445.56,7,stand01,87,130021,0)*(850.65,-2.09,445.56,1,stand02,87,0,0)	0	0	2	N100232004	N100232004	0	1	0	0
100169001	(122,8.02,206.87,9,stand02,215,0,0)*(122,8.02,206.87,1,stand03,215,0,0)	0	0	2	N100169002	N100169002	0	0	0	0
100170001	(122.44,8.02,205.55,13,stand02,274,0,0)*(122.44,8.02,205.55,1,stand03,274,0,0)	0	0	2	N10017003	N10017003	0	0	0	0
100172001	(107.14,7.93,70,19,stand01,92,0,0)*(107.14,7.93,70,1,stand02,92,0,0)	0	0	2	N10017202	N10017202	(5,M00000000,M00130406)	1	0	0
100177001	(38.07,7.93,183.65,1,stand01,92,0,0)*(75.55,7.93,179.94,0.1,stand01,124,0,0)*(86.2,7.93,170.12,0.1,stand01,98,0,0)*(99.63,7.93,169.65,0.1,stand01,93,0,0)*(149.82,7.93,171.21,0.1,stand01,172,0,0)*(152.04,8.1,158.61,0.1,stand01,172,0,0)*(156.8,7.93,133.21,0.1,stand01,181,0,0)*(157.52,7.93,119.54,0.1,stand01,181,0,0)*(161.76,7.93,101.56,0.1,stand01,228,0,0)*(152.76,7.93,96.57,0.1,stand01,260,0,0)*(113.9,7.93,88.54,0.1,stand01,237,0,0)*(111.09,7.93,62.97,1,stand01,178,0,0)	0	0	3	N100177001	N100177001	0	0	0	0
100184001	(152.37,8.43,206.85,0,stand01,94,0,0)	0	0	2	N100184001	N100184001	0	1	0	0
100201001	(118.59,7.93,176.96,0,stand02,179,130024,0)	1	0	2	N1000947	N1000947	0	1	1100016,0	0
100201003	(118.63,7.93,176.96,0,stand01,179,0,0)*(118.63,7.93,169.99,0.3,stand01,179,0,1)*(82.75,7.93,169.99,0.3,stand01,268,0,1)*(55.98,7.93,184.4,0.3,stand01,302,0,1)*(56.67,7.93,195.41,1,stand01,9,0,0)	1	0	3	N1000947	N1000947	0	1	1100016,0	0
100203001	(133.17,7.93,211.64,0.3,stand01,179,0,1)*(132.67,7.93,179.55,0.3,stand01,94,0,1)*(159.11,7.93,181.15,0.3,stand01,50,0,1)	0	0	5	N100203001	N100203001	(5,M00000000,M00130030)	1	0	0
100203002	(159.11,7.93,181.15,0.3,stand01,274,0,1)*(132.67,7.93,179.55,0.3,stand01,274,0,1)*(133.17,7.93,211.64,0.3,stand01,359,0,1)	0	0	3	N100203001	N100203001	(5,M00000000,M00130030)	1	0	0
100208001	(134.19,8.07,183.19,0,stand01,183,0,0)	0	0	2	N100208001	N100208001	0	1	0	0
100209001	(131.95,8.08,194.04,0,stand02,134,0,0)	0	0	2	N100209005	N100209005	0	1	0	0
100210001	(133.42,8.57,213.58,1,stand01,173,0,0)*(118.72,8.02,208.87,30,stand02,263,0,0)*(135.22,8.02,208.38,0.1,stand01,169,0,0)*(140.29,8.02,202.41,60,stand02,0,0,0)*(159.57,9.24,203.3,10,stand01,0,0)*(150.91,8.02,203.24,0.1,stand01,0,0,0)*(151.09,8.54,217.72,0.1,stand01,280,0,0)*(141.01,8.4,218.61,1,stand01,270,0,0)	0	0	3	N100210001	N100211003	0	1	0	0
100210002	(141.01,8.4,218.61,1,stand01,98,0,0)*(151.09,8.54,217.72,0.1,stand01,146,0,0)*(150.91,8.02,203.24,0.1,stand01,255,0,0)*(118.72,8.02,208.87,20,stand01,263,0,0)*(129.78,8.02,208.98,0.1,stand01,52,0,0)*(133.74,8.57,214.17,1,stand01,0,0,0)	0	0	3	N100210001	N100211003	0	1	0	0
100211001	(131.78,9.26,188.03,0,stand02,202,0,0)	0	0	2	N100211001	N100211001	0	1	0	0
100213001	(134.26,9.26,189.44,0,stand01,137,0,0)	0	0	2	N100213001	N100213001	0	1	0	0
100214001	(119.1,8.02,204.7,0,stand03,63,0,0)	0	0	2	N100214001	N100214001	0	0	0	0
100218001	(125.47,8.02,205.7,0,action01,-101,0,0)	0	0	2	N100218001	N100218001	0	0	0	0
100420001	(126.21,8.02,204.66,0,action01,-98,0,0)	0	0	2	N100218002	N100218002	(7,9999999,M99000139)	0	0	0
100421001	(126.14,8.03,206.84,0,action01,-79,0,0)	0	0	2	N100218003	N100218003	0	0	0	0
100225001	(119.47,8.49,134.78,0,stand01,181,0,0)	0	0	2	N100225001	N100225001	0	1	0	0
100230001	(108.63,7.93,65.53,19,stand01,90,0,0)*(108.63,7.93,65.53,1,stand02,90,0,0)	0	0	2	N100230001	N100230001	0	0	0	0
100232001	(753.21,-1.9,447.03,5,stand01,189,130021,0)*(753.21,-1.9,447.03,1,stand02,189,0,0)	0	0	2	N100232004	N100232004	0	1	0	0
100232011	(850.02,-0.81,550.35,11,stand01,91,0,0)*(850.02,-0.81,550.35,1,stand02,91,0,0)*(850.0,-0.81,550.35,1,stand03,91,0,0)	0	0	2	N100232004	N100232004	0	1	0	0
100298001	(68.99,7.93,212.56,0,stand01,125,0,0)	0	0	2	N1000988	0	0	1	0	0
100298002	(68.99,7.93,212.69,0.3,stand01,177,0,1)*(69.07,7.93,210.65,0.3,stand01,177,0,1)*(93.91,7.95,214.91,0.3,stand01,86,0,1)*(89.53,8.08,180.57,0.3,stand01,190,0,1)*(41.39,7.93,183.1,1,stand01,270,0,1)	0	0	3	N100298703	N100298703	0	1	0	0
110005001	(131.61,9.26,187.47,5,stand01,15,0,0)*(131.61,9.26,187.47,1,stand02,15,0,0)	0	0	2	N110005002	N110005002	0	1	0	0
300001001	(140.49,7.93,67.04,0.3,stand01,88,0,0)*(141.99,8.02,67.21,0.3,stand01,88,0,1)*(141.13,7.93,96.73,0.3,stand01,0,0,1)*(178.11,7.93,96.01,0.3,stand01,91,0,1)*(178.15,7.93,97.61,15,stand01,1,0,1)*(166.43,7.93,97.59,0.3,stand01,270,0,1)*(167.66,7.93,65.26,0.3,stand01,179,200011,1)	0	0	5	N300001702	N300001702	0	1	0	0
300001002	(167.66,7.99,65.26,0.3,stand01,357,0,1)*(164.65,7.99,110.27,0.3,stand01,357,0,1)*(157.7,7.99,119.22,0.3,stand01,323,0,1)*(156.11,7.99,136.85,0.3,stand01,350,0,1)*(147.78,7.93,179.98,0.3,stand01,350,0,1)*(133.54,7.99,179.08,0.3,stand01,267,0,1)*(133.41,8.01,201.69,0.3,stand01,0,0,1)*(129.95,8.01,205.47,0.3,stand01,310,0,1)*(133.16,8.01,209.55,0.3,stand01,38,0,1)*(133.19,8.4,212.71,0.3,stand01,0,0,1)	0	0	3	N300001703	N300001703	0	1	0	0
300002001	(106.26,7.93,70.09,0.3,stand01,87,0,0)*(109.61,7.93,70.23,0.3,stand01,87,0,1)*(110.04,7.93,90.68,0.3,stand01,1,0,1)*(158.31,7.93,97.79,0.3,stand01,79,0,1)*(158.16,7.93,100.6,0.3,stand01,356,200021,0)	0	0	5	N1000832	N300002702	0	1	0	0
300002002	(158.16,7.93,100.6,0.3,stand01,90,0,1)*(166.76,7.93,100.46,0.3,stand01,90,0,1)*(171.3,7.95,112.18,0.3,stand01,28,0,1)*(175.05,7.93,112.32,0.3,stand01,87,0,1)*(175.11,8.3,115.84,0.3,stand01,0,0,1)	0	0	3	N300002703	N300002703	0	1	0	0
300003001	(199.6,7.93,83.67,0.3,stand01,272,0,0)*(190.63,7.93,97.52,0.3,stand01,328,0,1)*(164.71,7.93,96.4,0.3,stand01,268,0,1)*(158.24,7.93,101.66,0.3,stand01,1,200031,0)	0	0	5	N1000833	N300003702	0	1	0	0
300003002	(158.37,7.95,101.62,0.3,stand01,100,0,1)*(160.72,7.93,101.2,0.3,stand01,100,0,1)*(157.76,7.93,116.68,0.3,stand01,7,0,1)*(147.21,7.93,117.26,0.3,stand01,274,0,1)*(158.37,7.93,101.62,0.3,stand01,176,0,1)	0	0	3	N300003703	N300003703	0	1	0	0
300004001	(69.15,7.93,147.21,0.3,stand01,194,0,0)*(75.83,7.93,145.98,0.3,stand01,94,0,1)*(78.51,7.93,151.27,0.3,stand01,356,0,1)*(83.51,7.93,151.48,0.3,stand01,87,0,1)*(160.71,7.93,116.49,0.3,stand01,90,0,1)*(161.3,7.93,99.29,0.3,stand01,178,0,1)*(158.48,7.93,99.66,0.3,stand01,352,200041,1)	0	0	5	N1000834	N300004702	0	1	0	0
300004002	(158.48,7.93,99.66,0.3,stand01,89,0,1)*(162.65,7.93,99.67,0.3,stand01,89,0,1)*(157.07,7.93,118.21,0.3,stand01,348,0,1)*(156.77,7.93,134.35,0.3,stand01,359,0,1)*(161.64,8.22,136.2,0.3,stand01,84,0,1)	0	0	3	N300004703	N300004703	0	1	0	0
300005001	(175.59,7.93,114.73,0.3,stand01,182,0,0)*(158.29,7.93,102.7,0.3,stand01,356,200051,0)	0	0	5	N1000835	N300005702	0	1	0	0
300005002	(158.29,7.93,102.7,0.3,stand01,90,0,1)*(162,7.93,102.66,0.3,stand01,90,0,1)*(162.03,7.93,97.4,0.3,stand01,179,0,1)*(140.51,7.93,93.6,0.3,stand01,257,0,1)*(140.93,7.93,76.91,0.3,stand01,175,0,1)*(138.46,8.3,75.83,0.3,stand01,270,0,1)	0	0	3	N300005703	N300005703	0	1	0	0
300006001	(115.52,8.04,79.46,0.3,stand01,273,0,1)*(110.74,7.93,79.65,0.3,stand01,273,0,1)*(110.48,7.93,91.97,0.3,stand01,359,0,1)*(165.85,7.93,96.01,0.3,stand01,91,0,1)*(161.89,7.96,66.12,0.3,stand01,182,200061,1)	0	0	5	N1000836	N300006702	0	1	0	0
300006002	(161.89,7.96,66.12,0.3,stand01,357,0,1)*(161.45,7.96,97.84,0.3,stand01,357,0,1)*(123.43,7.96,93.94,0.3,stand01,268,0,1)*(109.71,7.96,86.12,0.3,stand01,238,0,1)*(106.52,7.96,81.38,0.3,stand01,273,0,1)	0	0	3	N300006703	N300006703	0	1	0	0
300009001	(121.69,7.93,115.96,0.3,stand01,89,0,1)*(172.89,7.93,109.25,20,stand01,121,0,1)*(185.13,7.93,112.23,20,stand01,185,0,1)*(189.24,7.93,108.58,0.3,stand01,128,0,1)*(189.61,7.93,100.55,0.3,stand01,177,0,1)*(186.28,7.93,98.34,10,stand01,331,0,1)*(124.01,7.93,94.9,0.3,stand01,268,0,1)*(126.85,7.93,115.92,0.3,stand01,0,0,1)*(121.68,7.93,115.85,1,stand01,267,0,1)	0	0	3	N300009702	N300009702	0	1	0	0
300010001	(199.38,7.93,94.65,0.3,stand01,275,0,0)*(186.44,7.93,98.56,20,stand01,330,0,1)*(163.29,7.93,101.88,20,stand01,303,0,1)*(173.38,7.93,108.8,15,stand01,133,0,1)*(184.83,7.93,112.8,5,stand01,193,0,1)*(196.88,7.93,111.5,0.3,stand01,86,0,1)*(196.05,7.93,94.4,0.3,stand01,176,0,1)*(199.19,7.93,94.81,0.3,stand01,82,0,1)	0	0	3	N300010702	N300010702	0	1	0	0
300011001	(200.95,8.04,84.27,0.3,stand01,270,0,1)*(197.73,7.93,84.22,0.3,stand01,270,0,1)*(196.92,7.93,76.88,0.3,stand01,67,200111,1)	0	0	5	N1000844	N300011702	0	1	0	0
300011002	(196.92,7.93,76.88,0.3,stand01,358,0,1)*(196.67,7.93,83.95,0.3,stand01,358,0,1)*(201.77,7.93,84.38,0.3,stand01,85,0,1)	0	0	3	N300011703	N300011703	0	1	0	0
300013001	(128.71,8.04,84.24,0.3,stand01,6,0,1)*(129.79,7.93,93.39,0.3,stand01,6,0,1)*(177.31,7.93,95.48,5,stand01,1,0,1)*(176.8,7.93,97.63,0.3,stand01,25,200131,1)	0	0	5	N1000846	N300013702	0	1	0	0
300013002	(176.8,7.93,97.63,0.3,stand01,272,0,1)*(140.17,7.93,95.55,0.3,stand01,272,0,1)*(140.67,7.93,75.49,0.3,stand01,185,0,1)*(139.1,8.09,75.54,0.3,stand01,272,0,1)	0	0	3	N300013703	N300013703	0	1	0	0
300014001	(65.91,8.01,186.55,0.3,stand01,184,0,1)*(65.65,8.01,182.19,0.3,stand01,184,0,1)*(150.08,7.93,172.99,0.3,stand01,101,0,1)*(163.84,7.93,97.23,0.3,stand01,171,0,1)*(185.41,7.93,95.64,3,stand01,3,0,1)*(185.37,7.93,97.92,0.3,stand01,3,200141,1)	0	0	5	N1000847	N300014702	0	1	0	0
300014002	(185.37,7.93,97.92,0.3,stand01,76,0,1)*(200.89,8.08,104.82,0.3,stand01,76,0,1)	0	0	3	N300014703	N300014703	0	1	0	0
300015001	(44.27,7.93,88.33,0.3,stand01,37,0,1)*(46.39,7.93,91.06,0.3,stand01,37,0,1)*(78.79,7.93,95.64,0.3,stand01,89,0,1)*(81.76,7.93,129.36,0.3,stand01,5,0,1)*(163.51,7.93,114.99,0.3,stand01,90,0,1)*(163.95,7.93,105.24,0.3,stand01,267,200151,1)	0	0	5	N1000848	N300015702	0	1	0	0
300015002	(163.95,7.93,105.24,0.3,stand01,87,0,1)*(163.51,7.93,114.99,0.3,stand01,270,0,1)*(81.76,7.93,129.36,0.3,stand01,185,0,1)*(78.79,7.93,95.64,0.3,stand01,269,0,1)*(46.39,7.93,91.06,0.3,stand01,217,0,1)*(44.27,7.93,88.33,0.3,stand01,217,0,1)	0	0	3	N300015703	N300015703	0	1	0	0
300016001	(46.17,7.93,186.47,0.3,stand01,189,0,1)*(45.71,7.93,183.39,0.3,stand01,189,0,1)*(229.42,7.93,234.54,0.3,stand01,277,200161,1)	0	0	5	N1000849	N300016702	0	1	0	0
300016002	(229.42,7.93,234.54,0.3,stand01,97,0,1)*(45.71,7.93,183.39,0.3,stand01,9,0,1)*(46.17,7.93,186.47,0.3,stand01,9,0,1)	0	0	3	N300016703	N300016703	0	1	0	0
300017001	(192.53,8.13,113.28,0,stand04,277,200171,0)	0	0	2	N1000850	0	0	0	0	0
300019001	(197.09,7.93,99.51,0,stand02,357,200191,0)	0	0	2	N1000852	0	0	1	0	0
300019002	(197.08,7.93,99.51,0.3,stand01,357,0,1)*(199.6,7.93,116.21,0.3,stand01,357,0,1)	0	0	3	N300019703	N300019703	0	1	0	0
300020001	(200.01,8.06,115.56,0.3,stand01,299,0,1)*(197.08,7.93,110.87,1,stand01,184,0,1)*(190.85,8.06,80.52,0.3,stand01,255,0,1)*(183.69,7.19,90.11,0.3,stand01,195,200201,1)	0	0	5	N1000853	N300020702	0	1	0	0
300020002	(183.69,7.19,90.11,0.3,stand01,290,0,1)*(171.26,8.21,91.77,0.3,stand01,290,0,1)*(171.12,8.2,97.4,0.3,stand01,359,0,1)*(109.28,8.21,88.87,0.3,stand01,263,0,1)*(109.96,8.21,59.04,1,stand01,180,0,1)	0	0	3	N300020703	N300020703	0	1	0	0
300021001	(197.06,7.93,100.52,0,stand02,188,200211,0)	0	0	2	N1000852	0	0	1	0	0
300021002	(197.06,7.93,100.52,0.3,stand01,8,0,1)*(199.43,7.93,116,0.3,stand01,8,0,1)	0	0	3	N300021703	N300021703	0	1	0	0
300022001	(119.18,7.93,100.59,0.3,stand01,139,0,1)*(122.44,7.93,96.72,0.3,stand01,139,0,1)*(161.1,7.93,98.07,5,stand01,318,0,1)*(163.81,7.93,103.14,0.3,stand01,272,200221,1)	0	0	5	N1000854	N300022702	0	1	0	0
300022002	(163.81,7.93,103.14,0.3,stand01,187,0,1)*(163.19,7.93,97.4,0.3,stand01,187,0,1)*(123.17,7.93,95.6,0.3,stand01,187,0,1)*(119.49,7.93,100.92,0.3,stand01,318,0,0)	0	0	3	N300022703	N300022703	0	1	0	0
300023001	(106.84,7.93,82.67,0.3,stand01,93,0,1)*(110.28,7.93,82.38,0.3,stand01,93,0,1)*(111.38,7.93,90.88,0.3,stand01,7,0,1)*(170.72,7.93,97.89,0.3,stand01,90,0,1)*(171.67,7.39,78.65,0.3,stand01,90,200231,0)	0	0	5	N1000855	N300023702	0	1	0	0
300023002	(171.67,7.39,78.65,0.3,stand01,270,0,0)*(170.72,7.93,97.89,0.3,stand01,270,0,1)*(111.38,7.93,90.88,0.3,stand01,187,0,1)*(110.28,7.93,82.38,0.3,stand01,273,0,1)*(106.84,7.93,82.67,0.3,stand01,273,0,1)	0	0	3	N300023703	N300023703	0	1	0	0
300024001	(34.7,7.93,105.98,0.3,stand01,87,0,1)*(80.26,7.93,108.36,0.3,stand01,87,0,1)*(83.57,7.93,129.36,0.3,stand01,7,0,1)*(123.53,7.93,131.65,10,stand01,44,0,1)*(136.6,7.93,119.42,0.3,stand01,133,0,1)*(160.42,7.93,117.51,0.3,stand01,94,0,1)*(160.43,7.93,110.54,15,stand01,210,0,1)*(189.98,7.93,113.31,8,stand01,89,0,1)*(190.93,7.93,95.51,0.3,stand02,106,200241,1)	0	0	5	N1000856	N300024702	0	1	0	0
300024002	(190.93,7.93,95.51,0.3,stand01,286,0,1)*(183.35,7.93,96.51,0.3,stand01,286,0,1)*(128.09,7.93,95.99,0.3,stand01,270,0,1)*(127.92,7.93,84.52,0.3,stand01,181,0,1)	0	0	3	N300024703	N300024703	0	1	0	0
300025001	(65.84,8.11,186.32,0.3,stand01,187,0,1)*(65.45,7.93,182.76,0.3,stand01,187,0,1)*(83.13,7.93,170.97,0.3,stand01,107,0,1)*(149.61,7.93,171.53,0.3,stand01,90,0,1)*(166.8,7.93,108.66,0.3,stand01,169,0,1)*(172.9,8.02,108.73,0.3,stand03,306,200251,1)	0	0	5	N1000857	N300025702	0	1	0	0
300025002	(172.9,8.02,108.73,0.3,stand01,304,0,1)*(157.74,8.02,118.95,0.3,stand01,304,0,1)*(157.96,8.02,132.91,0.3,stand01,0,0,1)*(161.44,8.02,135.99,0.3,stand01,40,0,1)	0	0	3	N300025703	N300025703	0	1	0	0
300027001	(165.17,7.93,59.49,0.3,stand01,94,0,1)*(166.4,7.93,97.19,0.3,stand01,1,0,1)*(193.13,7.93,94.76,0.3,stand01,0,0,1)*(193.13,7.93,94.76,0.3,skill02,288,200271,1)	0	0	5	N1000859	N300027702	0	1	0	0
300027002	(193.13,7.93,94.76,0.3,stand01,0,0,1)*(193.4,7.93,112.3,0.3,stand01,0,0,1)*(175.8,7.93,114.43,0.3,stand01,268,0,1)*(175.86,8.3,116.34,0.3,stand01,1,0,0)	0	0	3	N300027703	N300027703	0	1	0	0
300028001	(164.97,8.05,59.57,0.3,stand01,87,0,1)*(166.96,8.05,59.27,0.3,stand01,87,0,1)*(166.11,8.06,63.83,0.3,stand01,0,200281,1)	0	0	5	N1000860	N300028702	0	1	0	0
300028002	(166.11,8.06,63.83,0.3,stand01,180,0,1)*(166.96,8.05,59.27,0.3,stand01,267,0,1)*(164.97,8.05,59.57,0.3,stand01,267,0,1)	0	0	3	N300028703	N300028703	0	1	0	0
300029001	(33.51,7.93,106.4,1,stand01,84,0,1)*(81.3,7.93,105.55,1,stand01,84,0,1)*(85.83,7.93,172.26,1,stand01,358,0,1)*(134.32,7.93,174.43,1,stand01,89,0,1)*(132.43,7.93,211.64,1,stand01,0,0,1)	0	0	3	N300029702	N300029702	0	1	0	0
300030001	(134.56,7.93,211.45,0.3,stand01,182,0,1)*(133.86,7.93,175.57,0.3,stand01,172,0,1)*(149.3,7.93,175.41,0.3,stand01,90,0,1)*(156.93,7.93,117.64,0.3,stand01,178,0,1)*(126.63,7.93,119.99,0.3,stand01,269,0,1)*(127.3,7.93,94.75,0.3,stand01,174,0,1)*(114.99,7.93,93.63,0.3,stand01,170,200301,0)	0	0	5	N1000862	N300030702	0	1	0	0
300030002	(114.99,7.93,93.63,0.3,stand01,350,0,0)*(127.3,7.93,94.75,0.3,stand01,354,0,1)*(126.63,7.93,119.99,0.3,stand01,89,0,1)*(156.93,7.93,117.64,0.3,stand01,358,0,1)*(149.3,7.93,175.41,0.3,stand01,270,0,1)*(133.86,7.93,175.57,0.3,stand01,352,0,1)*(134.56,7.93,211.45,0.3,stand01,2,0,1)	0	0	3	N300030703	N300030703	0	1	0	0
300031001	(132.72,8.02,210.94,0.3,stand01,182,0,1)*(131.8,7.93,174,0.3,stand01,182,0,1)*(86.24,7.93,170.24,0.3,stand01,270,0,1)*(84.14,7.93,129.16,0.3,stand01,179,0,1)*(126.74,7.93,128.4,0.3,stand01,91,0,1)*(126.89,7.93,93.98,0.3,stand01,179,0,1)*(113.78,7.93,93.47,0.3,stand02,179,200311,0)	0	0	5	N1000863	N300031702	0	1	0	0
300031002	(113.78,7.93,93.47,0.3,stand02,359,0,0)*(126.89,7.93,93.98,0.3,stand01,359,0,1)*(126.74,7.93,128.4,0.3,stand01,271,0,1)*(84.14,7.93,129.16,0.3,stand01,359,0,1)*(86.24,7.93,170.24,0.3,stand01,90,0,1)*(131.8,7.93,174,0.3,stand01,2,0,1)*(132.72,8.02,210.94,0.3,stand01,2,0,1)	0	0	3	N300031703	N300031703	0	1	0	0
300032001	(108.95,7.93,133.36,0,stand01,-173,0,0)	0	0	2	N1000864	N300032702	0	1	0	0
300032002	(164.75,8.02,66.92,5,stand01,182,0,0)*(166.18,8.1,94.47,0.3,stand01,263,0,0)*(113.94,7.93,88.88,5,stand01,0,0,0)*(111.76,7.93,79.96,0.3,stand01,94,0,0)*(114.3,7.93,79.81,0.3,stand01,94,0,0)	0	0	3	N300032703	N300032702	0	1	0	0
300033001	(132.45,7.93,210.03,1,stand01,180,0,1)*(130.18,7.93,174.95,1,stand01,269,0,1)*(85.1,7.93,167.43,1,stand01,178,0,1)*(83.37,7.93,106.76,1,stand01,264,0,1)*(33.29,7.93,107.45,1,stand01,264,0,1)	0	0	3	N300033702	N300033702	0	1	0	0
300034001	(112.18,7.99,121.32,0.3,stand01,0,0,0)*(112.18,7.99,132.14,0.3,stand01,0,0,0)*(124.83,7.99,133.43,0.3,stand01,24,200341,0)	0	0	5	N1000866	N300034702	0	1	0	0
300034002	(124.83,7.99,133.43,0.3,stand01,204,0,0)*(112.18,7.99,132.14,0.3,stand01,180,0,0)*(112.18,7.99,121.32,0.3,stand01,180,0,0)	0	0	3	N300034703	N300034703	0	1	0	0
300036002	(167.22,7.93,114.84,0.3,stand01,181,0,1)*(175.2,7.93,114.45,0.3,stand01,92,0,1)*(175.29,7.93,115.52,0.3,stand01,4,0,1)	0	0	3	N300036703	N300036703	0	0	0	0
300037001	(57.53,7.93,91.29,0,stand01,87,200371,0)	0	0	2	N1000869	0	0	1	0	0
300037002	(57.53,7.93,91.28,0.3,stand01,271,0,1)*(55.07,7.93,91.29,0.3,stand01,271,0,1)*(54.93,7.93,91.94,1,stand01,356,0,1)	0	0	3	N300037703	N300037703	0	1	0	0
300038001	(133.05,7.93,211.3,0.3,stand01,183,0,0)*(132.88,7.93,179.87,30,stand01,183,0,0)*(132.74,7.93,177.28,0.3,stand01,183,0,1)*(103.63,7.93,176.25,1,stand01,275,0,1)	0	0	3	N300038702	N300038702	0	1	0	0
300039001	(113.31,7.99,121.35,0.3,stand01,0,0,0)*(113.31,7.99,132.13,0.3,stand01,0,0,1)*(127.47,7.99,133.15,0.3,stand01,338,200391,0)	0	0	5	N1000871	N300039702	0	1	0	0
300039002	(127.47,7.99,133.15,0.3,stand01,158,0,0)*(113.31,7.99,132.13,0.3,stand01,180,0,1)*(113.31,7.99,121.35,0.3,stand01,180,0,0)	0	0	3	N300039703	N300039703	0	1	0	0
300041001	(126.39,7.93,86.48,0.3,stand01,0,0,1)*(126.39,7.93,97.94,0.3,stand01,0,0,1)*(166.46,7.93,97.84,0.3,stand01,91,0,1)*(166.81,7.93,65.6,15,stand01,179,0,1)*(156.62,7.93,117,0.3,stand01,1,0,1)*(130.68,7.93,120.01,0.3,stand01,269,0,1)*(127.16,7.93,131.51,0.3,stand01,350,200411,0)	0	0	5	N1000873	N300041702	0	1	0	0
300041002	(127.16,7.93,131.51,0.3,stand01,170,0,0)*(130.68,7.93,120.01,0.3,stand01,89,0,1)*(156.62,7.93,117,0.3,stand01,181,0,1)*(166.81,7.93,65.6,15,stand01,179,0,1)*(166.46,7.93,97.84,0.3,stand01,271,0,1)*(126.39,7.93,97.94,0.3,stand01,180,0,1)*(126.39,7.93,86.48,0.3,stand01,180,0,1)	0	0	5	N300041703	N300041703	0	1	0	0
300042001	(111.13,7.93,58.13,0.3,stand02,0,0,1)*(124.13,7.93,131.29,20,stand01,0,0,1)*(80.32,7.93,128.39,0.3,stand01,267,0,0)*(78.34,7.93,106.19,0.3,stand01,178,0,1)*(35.2,8.04,105.42,0.3,stand01,277,0,0)	0	0	3	N300042702	N300042702	0	1	0	0
300043001	(138.69,7.93,66.92,0.3,stand01,87,0,1)*(142.05,7.93,67.04,0.3,stand01,87,0,1)*(141.53,7.93,91.93,0.3,stand01,1,0,1)*(125.89,7.93,92.13,0.3,stand01,271,0,1)*(125.52,7.93,131.37,0.3,stand01,357,200431,1)	0	0	5	N1000875	N300043702	0	1	0	0
300043002	(125.52,7.93,131.37,0.3,stand01,177,0,1)*(125.89,7.93,92.13,0.3,stand01,91,0,1)*(141.53,7.93,91.93,0.3,stand01,181,0,1)*(142.05,7.93,67.04,0.3,stand01,267,0,1)*(138.69,7.93,66.92,0.3,stand01,267,0,1)	0	0	3	N300043703	N300043703	0	1	0	0
300044001	(106.8,7.93,81.3,0.3,stand01,86,0,0)*(107.96,7.93,87.08,15,stand01,48,0,1)*(161.65,7.93,99.04,0.3,stand01,88,0,1)*(147.96,7.93,179.97,0.3,stand01,354,0,1)*(133.16,7.93,180.51,0.3,stand01,272,0,1)*(134.02,7.93,211.13,0.3,stand01,1,0,0)	0	0	3	N300044702	N300044702	0	1	0	0
300045001	(136.51,7.93,98.61,0.3,stand01,178,0,1)*(136.58,7.93,95.97,0.3,stand01,178,0,1)*(184.32,7.93,95.89,0.3,stand01,88,0,1)*(184.11,7.93,97.44,30,stand01,353,0,1)*(128.54,7.93,96.91,0.3,stand01,270,0,1)*(128.66,7.93,131.71,0.3,stand01,322,200451,0)	0	0	5	N1000877	N300045702	0	1	0	0
300045002	(128.66,7.93,131.71,0.3,stand01,142,0,0)*(128.54,7.93,96.91,0.3,stand01,90,0,1)*(184.11,7.93,97.44,30,stand01,353,0,1)*(184.32,7.93,95.89,0.3,stand01,268,0,1)*(136.58,7.93,95.97,0.3,stand01,358,0,1)*(136.51,7.93,98.61,0.3,stand01,358,0,1)	0	0	3	N300045703	N300045703	0	1	0	0
300046001	(58.83,7.93,91.3,0,stand01,267,200461,0)	0	0	2	N1000878	0	0	1	0	0
300046002	(58.83,7.93,91.27,0.3,stand01,85,0,1)*(65.8,7.93,91.84,0.3,stand01,85,0,1)*(65.53,7.93,93.38,1,stand01,348,0,1)	0	0	3	N300046703	N300046703	0	1	0	0
300047001	(85.28,8.18,97.73,0,stand02,0,200471,0)	0	0	2	N1000879	0	0	1	0	0
300047002	(85.28,8.11,97.73,0.3,stand01,261,0,1)*(62.23,7.93,89.94,0.3,stand01,261,0,1)*(62.92,8.11,87.27,1,stand01,165,0,1)	0	0	3	N300047703	N300047703	0	1	0	0
300048001	(85.23,8.11,99,0,stand01,182,200481,0)	0	0	2	N1000879	0	0	1	0	0
300048002	(85.22,8.11,99,0.3,stand01,1,0,1)*(86.13,7.93,129.65,0.3,stand01,1,0,1)*(147.73,7.93,117.47,0.3,stand01,88,0,1)*(147.13,7.93,114.56,1,stand01,179,0,1)	0	0	3	N300048703	N300048703	0	1	0	0
300049001	(44.5,7.93,184.78,1,stand01,98,0,1)*(79.85,7.93,180.07,31,stand01,4,0,1)*(81.09,7.93,104.43,0.3,stand01,273,0,1)*(68.15,7.93,106.29,30,stand01,6,0,1)*(53.26,7.93,108.03,30,stand01,6,0,1)*(44.26,7.93,108.47,30,stand01,6,0,1)*(35.4,7.93,105.12,1,stand01,275,0,1)	0	0	3	N300049702	N300049702	0	1	0	0
300050001	(114.21,7.93,177.57,0,stand02,186,200501,1)	0	0	2	N1000881	N1000881	0	1	0	0
300050002	(114.21,7.93,177.57,0.3,stand01,262,0,1)*(106.1,7.93,177.09,0.3,stand01,262,0,1)*(106.16,7.93,177.9,1,stand01,4,0,1)	0	0	3	N1000881	N1000881	0	1	0	0
300052001	(133.64,8.01,211.3,0.3,stand01,189,0,1)*(130.43,8.01,204.45,0.3,stand01,127,0,1)*(133.28,8.01,202.37,0.3,stand01,180,0,1)*(133.07,8.01,179.89,0.3,stand01,251,0,1)*(102.03,8.01,169.25,0.3,stand01,273,0,1)*(84.93,8.01,171.88,0.3,stand01,20,0,1)*(89.84,8.11,181.48,0.3,stand01,358,0,1)*(90.96,8.11,194.15,0.3,stand01,145,200521,1)	0	0	5	N1000883	N300052702	0	1	0	0
300052002	(90.96,8.11,194.15,0.3,stand01,178,0,1)*(89.84,8.11,181.48,0.3,stand01,178,0,1)*(84.93,8.01,171.88,0.3,stand01,200,0,1)*(102.03,8.01,169.25,0.3,stand01,93,0,1)*(133.07,8.01,179.89,0.3,stand01,71,0,1)*(133.28,8.01,202.37,0.3,stand01,0,0,1)*(130.43,8.01,204.45,0.3,stand01,307,0,1)*(133.64,8.01,211.3,0.3,stand01,9,0,1)	0	0	3	N300052703	N300052703	0	1	0	0
300053001	(117.76,8.02,206.03,0.3,stand01,88,0,1)*(118.6,8.02,206.07,0.3,stand01,179,0,1)*(118.65,8.02,203.57,0.3,stand01,96,0,1)*(131.66,8.02,203.16,0.3,stand01,358,0,1)*(132.91,8.02,172.29,0.3,stand01,267,0,1)*(87.16,8.02,169.96,0.3,stand01,3,0,1)*(87.73,8.02,185.16,0.3,stand01,306,200531,1)	0	0	5	N1000884	N300053702	0	1	0	0
300053002	(87.73,8.02,185.16,0.3,stand01,183,0,1)*(87.16,8.02,169.96,0.3,stand01,183,0,1)*(132.91,8.02,172.29,0.3,stand01,87,0,1)*(131.66,8.02,203.16,0.3,stand01,358,0,1)*(118.65,8.02,203.57,0.3,stand01,276,0,1)*(118.6,8.02,206.07,0.3,stand01,359,0,1)*(117.76,8.02,206.03,0.3,stand01,268,0,1)	0	0	3	N300053703	N300053703	0	1	0	0
300054001	(133.55,8.07,211.77,0.3,stand01,176,0,1)*(133.71,8.02,209.55,0.3,stand01,85,0,1)*(135.85,8.02,209.77,0.3,stand01,184,0,1)*(135.88,8.02,202.45,0.3,stand01,268,0,1)*(133.3,8.02,202.4,0.3,stand01,178,0,1)*(135.46,7.93,181.42,0.3,stand01,176,200541,1)	0	0	5	N1000885	N300054702	0	1	0	0
300054002	(134.99,7.93,181.39,0.3,stand01,330,0,1)*(133.28,8.07,183.28,0.3,stand01,330,0,1)*(133.3,8.02,202.4,0.3,stand01,358,0,1)*(135.88,8.02,202.45,0.3,stand01,88,0,1)*(135.85,8.02,209.77,0.3,stand01,4,0,1)*(133.71,8.02,209.55,0.3,stand01,265,0,1)*(133.55,8.07,211.77,0.3,stand01,356,0,1)	0	0	3	N300054703	N300054703	0	1	0	0
300055001	(117.81,7.93,205.91,0.3,stand01,93,0,1)*(118.68,7.93,205.87,0.3,stand01,178,0,1)*(118.81,7.93,203.02,0.3,stand01,91,0,1)*(132.97,7.93,202.46,0.3,stand01,182,0,1)*(133.06,7.93,181.36,0.3,stand01,274,0,1)*(131.04,7.93,181.51,0.3,stand01,178,200551,1)	0	0	5	N1000886	N300055702	0	1	0	0
300055002	(131.04,7.93,181.51,0.3,stand01,94,0,1)*(133.06,7.93,181.36,0.3,stand01,94,0,1)*(132.97,7.93,202.46,0.3,stand01,2,0,1)*(118.81,7.93,203.02,0.3,stand01,271,0,1)*(118.68,7.93,205.87,0.3,stand01,358,0,1)*(117.81,7.93,205.91,0.3,stand01,273,0,1)	0	0	3	N300055703	N300055703	0	1	0	0
300056001	(82.16,7.93,107.15,0,stand02,243,200561,0)	0	0	2	N1000887	0	0	1	0	0
300056002	(82.15,7.93,107.14,0.3,stand01,5,0,1)*(84.4,7.93,129.1,0.3,stand01,5,0,1)*(199.42,7.93,104.51,1,stand01,91,0,1)	0	0	3	N300056703	N300056703	0	1	0	0
300057001	(81.14,7.93,106.77,0,stand02,66,200571,0)	0	0	2	N1000888	0	0	1	0	0
300057002	(81.13,7.93,106.66,0.3,stand01,0,0,1)*(82.1,7.93,179.07,0.3,stand01,0,0,1)*(41.3,7.93,184.83,1,stand01,275,0,1)	0	0	3	N300057703	N300057703	0	1	0	0
300058001	(109.79,7.93,65.94,1,stand01,356,0,1)*(110.89,7.93,86.93,1,stand01,94,0,1)*(126.96,7.93,93.26,1,stand01,358,0,1)*(126.16,7.93,130.72,2,stand01,357,0,1)*(83.12,7.93,128.98,1,stand01,182,0,1)*(80.71,7.93,106.97,1,stand01,274,0,1)*(34.93,7.93,103.62,1,stand01,274,0,1)	0	0	3	N300058702	N300058702	0	1	0	0
300059001	(40.21,7.93,183.23,1,stand01,95,0,1)*(133.5,7.93,176.51,10,stand01,0,0,1)*(231.68,7.93,238.87,5,stand01,89,0,1)*(148.01,7.93,176.19,1,stand01,181,0,1)*(168.13,7.93,63.74,5,stand01,183,0,1)*(167.3,7.93,99.41,0.3,stand01,269,0,1)*(111.53,7.93,91.73,1,stand01,180,0,1)*(109.6,7.93,65.43,1,stand01,180,0,1)	0	0	3	N300059702	N300059702	0	1	0	0
300060001	(110.78,7.93,62.65,1,stand01,356,0,1)*(111.96,7.93,90.74,1,stand01,94,0,1)*(127.75,7.93,93.18,1,stand01,358,0,1)*(125.84,7.93,133.24,2,stand01,357,0,1)*(79.19,7.93,128.74,1,stand01,182,0,1)*(80.84,7.93,103.53,1,stand01,274,0,1)*(33.04,7.93,107.23,1,stand01,274,0,1)	0	0	3	N300060702	N300060702	0	1	0	0
300063001	(54.53,7.99,111.54,0.3,stand01,182,0,0)*(54.41,7.93,105.72,0.3,stand01,182,0,1)*(173.32,7.93,108.46,15,stand01,129,0,1)*(54.25,7.93,107.4,0.3,stand01,5,0,1)*(54.45,7.99,111.21,1,stand01,0,0,1)	0	0	3	N300063702	N300063702	0	1	0	0
300064001	(111.95,7.93,61.37,1,stand01,356,0,1)*(113.69,7.93,89.46,1,stand01,94,0,1)*(125.44,7.93,90.78,1,stand01,358,0,1)*(125.25,7.93,129.58,2,stand01,357,0,1)*(82.38,7.93,130.17,1,stand01,182,0,1)*(77.81,7.93,106.22,1,stand01,274,0,1)*(34.25,7.93,104.87,1,stand01,274,0,1)	0	0	3	N300064702	N300064702	0	1	0	0
300065001	(134.65,7.93,210.71,1,stand01,180,0,1)*(133.45,7.93,173.32,1,stand01,269,0,1)*(86.81,7.93,168.66,1,stand01,178,0,1)*(81.72,7.93,106.14,1,stand01,264,0,1)*(33.86,7.93,103.75,1,stand01,264,0,1)	0	0	3	N300065702	N300065702	0	1	0	0
300066001	(113.15,7.93,64,1,stand01,0,0,1)*(110.23,7.93,92.05,1,stand01,0,0,1)*(163.77,7.93,98.84,0.3,stand01,89,0,1)*(166.69,7.93,65.51,5,stand01,183,0,1)*(151.26,7.93,177.63,1,stand01,1,0,1)*(233.93,7.93,239.02,5,stand01,89,0,1)*(131.99,7.93,177.29,10,stand01,0,0,1)*(41.95,7.93,181.46,1,stand01,275,0,1)	0	0	3	N300066702	N300066702	0	1	0	0
300067001	(35.94,7.93,106.14,1,stand01,84,0,1)*(81.69,7.93,104.23,1,stand01,84,0,1)*(84.84,7.93,169.39,1,stand01,358,0,1)*(129.56,7.93,175.71,1,stand01,89,0,1)*(132.83,7.93,211.41,1,stand01,0,0,1)	0	0	3	N300067702	N300067702	0	1	0	0
300068001	(44.43,7.93,183.13,0.3,stand01,91,0,1)*(81.49,7.93,180.11,30,stand01,359,0,1)*(81,7.93,106.07,0.3,stand01,267,0,1)*(69.8,7.93,106.27,30,stand01,0,0,1)*(54.91,7.93,108.02,30,stand01,0,0,1)*(45.9,7.93,108.46,30,stand01,0,0,1)*(35.36,7.93,106.77,1,stand01,269,0,1)	0	0	3	N300068702	N300068702	0	1	0	0
300070001	(161.45,7.93,135.31,0.3,stand01,227,0,1)*(153.31,7.93,136.57,0.3,stand01,267,0,1)*(149.61,7.93,174.82,0.3,stand01,357,0,1)*(141.85,7.93,174.54,0.3,stand01,321,200701,1)	0	0	5	N1000901	N300070702	0	1	0	0
300070002	(141.85,7.93,174.54,0.3,stand01,272,0,1)*(85.91,7.93,171.05,0.3,stand01,272,0,1)*(91.79,8.11,192.8,0.3,stand01,5,0,1)*(89.18,8.11,192.56,1,stand01,265,0,1)	0	0	3	N300070703	N300070703	0	1	0	0
300072001	(81.36,7.93,152.69,0,stand01,294,200721,0)	0	0	2	N1000903	0	0	0	0	0
300072002	(81.36,7.93,152.69,0.3,stand01,31,0,1)*(85.36,7.93,159.14,0.3,stand01,31,0,1)*(84.99,7.93,170.44,0.3,stand01,359,0,1)*(149.94,7.93,172.58,0.3,stand01,91,0,1)*(153.87,7.93,148.02,0.3,stand01,179,0,1)*(158.79,7.93,148.52,1,stand01,84,0,1)	0	0	3	N300072703	N300072703	0	1	0	0
300073001	(81.37,7.93,155.69,0,stand01,269,200731,0)	0	0	2	N1000903	0	0	0	0	0
300073002	(81.34,7.93,155.7,0.3,stand01,166,0,1)*(84.72,7.93,128.6,0.3,stand01,166,0,1)*(127.34,7.93,128.17,0.3,stand01,89,0,1)*(125.14,7.93,88.75,0.3,stand01,184,0,1)*(111.02,7.93,88.49,0.3,stand01,269,0,1)*(109.49,7.93,63.27,1,stand01,184,0,1)	0	0	3	N300073703	N300073703	0	1	0	0
300075001	(41.99,7.93,186.46,1,stand01,88,0,1)*(78.99,8.02,179.99,2,stand01,2,0,1)*(82.41,7.93,127.84,0.3,stand01,89,0,1)*(127.94,7.93,131.53,5,stand01,0,0,1)*(126.94,7.93,92.05,0.3,stand01,267,0,1)*(110.31,7.93,89.44,0.3,stand01,177,0,1)*(110.24,7.93,62.98,0.3,stand01,177,0,1)	0	0	3	N300075702	N300075702	0	1	0	0
300077001	(118.59,8.44,147.09,0.3,stand01,179,0,1)*(115.8,7.93,129.96,0.3,stand01,179,0,1)*(79.25,7.93,126.09,0.3,stand01,274,0,1)*(77.78,7.93,106.15,0.3,stand01,176,0,1)*(44.27,7.93,103.96,0.3,stand01,267,0,1)*(44.49,7.93,92.37,0.3,stand01,178,0,1)*(58.02,7.93,89.85,0.3,stand01,6,200771,1)	0	0	5	N1000907	N300077702	0	1	0	0
300077002	(58.02,7.93,89.85,0.3,stand01,186,0,1)*(44.49,7.93,92.37,0.3,stand01,358,0,1)*(44.27,7.93,103.96,0.3,stand01,87,0,1)*(77.78,7.93,106.15,0.3,stand01,356,0,1)*(79.25,7.93,126.09,0.3,stand01,94,0,1)*(115.8,7.93,129.96,0.3,stand01,359,0,1)*(118.59,8.44,147.09,0.3,stand01,359,0,1)	0	0	3	N300077703	N300077703	0	1	0	0
300078001	(82,7.93,183.26,0.3,stand01,169,0,1)*(86.16,7.93,170.66,0.3,stand01,87,0,1)*(104.25,7.93,170.07,0.3,stand01,2,0,1)*(104.42,7.93,176.7,0.3,stand01,93,200781,1)	0	0	5	N1000908	N300078702	0	1	0	0
300078002	(104.42,7.93,176.7,0.3,stand01,182,0,1)*(104.25,7.93,170.07,0.3,stand01,182,0,1)*(86.16,7.93,170.66,0.3,stand01,267,0,1)*(82,7.93,183.26,0.3,stand01,349,0,1)	0	0	3	N300078703	N300078703	0	1	0	0
300081001	(109.17,7.93,62.11,1,stand01,0,0,1)*(112.08,7.93,90.46,1,stand01,0,0,1)*(166.12,7.93,98.46,0.3,stand01,89,0,1)*(167.39,7.93,65.16,5,stand01,183,0,1)*(149.46,7.93,175.42,1,stand01,1,0,1)*(231.97,7.93,238.97,5,stand01,89,0,1)*(135.15,7.93,179.15,10,stand01,0,0,1)*(45.11,7.93,187.06,1,stand01,275,0,1)	0	0	3	N300081702	N300081702	0	1	0	0
300082001	(158.7,8.11,138.32,0,action01,348,200821,0)	0	0	2	N1000912	0	0	0	0	0
300082002	(158.91,7.93,137.57,0.3,stand01,171,0,1)*(159.17,7.93,135.88,0.3,stand01,171,0,1)*(160.95,7.93,134.3,0.3,stand01,131,0,1)*(161.65,7.93,135.18,0.3,stand01,38,0,1)	0	0	3	N300082703	N300082703	0	1	0	0
300083001	(113.47,7.93,64.3,1,stand01,356,0,1)*(111.71,7.93,88.12,1,stand01,94,0,1)*(129.07,7.93,92.57,1,stand01,358,0,1)*(125.79,7.93,128.81,2,stand01,357,0,1)*(81.88,7.93,131.13,1,stand01,182,0,1)*(78.16,7.93,106.84,1,stand01,274,0,1)*(31.94,7.93,107.92,1,stand01,274,0,1)	0	0	3	N300083702	N300083702	0	1	0	0
300085001	(44.11,7.93,185,1,stand01,95,0,1)*(130.48,7.93,177.94,10,stand01,0,0,1)*(233.69,7.93,240.91,5,stand01,89,0,1)*(147.14,7.93,177.18,1,stand01,181,0,1)*(166.94,7.93,65.3,5,stand01,183,0,1)*(164.62,7.93,99.16,0.3,stand01,269,0,1)*(111.34,7.93,90.98,1,stand01,180,0,1)*(110.53,7.93,64.95,1,stand01,180,0,1)	0	0	3	N300085702	N300085702	0	1	0	0
300086001	(36.5,7.93,107.17,1,stand01,84,0,1)*(82.25,7.93,107.19,1,stand01,84,0,1)*(85.41,7.93,169.72,1,stand01,358,0,1)*(133.83,7.93,170.89,1,stand01,89,0,1)*(134.73,7.93,211.55,1,stand01,0,0,1)	0	0	3	N300086702	N300086702	0	1	0	0
300087001	(34.29,7.93,106.17,1,stand01,84,0,1)*(83.34,7.93,105.16,1,stand01,84,0,1)*(84.61,7.93,171.92,1,stand01,358,0,1)*(131.45,7.93,172.28,1,stand01,89,0,1)*(133.64,7.93,211.1,1,stand01,0,0,1)	0	0	3	N300087702	N300087702	0	1	0	0
300088001	(113.05,7.93,62.91,1,stand01,0,0,1)*(109.71,7.93,90.62,1,stand01,0,0,1)*(166.34,7.93,98.82,0.3,stand01,89,0,1)*(168.22,7.93,64.76,5,stand01,183,0,1)*(151.09,7.93,177.21,1,stand01,1,0,1)*(234.76,7.93,241.56,5,stand01,89,0,1)*(131.71,7.93,178.32,10,stand01,0,0,1)*(40.15,7.93,185.61,1,stand01,275,0,1)	0	0	3	N300088702	N300088702	0	1	0	0
300089001	(134.93,7.93,210.7,1,stand01,180,0,1)*(131.66,7.93,172.32,1,stand01,269,0,1)*(86.84,7.93,170.16,1,stand01,178,0,1)*(86.01,7.93,106.16,1,stand01,264,0,1)*(33.37,7.93,106.79,1,stand01,264,0,1)	0	0	3	N300089702	N300089702	0	1	0	0
300090001	(108.55,7.93,64.92,1,stand01,0,0,1)*(111.54,7.93,90.21,1,stand01,0,0,1)*(168.02,7.93,95.37,0.3,stand01,89,0,1)*(165.69,7.93,65.42,5,stand01,183,0,1)*(151.12,7.93,178.64,1,stand01,1,0,1)*(234.78,7.93,241.92,5,stand01,89,0,1)*(131.98,7.93,179.52,10,stand01,0,0,1)*(39.58,7.93,183.82,1,stand01,275,0,1)	0	0	3	N300090702	N300090702	0	1	0	0
300091001	(198.83,7.68,134.49,0.3,stand01,157,0,1)*(156.02,7.93,132.89,0.3,stand01,269,0,1)*(148.4,7.93,178.48,0.3,stand01,0,0,1)*(232.28,7.93,243.18,20,stand01,8,0,1)*(132.67,7.93,177.56,10,stand01,0,0,1)*(132.73,7.93,211.52,1,stand01,0,0,1)	0	0	3	N300091702	N300091702	0	1	0	0
300094001	(51.63,7.93,135.83,3,stand01,178,0,1)*(52.01,7.93,121.26,0.3,stand01,178,0,1)*(78.11,7.93,119.26,0.3,stand01,94,0,1)*(79.26,7.93,106.29,0.3,stand01,174,0,1)*(44.98,7.93,107.21,0.3,stand01,272,0,1)*(44.91,7.93,112.77,2,stand01,4,0,1)	0	0	3	N300094702	N300094702	0	1	0	0
300095001	(160.94,7.93,135.33,0.3,stand01,172,0,0)*(155.73,7.93,116.84,0.3,stand01,280,0,0)*(52.64,7.93,121.43,50,stand01,0,0,1)*(78.78,7.93,120.22,0.3,stand01,93,0,1)*(78.78,7.93,105.19,0.3,stand01,181,0,1)*(34.46,7.93,106.66,1,stand01,274,0,0)	0	0	3	N300095702	N300095702	0	1	0	0
300096001	(158.19,8.14,141.36,0,action01,0,200961,0)	0	0	2	N1000926	0	0	1	0	0
300096002	(156.35,7.93,141.87,0.3,stand01,264,0,1)*(153.32,7.93,141.53,0.3,stand01,264,0,1)*(148.26,7.93,177.86,0.3,stand01,353,0,1)*(86.01,7.93,171.02,0.3,stand01,272,0,1)*(81.97,7.93,121.52,0.3,stand01,178,0,1)*(54.18,7.93,120.73,0.3,stand01,269,0,1)*(54.13,7.93,119.91,0.3,stand01,184,0,1)	0	0	3	N300096703	N300096703	0	1	0	0
300097001	(158.07,8.12,144.23,0,action01,179,200971,0)	0	0	2	N1000927	0	0	1	0	0
300097002	(158.12,7.93,144.79,0.3,stand01,349,0,1)*(156.22,7.93,154.3,0.3,stand01,349,0,1)*(149.35,7.93,172.46,0.3,stand01,329,0,1)*(84.79,7.93,170.16,0.3,stand01,270,0,1)*(85.49,7.93,178.34,0.3,stand01,4,0,1)*(39.95,7.93,183.66,0.3,stand01,281,0,1)	0	0	3	N300097703	N300097703	0	1	0	0
300104001	(103.34,7.93,176.59,0.3,stand01,90,0,0)*(132.38,7.93,175.93,30,stand01,2,0,1)*(103.63,7.93,176.19,1,stand01,268,0,1)	0	0	3	N300104702	N300104702	0	1	0	0
300108001	(109.13,7.93,62.78,1,stand01,356,0,1)*(113.73,7.93,91.38,1,stand01,94,0,1)*(129.53,7.93,89.6,1,stand01,358,0,1)*(125.55,7.93,129.6,2,stand01,357,0,1)*(80.42,7.93,129.54,1,stand01,182,0,1)*(77.85,7.93,105.15,1,stand01,274,0,1)*(32.48,7.93,106.97,1,stand01,274,0,1)	0	0	3	N300108702	N300108702	0	1	0	0
300109001	(131.73,7.93,210.4,1,stand01,180,0,1)*(131.6,7.93,174.62,1,stand01,269,0,1)*(83.83,7.93,170.26,1,stand01,178,0,1)*(82.6,7.93,106.94,1,stand01,264,0,1)*(34.26,7.93,103.05,1,stand01,264,0,1)	0	0	3	N300109702	N300109702	0	1	0	0
300112001	(40.63,7.93,183.71,0.3,stand01,92,0,1)*(84.81,7.93,179.93,0.3,stand01,184,0,1)*(78.52,7.93,105.79,0.3,stand01,174,0,1)*(54.91,7.93,106.07,0.3,stand01,273,0,1)*(54.51,7.96,111.49,0.3,stand01,356,0,1)	0	0	3	N300112702	N300112702	0	1	0	0
300113001	(108.17,7.93,66.8,1,stand01,0,0,1)*(109.81,7.93,88.18,1,stand01,0,0,1)*(167.47,7.93,96.86,0.3,stand01,89,0,1)*(167.27,7.93,63.62,5,stand01,183,0,1)*(149.56,7.93,175.09,1,stand01,1,0,1)*(234.29,7.93,238.6,5,stand01,89,0,1)*(131.59,7.93,175.32,10,stand01,0,0,1)*(41.66,7.93,184.35,1,stand01,275,0,1)	0	0	3	N300113702	N300113702	0	1	0	0
300114001	(136.97,7.93,98.94,0.3,stand01,182,0,1)*(136.87,7.93,96.32,0.3,stand01,91,0,1)*(152.36,7.93,96.27,0.3,stand01,356,0,1)*(152.21,7.93,98.47,0.3,stand01,176,201141,1)	0	0	5	N1000945	N300114702	(5,M00000000,M00130001)	1	0	0
300114002	(152.21,7.93,98.47,0.3,stand01,176,0,1)*(152.36,7.93,96.27,0.3,stand01,176,0,1)*(136.87,7.93,96.32,0.3,stand01,271,0,1)*(136.97,7.93,98.94,0.3,stand01,2,0,1)	0	0	3	N300114703	N300114703	0	1	0	0
300115001	(133.43,7.93,212.06,0.3,stand01,180,0,0)*(132.95,7.93,175.17,0.3,stand01,80,0,1)*(151.51,7.93,176.55,0.3,stand01,180,0,1)*(151.51,7.93,139.6,0.3,stand01,0,201151,1)	0	0	5	N300115051	N300115051	(7,M00130101,M00130003)	1	0	0
300115002	(151.51,7.93,139.6,0.3,stand01,0,0,1)*(151.51,7.93,176.55,0.3,stand01,0,0,1)*(132.95,7.93,175.17,0.3,stand01,260,0,1)*(133.43,7.93,212.06,0.3,stand01,0,0,0)	0	0	3	N300115703	N300115703	0	1	0	0
300117001	(149.95,8.02,92.23,1,stand03,156,0,0)*(149.95,8.02,92.23,29,stand02,156,0,0)	0	0	2	N1000948	N300117702	0	0	0	0
300117002	(149.95,8.02,92.23,1,stand01,156,0,0)*(136.44,8.18,100.03,1,stand01,0,0,0)	0	0	3	N300117703	N300117703	0	1	0	0
300119001	(854.72,-2.05,447.33,0,action01,47,201191,0)	0	0	2	N1000951	0	0	0	0	0
300120001	(854.79,-2.05,449.08,0,action01,141,201201,0)	0	0	2	N1000952	0	0	0	0	0
300121001	(69.41,8.15,79.83,0,stand01,76,0,0)	0	0	2	N1000953	0	0	1	0	0
300121002	(69.41,8.15,79.83,1,stand01,76,0,0)*(82.47,7.93,92.72,0.1,stand01,0,0)*(86.19,7.93,129.56,0.1,stand01,87,0,0)*(99.32,7.93,129.69,0.1,stand01,92,0,0)*(130.6,7.93,121.82,0.1,stand01,113,0,0)*(156.57,7.93,116.52,0.1,stand01,128,0,0)*(167.09,7.93,96.15,0.1,stand01,182,0,0)*(171.27,7.93,66.35,1,stand01,312,0,0)	0	0	5	N300121703	N300121703	0	1	0	0
300121003	(171.27,7.93,66.35,1,stand01,312,0,0)	0	0	2	N300121703	N300121703	0	1	0	0
300122001	(71.21,8.15,80.53,0,stand01,252,0,0)	0	0	2	N1000953	0	0	1	0	0
300122002	(71.21,8.15,80.53,1,stand01,252,0,0)*(83.46,7.93,92.89,0.1,stand01,0,0,0)*(86.19,7.93,129.56,0.1,stand01,87,0,0)*(99.44,7.93,128.7,0.1,stand01,92,0,0)*(130.36,7.93,120.85,0.1,stand01,113,0,0)*(156.09,7.93,115.64,0.1,stand01,128,0,0)*(166.1,7.93,96,0.1,stand01,182,0,0)*(170.4,7.93,67.19,1,stand01,134,0,0)	0	0	5	N300122703	N300122703	0	1	0	0
300122003	(170.4,7.93,67.19,1,stand01,134,0,0)	0	0	2	N300122703	N300122703	0	1	0	0
300123001	(1150.11,-1.72,543.88,0,stand03,45,0,0)	0	0	2	N1000954	0	0	0	0	0
300124001	(1148.94,-1.69,545.08,0,stand03,46,0,0)	0	0	2	N1000955	0	0	0	0	0
300125001	(184.44,8.02,99.47,0,stand01,158,201251,0)	1	0	2	N1000956	0	0	0	1100017,0	0
300125002	(184.44,8.02,99.47,0.3,stand01,158,0,1)*(185.7,8.02,96.34,0.3,stand01,158,0,1)*(192.09,8.02,100.11,0.3,stand01,59,0,1)*(191.84,8.02,112.27,0.3,stand01,359,0,1)*(157,8.02,112.39,0.3,stand01,271,0,1)*(156.74,8.02,133.53,0.3,stand01,0,0,1)*(152.37,8.02,148.02,0.3,stand01,344,0,1)*(150.43,8.02,178.16,0.3,stand01,358,0,0)*(103.44,8.02,176.18,0.3,stand01,272,0,1)	0	0	3	N300125703	N300125703	0	1	0	0
300126001	(127.22,8.07,183.24,0,stand01,268,201261,0)	0	0	2	N1000957	0	0	0	0	0
300126002	(127.22,8.07,183.2,0.3,stand01,177,0,1)*(127.68,8.07,173,0.3,stand01,177,0,1)*(148.52,8.07,176.25,0.3,stand01,81,0,1)*(158.56,8.07,116.87,0.3,stand01,170,0,1)*(158.56,8.07,116.87,0.3,stand01,274,0,1)*(126.82,8.07,118.93,0.3,stand01,274,0,1)*(126.82,8.07,118.93,0.3,stand01,182,0,1)*(123.89,8.07,84.45,0.3,stand01,182,0,1)	0	0	3	N300126703	N300126703	0	1	0	0
300127001	(126.1,8.07,183.27,0,stand01,88,201271,0)	0	0	2	N1000957	0	0	0	0	0
300127002	(126.1,8.07,183.23,0.3,stand01,184,0,1)*(125.57,8.07,173.2,0.3,stand01,184,0,1)*(150.01,8.07,174.73,0.3,stand01,86,0,1)*(154.69,8.07,133.89,0.3,stand01,173,0,1)*(160.89,8.07,133.03,0.3,stand01,104,0,1)*(176.06,8.07,134.77,0.3,stand01,81,0,1)*(175.88,8.07,135.99,0.3,stand01,372,0,1)	0	0	3	N300127703	N300127703	0	1	0	0
300128001	(178.24,8.02,99.1,0,stand01,174,201281,0)	1	0	2	N300128001	N300128001	0	0	1100032,0	0
300128002	(178.45,8.02,97.01,0.3,stand01,174,0,1)*(136.59,8.02,97.04,0.3,stand01,280,0,1)*(136.66,8.02,98.93,0.3,stand01,2,0,1)	0	0	3	N300128703	N300128703	0	1	0	0
300129001	(49.16,8.4,136.6,0,stand01,175,201291,0)	0	0	2	N1000959	0	0	1	0	0
300130001	(48.67,8.02,134.95,0,stand01,50,201301,0)	0	0	2	N1000959	0	0	1	0	0
300131001	(50.41,8.02,135.25,0,stand01,296,201311,0)	0	0	2	N1000959	0	0	1	0	0
300132001	(852.29,-2.05,451,0,action01,49,0,0)	0	0	2	N1000960	0	0	0	0	0
300133001	(852.13,-2.05,452.61,0,action01,142,0,0)	0	0	2	N1000961	0	0	0	0	0
300134001	(172.87,8.04,58.65,0,stand01,327,201341,0)	1	0	2	N1000962	0	0	0	1100027,0	0
300134002	(172.87,8.02,58.65,0.3,stand01,266,0,1)*(167.56,8.02,58.23,0.3,stand01,266,0,1)*(133.76,8.02,211.42,1,stand01,0,0,1)	0	0	3	N300134703	N300134703	0	1	0	0
300135001	(167.92,7.94,58.71,0,stand01,45,201351,0)	1	0	2	N1000963	0	0	0	1100026,0	0
300135002	(167.95,7.93,58.73,0.3,stand01,0,0,1)*(157.14,7.93,133.46,0.3,stand01,0,0,1)*(161,7.93,135.75,1,stand01,37,0,1)	0	0	3	N300135703	N300135703	0	1	0	0
300136001	(175.68,8.02,106.73,0,stand01,310,201361,0)	1	0	2	N1000964	0	0	0	1100018,0	0
300136002	(173.28,8.02,108.74,0.3,stand01,310,0,1)*(158.16,8.02,117.05,0.3,stand01,310,0,1)(155.34,8.02,134.39,0.3,stand01,351,0,1)*(154.53,8.02,148.29,0.3,stand01,357,0,1)*(158,7.93,148.6,0.3,stand01,84,0,1)	0	0	3	N300136703	N300136703	0	1	0	0
300137001	(183.98,8.02,108.06,0,stand01,2,201371,0)	1	0	2	N1000965	0	0	0	1100004,0	0
300137002	(184.15,8.04,110.86,0.3,stand01,2,0,1)*(184.23,8,113.15,0.3,stand01,2,0,1)*(156.47,8,112.18,0.3,stand01,268,0,1)*(156.67,8,117.13,0.3,stand01,2,0,1)*(121.27,8.06,116.29,0.3,stand01,269,0,1)	0	0	3	N300137703	N300137703	0	1	0	0
300138001	(1153.07,-1.87,546.07,0,action01,247,201381,0)	0	0	2	N1000966	0	0	0	0	0
300139001	(951.84,-2.14,357.51,0,stand01,202,201391,0)	1	0	2	N1000967	0	0	0	1100023,0	0
300140001	(1151.34,-1.8,548.37,0,action02,156,201401,0)	0	0	2	N1000968	0	0	0	0	0
300141001	(1150.89,-1.89,550.16,0,stand01,208,201411,0)	0	0	2	N1000969	0	0	0	0	0
300142001	(1149.18,-1.73,548.64,0,action01,122,201421,0)	0	0	2	N1000970	0	0	0	0	0
300143001	(849.59,-2.12,352.65,0,stand01,193,201431,0)	1	0	2	N300143001	N300143001	(5,M00000000,M00130403)*(5,M00000000,M00130019)*(7,M00130019,M00130020)	0	1100022,0	0
300144001	(1155.22,-2.11,546.41,0,stand01,254,201441,0)	0	0	2	N1000972	0	0	1	0	0
300144002	(133.58,8.57,214.7,1,stand02,179,0,0)*(130.37,8.02,204.91,0.1,stand02,163,0,0)*(133.13,8.39,195.86,0.1,stand02,178,0,0)*(133.06,9.26,189.12,0.1,stand02,179,0,0)*(131.85,8.07,182.9,1,stand02,170,0,0)	0	0	5	N300144001	N300144001	0	1	0	0
300144003	(131.85,8.07,182.9,0,stand02,170,0,0)	0	0	2	N300144001	N300144001	0	1	0	0
300144004	(131.85,8.07,182.9,0,stand02,170,0,0)*(133.06,9.26,189.12,0.1,stand02,356,0,0)*(133.13,8.39,195.86,0.1,stand02,1,0,0)*(130.37,8.02,204.91,0.1,stand02,9,0,0)*(133.58,8.57,214.7,1,stand01,7,0,0)	0	0	3	N300144001	N300144001	0	1	0	0
300145001	(750.87,-1.55,445.24,0,stand01,183,201451,0)	1	0	2	N300145003	N300145003	0	0	1100031,0	0
300145002	(750.87,-1.55,445.24,0,stand01,183,201451,0)	1	0	2	N300145003	N300145003	0	0	1100031,0	0
300146001	(755.35,-1.9,444.01,0,stand02,0,201461,0)	0	0	2	N1000974	0	0	0	0	0
300147001	(754.3,-1.9,445.06,0,stand02,86,201471,0)	0	0	2	N1000975	0	0	0	0	0
300148001	(1150.04,-1.98,456.4,0,stand01,192,201481,0)	1	0	2	N1000976	0	0	0	1100019,0	0
300149001	(849.57,-2.1,443.69,0,stand01,52,201491,0)	1	0	2	N1000977	0	0	0	1100034,0	0
300150001	(636.72,-1.98,447.15,0,stand03,264,201501,0)	0	0	2	N1000978	0	0	0	0	0
300151001	(634.6,-2.01,447.01,0,stand02,86,201511,0)	0	0	2	N1000979	0	0	0	0	0
300153001	(1153.73,-1.94,548.39,0,action01,232,201531,0)	0	0	2	N1000981	0	0	0	0	0
300154001	(628.54,-1.96,346.97,0,stand02,102,201541,0)	1	0	2	N10009822	0	0	0	1130001,0	0
300155001	(741.36,-2.12,346.43,0,stand01,272,201551,0)	1	0	2	N1000983	0	0	0	1100021,0	0
360058001	(39.98,8.02,111.32,1,stand01,330,0,1)*(39.98,8.02,111.32,6,stand02,330,0,1)*(39.98,8.02,111.32,2,stand03,330,0,1)	0	0	2	N360058011	N360058011	0	0	0	0
300156001	(1045.93,-4.93,47.92,29,stand01,0,130012,0)*(1045.93,-4.93,47.92,1,stand02,0,0,0)	0	0	2	N300156001	0	0	0	0	0
100157001	(1045.68,-1.91,448.37,0,stand01,138,201561,0)	1	0	2	N1000984	0	0	0	1100024,0	0
300157001	(941.31,-2.02,448.89,0,stand02,180,201571,0)	1	0	2	N1000985	0	0	0	1100025,0	0
300161001	(1147.72,1.64,550,0,stand02,44,201611,0)	0	0	2	N300161001	0	0	0	0	0
300162001	(160.88,7.93,134.45,0.3,stand01,214,0,1)*(160.88,7.93,134.45,0.3,stand01,269,0,1)*(154.69,7.93,134.37,0.3,stand01,350,0,1)*(150.11,7.93,173.85,0.3,stand01,51,0,1)*(160.44,7.93,182.22,0.3,stand01,231,201621,1)	0	0	5	N300162001	N300162702	0	1	0	0
300162002	(160.44,7.93,182.22,0.3,stand01,51,0,1)*(150.11,7.93,173.85,0.3,stand01,231,0,1)*(154.69,7.93,134.37,0.3,stand01,170,0,1)*(160.88,7.93,134.45,0.3,stand01,89,0,1)*(160.88,7.93,134.45,0.3,stand01,34,0,1)	0	0	3	N300162703	N300162703	0	1	0	0
300163001	(133.5,8.03,211.52,1,stand01,181,0,0)*(159.53,8.03,107.54,0.3,stand01,86,0,0)	0	0	5	N300163001	N300163001	0	1	0	0
300163002	(159.53,8.03,107.54,0,stand01,86,201632,0)	1	0	2	N300163002	0	0	1	1100028,0	0
300163003	(159.53,8.03,107.54,0.3,stand01,86,0,0)*(133.5,8.03,211.52,1,stand01,181,0,0)	0	0	5	N300163003	N300163003	0	1	0	0
300164001	(69.07,8.02,109.76,0,stand01,190,201641,0)	1	0	2	N300164001	0	0	1	1100030,0	0
300164002	(69.07,8.02,109.76,0.3,stand01,26,0,1)*(70.97,8.02,111.36,1,stand01,26,0,1)	0	0	3	N300164703	N300164703	0	1	0	0
300165001	(151.26,8.5,218.76,0,stand01,89,201651,0)	0	0	2	N300165001	0	0	0	0	0
300166001	(636.64,-2.02,449.82,0,stand02,171,201661,0)	1	0	2	N300166001	0	0	1	1100033,0	0
300211001	(35.8,7.93,102.18,5,stand01,76,0,0)*(35.8,7.93,102.18,1,stand02,76,0,0)	0	0	2	N300211001	N300211001	0	0	0	0
300212001	(36,7.93,108.04,9,stand01,106,0,0)*(36,7.93,108.04,1,stand02,106,0,0)	0	0	2	N300212001	N300212001	0	0	0	0
300213001	(43.59,7.93,180.65,11,stand01,87,0,0)*(43.59,7.93,180.65,1,stand02,87,0,0)	0	0	2	N300213001	N300213001	0	0	0	0
300214001	(44.47,7.93,186.52,9,stand01,99,0,0)*(44.47,7.93,186.52,1,stand02,99,0,0)	0	0	2	N300214001	N300214001	0	0	0	0
300215001	(134.58,9.26,188.92,15,stand01,309,0,0)	0	0	2	N300215001	N300215001	0	0	0	0
300216001	(140.68,8.02,207.59,0,action01,211,0,0)	0	0	2	N300216001	N300216001	0	0	0	0
300217001	(137.87,8.03,203.43,0,stand03,0,0,0)	0	0	2	N300217001	N300217001	0	0	0	0
300218001	(139.28,8.03,203.41,0,stand03,0,0,0)	0	0	2	N300218001	N300218001	0	0	0	0
300219001	(164.77,8.12,202.37,2,action01,285,0,0)*(164.77,8.12,202.37,1,action02,285,0,0)	0	0	2	N300219001	N300219001	0	0	0	0
300220001	(123.65,8.02,205.75,0,stand02,87,0,0)	0	0	2	N300220001	N300220001	0	0	0	0
300220002	(123.60,8.02,206.80,0,stand02,87,0,0)	0	0	2	N300220002	N300220002	0	0	0	0
300220003	(123.70,8.02,204.73,0,stand02,87,0,0)	0	0	2	N300220003	N300220003	0	0	0	0
300221001	(122.74,8.07,183.51,30,stand01,353,0,0)*(121.37,8.07,182.66,90,stand01,217,0,0)*(122.54,7.93,180.93,77,stand01,185,0,0)	0	0	4	N300221001	N300221001	0	1	0	0
300222001	(124.43,7.93,180.96,0,stand01,158,0,0)	0	0	2	N300222001	N300222001	0	1	0	0
300223001	(139.29,8.07,183.61,0,stand01,195,0,0)	0	0	2	N300223001	N300223001	0	1	0	0
300224001	(134.7,9.26,187.27,0,stand01,271,0,0)	0	0	2	N300224001	N300224001	0	1	0	0
300225001	(186.03,6.98,88.04,3,stand01,214,0,0)*(186.03,6.98,88.04,1,stand02,214,0,0)*(186.03,6.98,88.04,1,stand03,214,0,0)	0	0	2	N300225001	N300225001	0	0	0	0
300226001	(51.4,8.57,124.28,0,stand01,156,0,0)	0	0	2	N300226001	N300226001	0	1	0	0
300227001	(51.52,8.02,133.24,1,stand01,183,0,0)*(55,8.02,120.93,0.1,stand01,93,0,0)*(76.51,8.02,119.7,0.1,stand01,93,0,0)*(87.05,8.02,128.72,0.1,stand01,91,0,0)*(102.16,7.92,128.37,0.1,stand01,91,0,0)*(124.12,7.92,123.16,0.1,stand01,152,0,0)*(125.02,7.92,99.01,0.1,stand01,206,0,0)*(112.2,7.92,86.26,0.1,stand01,213,0,0)*(110.99,7.92,58.65,1,stand01,182,0,0)	0	0	3	N300227001	N300227001	0	1	0	0
300227002	(51.52,8.02,133.24,1,stand01,183,0,0)*(55,8.02,120.93,0.1,stand01,93,0,0)*(76.51,8.02,119.7,0.1,stand01,93,0,0)*(84.3,7.94,135.13,0.1,stand01,0,0,0)*(83.99,7.94,151.94,0.1,stand01,0,0,0)*(86.11,8.11,160.37,0.1,stand01,0,0,0)*(85.61,7.94,169.92,0.1,stand01,345,0,0)*(72.03,8.11,180.98,0.1,stand01,291,0,0)*(38.27,8.11,184.17,1,stand01,274,0,0)	0	0	3	N300227001	N300227001	0	1	0	0
300227003	(51.52,8.02,133.24,1,stand01,183,0,0)*(55,8.02,120.93,0.1,stand01,93,0,0)*(76.51,8.02,119.7,0.1,stand01,93,0,0)*(75.07,8.02,108.73,0.1,stand01,228,0,0)*(30.87,8.02,106.41,1,stand01,276,0,0)	0	0	3	N300227001	N300227001	0	1	0	0
300228001	(52.33,8.02,135.57,1,stand01,182,0,0)*(52.69,8.02,121.76,0.1,stand01,91,0,0)*(74.19,8.02,120.54,0.1,stand01,91,0,0)*(84.71,8.02,129.47,0.1,stand01,89,0,0)*(99.81,7.92,129.13,0.1,stand01,89,0,0)*(123.66,7.92,125.58,0.1,stand01,151,0,0)*(126.69,7.92,100.82,0.1,stand01,205,0,0)*(114.06,7.92,87.87,0.1,stand01,212,0,0)*(111.74,7.92,60.99,1,stand01,179,0,0)	0	0	3	N300228001	N300228001	0	0	0	0
300228002	(52.33,8.02,135.57,1,stand01,182,0,0)*(52.69,8.02,121.76,0.1,stand01,91,0,0)*(74.19,8.02,120.54,0.1,stand01,91,0,0)*(83.58,7.94,132.77,0.1,stand01,359,0,0)*(83.27,8.02,149.58,0.1,stand01,359,0,0)*(85.39,8.11,158.02,0.1,stand01,359,0,0)*(85.57,8.11,167.46,0.1,stand01,343,0,0)*(73.98,8.11,179.48,0.1,stand01,290,0,0)*(40.58,8.11,183.32,1,stand01,273,0,0)	0	0	3	N300228001	N300228001	0	0	0	0
300228003	(52.33,8.02,135.57,1,stand01,182,0,0)*(52.69,8.02,121.76,0.1,stand01,91,0,0)*(74.19,8.02,120.54,0.1,stand01,91,0,0)*(77.28,8.02,109.81,0.1,stand01,226,0,0)*(33.14,8.02,105.47,1,stand01,275,0,0)	0	0	3	N300228001	N300228001	0	0	0	0
300229001	(56.36,7.93,185.01,0,stand02,53,130026,0)	0	0	2	N300229001	N300229001	0	1	0	0
300231001	(55.63,8.02,195.21,0,stand02,141,0,0)	0	0	2	N300231001	N300231001	0	0	0	0
300232001	(55.62,8.02,194.34,0,stand02,32,0,0)	0	0	2	N300232001	N300232001	0	0	0	0
300233001	(56.43,8.02,194.28,0,stand02,321,0,0)	0	0	2	N300233001	N300233001	0	0	0	0
300234001	(56.27,8.02,195.11,0,stand02,229,0,0)	0	0	2	N300234001	N300234001	0	0	0	0
300235001	(54.96,7.93,183.78,0,stand02,316,0,0)	0	0	2	N300235001	N300235001	0	0	0	0
300236001	(53.7,7.93,184.61,0,stand02,101,0,0)	0	0	2	N300236001	N300236001	0	0	0	0
300237001	(54.92,7.93,184.69,0,stand01,248,0,0)	0	0	2	N300237001	N300237001	0	0	0	0
300238001	(54.02,7.93,183.74,0,stand02,43,0,0)	0	0	2	N300238001	N300238001	0	0	0	0
300239001	(56.72,8.45,189.47,9,stand01,193,130025,0)*(56.72,8.45,189.47,1,stand02,193,0,0)	0	0	2	N300239001	N300239001	0	1	0	0
300240001	(199.9,7.93,103.98,1,stand01,269,130027,0)*(187.08,7.93,96.73,0,stand01,272,0,0)*(167.4,7.93,97.39,0.1,stand01,272,130027,0)*(114.7,7.93,88.67,0.1,stand01,236,0,0)*(111.33,7.93,61.86,1,stand01,183,130027,0)	0	0	3	N300240001	N300240001	0	0	0	0
300240002	(109.94,7.93,61.15,1,stand01,3,130027,0)*(111.5,7.93,89.23,0.1,stand01,34,0,0)*(125.46,7.93,99.24,0.1,stand01,24,130027,0)*(128.67,7.93,115.06,0.1,stand01,49,0,0)*(155.56,7.93,117.84,0.1,stand01,40,0,0)*(156.69,7.93,132.55,0.1,stand01,339,130027,0)*(152.68,7.93,155.51,0.1,stand01,351,0,0)*(150.31,7.93,169.34,0.1,stand01,324,130027,0)*(133.2,7.93,180.03,0.1,stand01,359,0,0)*(133.39,8.02,201.37,0.1,stand01,57,0,0)*(151.05,8.02,202.05,0.1,stand01,0,130027,0)*(150.9,8.4,216.6,0.1,stand01,0,0,0)*(142.45,8.4,218.5,1,stand01,270,130027,0)	0	0	3	N300240001	N300240001	0	0	0	0
300240003	(109.94,7.93,61.15,1,stand01,3,130027,0)*(114.14,7.93,87.04,0.1,stand01,63,0,0)*(144.14,7.93,95.16,0.1,stand01,78,130027,0)*(164.5,7.93,102.73,0.1,stand01,35,0,0)*(170,7.93,111.7,0.1,stand01,77,130027,0)*(186.35,7.93,112.35,0.1,stand01,116,0,0)*(199.07,7.93,104.87,1,stand01,116,130027,0)	0	0	3	N300240001	N300240001	0	0	0	0
300241001	(38.33,7.93,183.59,1,stand01,88,0,0)*(78.3,7.93,175.19,0.1,stand01,153,0,0)*(87.98,7.93,169.84,0.1,stand01,88,0,0)*(149.96,7.93,169.63,0.1,stand01,169,0,0)*(127.62,7.93,169.68,0.1,stand01,93,0,0)*(156.53,7.93,132.71,0.1,stand01,172,0,0)*(153.41,7.93,117.72,0.1,stand01,266,0,0)*(129.14,7.93,115.16,0.1,stand01,203,0,0)*(124.12,7.93,95.97,0.1,stand01,217,0,0)*(113.15,7.93,86.79,0.1,stand01,195,0,0)*(111.42,7.93,59.9,0.1,stand01,177,0,0)	0	0	3	N300241001	N300241001	0	1	0	0
300241002	(111.42,7.93,59.9,1,stand01,0,0,0)*(123.84,7.93,97.41,0.1,stand01,31,0,0)*(125.32,7.93,123.75,0.1,stand01,306,0,0)*(100.17,7.93,128.97,0.1,stand01,269,0,0)*(83.09,7.93,122.28,0.1,stand01,199,0,0)*(74.3,7.93,107.18,0.1,stand01,257,0,0)*(31.52,7.93,105.53,1,stand01,273,0,0)	0	0	3	N300241002	N300241002	0	1	0	0
300241003	(31.52,7.93,105.53,1,stand01,90,0,0)*(76.23,7.93,107.16,0.1,stand01,51,0,0)*(84.57,7.93,127.24,0.1,stand01,67,0,0)*(100.13,7.93,128.5,0.1,stand01,89,0,0)*(123.6,7.93,124.21,0.1,stand01,134,0,0)*(124.1,7.93,96.23,0.1,stand01,210,0,0)*(111.42,7.93,59.9,1,stand01,175,0,0)	0	0	3	N300241003	N300241003	0	1	0	0
300241004	(111.41,7.93,59.89,1,stand01,0,0,0)*(106.54,7.93,90.32,30,stand01,294,0,0)*(122.44,7.93,90.51,30,stand01,163,0,0)*(166.3,7.93,96.64,30,stand01,177,0,0)*(165.75,7.93,107.42,30,stand01,95,0,0)*(157.12,7.93,118.76,0.1,stand01,0,0,0)*(157.93,7.93,133.48,30,stand01,38,0,0)*(146.02,7.93,138.79,30,stand01,222,0,0)*(152.39,7.93,156.99,0.1,stand01,351,0,0)*(150.4,8.08,168.08,0.1,stand01,0,0,0)*(162.81,7.93,179.65,30,stand01,70,0,0)*(137.44,7.93,175.59,30,stand01,347,0,0)*(99.44,7.93,169.54,0.1,stand01,272,0,0)*(87.31,7.93,170.53,0.1,stand01,317,0,0)*(71.21,7.93,180.26,30,stand01,297,0,0)*(85.78,8.09,167.47,0.1,stand01,177,0,0)*(88.91,7.93,154.47,30,stand01,267,0,0)*(83.82,7.93,135.11,0.1,stand01,177,0,0)*(66.42,7.93,120.98,10,stand01,295,0,0)*(77.31,7.93,117.78,0.1,stand01,140,0,0)*(76.43,7.93,110.05,0.1,stand01,250,0,0)*(51.34,7.93,105.49,30,stand01,0,0,0)*(48.04,7.93,101.54,0.1,stand01,225,0,0)*(46.23,7.93,92.3,0.1,stand01,135,0,0)*(81.51,7.93,98.08,30,stand01,104,0,0)*(86.76,7.93,129.12,0.1,stand01,91,0,0)*(105.31,7.93,128.89,30,stand01,155,0,0)*(131.46,7.93,125.28,30,stand01,60,0,0)*(127.67,7.93,114.94,0.1,stand01,190,0,0)*(123.43,7.93,95.87,0.1,stand01,234,0,0)*(112.32,7.93,86.12,0.1,stand01,189,0,0)*(110.18,7.93,60.18,1,stand01,182,0,0)	0	0	3	N300241004	N300241004	0	1	0	0
300242001	(38.33,7.93,183.59,1,stand01,88,0,0)*(78.3,7.93,175.19,0.1,stand01,153,0,0)*(87.98,7.93,169.84,0.1,stand01,88,0,0)*(149.96,7.93,169.63,0.1,stand01,169,0,0)*(127.62,7.93,169.68,0.1,stand01,93,0,0)*(156.53,7.93,132.71,0.1,stand01,172,0,0)*(153.41,7.93,117.72,0.1,stand01,266,0,0)*(129.14,7.93,115.16,0.1,stand01,203,0,0)*(124.12,7.93,95.97,0.1,stand01,217,0,0)*(113.15,7.93,86.79,0.1,stand01,195,0,0)*(111.42,7.93,59.9,0.1,stand01,177,0,0)	0	0	3	N300242001	N300242001	0	1	0	0
300242002	(111.42,7.93,59.9,1,stand01,0,0,0)*(123.84,7.93,97.41,0.1,stand01,31,0,0)*(125.32,7.93,123.75,0.1,stand01,306,0,0)*(100.17,7.93,128.97,0.1,stand01,269,0,0)*(83.09,7.93,122.28,0.1,stand01,199,0,0)*(74.3,7.93,107.18,0.1,stand01,257,0,0)*(31.52,7.93,105.53,1,stand01,273,0,0)	0	0	3	N300242002	N300242002	0	1	0	0
300242003	(31.52,7.93,105.53,1,stand01,90,0,0)*(76.23,7.93,107.16,0.1,stand01,51,0,0)*(84.57,7.93,127.24,0.1,stand01,67,0,0)*(100.13,7.93,128.5,0.1,stand01,89,0,0)*(123.6,7.93,124.21,0.1,stand01,134,0,0)*(124.1,7.93,96.23,0.1,stand01,210,0,0)*(111.42,7.93,59.9,1,stand01,175,0,0)	0	0	3	N300242003	N300242003	0	1	0	0
300242004	(111.41,7.93,59.89,1,stand01,0,0,0)*(106.54,7.93,90.32,30,stand01,294,0,0)*(122.44,7.93,90.51,30,stand01,163,0,0)*(166.3,7.93,96.64,30,stand01,177,0,0)*(165.75,7.93,107.42,30,stand01,95,0,0)*(157.12,7.93,118.76,0.1,stand01,0,0,0)*(157.93,7.93,133.48,30,stand01,38,0,0)*(146.02,7.93,138.79,30,stand01,222,0,0)*(152.39,7.93,156.99,0.1,stand01,351,0,0)*(150.4,8.08,168.08,0.1,stand01,0,0,0)*(162.81,7.93,179.65,30,stand01,70,0,0)*(137.44,7.93,175.59,30,stand01,347,0,0)*(99.44,7.93,169.54,0.1,stand01,272,0,0)*(87.31,7.93,170.53,0.1,stand01,317,0,0)*(71.21,7.93,180.26,30,stand01,297,0,0)*(85.78,8.09,167.47,0.1,stand01,177,0,0)*(88.91,7.93,154.47,30,stand01,267,0,0)*(83.82,7.93,135.11,0.1,stand01,177,0,0)*(66.42,7.93,120.98,10,stand01,295,0,0)*(77.31,7.93,117.78,0.1,stand01,140,0,0)*(76.43,7.93,110.05,0.1,stand01,250,0,0)*(51.34,7.93,105.49,30,stand01,0,0,0)*(48.04,7.93,101.54,0.1,stand01,225,0,0)*(46.23,7.93,92.3,0.1,stand01,135,0,0)*(81.51,7.93,98.08,30,stand01,104,0,0)*(86.76,7.93,129.12,0.1,stand01,91,0,0)*(105.31,7.93,128.89,30,stand01,155,0,0)*(131.46,7.93,125.28,30,stand01,60,0,0)*(127.67,7.93,114.94,0.1,stand01,190,0,0)*(123.43,7.93,95.87,0.1,stand01,234,0,0)*(112.32,7.93,86.12,0.1,stand01,189,0,0)*(110.18,7.93,60.18,1,stand01,182,0,0)	0	0	3	N300242004	N300242004	0	1	0	0
300243001	(38.33,7.93,183.59,1,stand01,88,0,0)*(78.3,7.93,175.19,0.1,stand01,153,0,0)*(87.98,7.93,169.84,0.1,stand01,88,0,0)*(149.96,7.93,169.63,0.1,stand01,169,0,0)*(127.62,7.93,169.68,0.1,stand01,93,0,0)*(156.53,7.93,132.71,0.1,stand01,172,0,0)*(153.41,7.93,117.72,0.1,stand01,266,0,0)*(129.14,7.93,115.16,0.1,stand01,203,0,0)*(124.12,7.93,95.97,0.1,stand01,217,0,0)*(113.15,7.93,86.79,0.1,stand01,195,0,0)*(111.42,7.93,59.9,0.1,stand01,177,0,0)	0	0	3	N300243001	N300243001	0	1	0	0
300243002	(111.42,7.93,59.9,1,stand01,0,0,0)*(123.84,7.93,97.41,0.1,stand01,31,0,0)*(125.32,7.93,123.75,0.1,stand01,306,0,0)*(100.17,7.93,128.97,0.1,stand01,269,0,0)*(83.09,7.93,122.28,0.1,stand01,199,0,0)*(74.3,7.93,107.18,0.1,stand01,257,0,0)*(31.52,7.93,105.53,1,stand01,273,0,0)	0	0	3	N300243002	N300243002	0	1	0	0
300243003	(31.52,7.93,105.53,1,stand01,90,0,0)*(76.23,7.93,107.16,0.1,stand01,51,0,0)*(84.57,7.93,127.24,0.1,stand01,67,0,0)*(100.13,7.93,128.5,0.1,stand01,89,0,0)*(123.6,7.93,124.21,0.1,stand01,134,0,0)*(124.1,7.93,96.23,0.1,stand01,210,0,0)*(111.42,7.93,59.9,1,stand01,175,0,0)	0	0	3	N300243003	N300243003	0	1	0	0
300243004	(111.41,7.93,59.89,1,stand01,0,0,0)*(106.54,7.93,90.32,30,stand01,294,0,0)*(122.44,7.93,90.51,30,stand01,163,0,0)*(166.3,7.93,96.64,30,stand01,177,0,0)*(165.75,7.93,107.42,30,stand01,95,0,0)*(157.12,7.93,118.76,0.1,stand01,0,0,0)*(157.93,7.93,133.48,30,stand01,38,0,0)*(146.02,7.93,138.79,30,stand01,222,0,0)*(152.39,7.93,156.99,0.1,stand01,351,0,0)*(150.4,8.08,168.08,0.1,stand01,0,0,0)*(162.81,7.93,179.65,30,stand01,70,0,0)*(137.44,7.93,175.59,30,stand01,347,0,0)*(99.44,7.93,169.54,0.1,stand01,272,0,0)*(87.31,7.93,170.53,0.1,stand01,317,0,0)*(71.21,7.93,180.26,30,stand01,297,0,0)*(85.78,8.09,167.47,0.1,stand01,177,0,0)*(88.91,7.93,154.47,30,stand01,267,0,0)*(83.82,7.93,135.11,0.1,stand01,177,0,0)*(66.42,7.93,120.98,10,stand01,295,0,0)*(77.31,7.93,117.78,0.1,stand01,140,0,0)*(76.43,7.93,110.05,0.1,stand01,250,0,0)*(51.34,7.93,105.49,30,stand01,0,0,0)*(48.04,7.93,101.54,0.1,stand01,225,0,0)*(46.23,7.93,92.3,0.1,stand01,135,0,0)*(81.51,7.93,98.08,30,stand01,104,0,0)*(86.76,7.93,129.12,0.1,stand01,91,0,0)*(105.31,7.93,128.89,30,stand01,155,0,0)*(131.46,7.93,125.28,30,stand01,60,0,0)*(127.67,7.93,114.94,0.1,stand01,190,0,0)*(123.43,7.93,95.87,0.1,stand01,234,0,0)*(112.32,7.93,86.12,0.1,stand01,189,0,0)*(110.18,7.93,60.18,1,stand01,182,0,0)	0	0	3	N300243004	N300243004	0	1	0	0
300244001	(38.33,7.93,183.59,1,stand01,88,0,0)*(78.3,7.93,175.19,0.1,stand01,153,0,0)*(87.98,7.93,169.84,0.1,stand01,88,0,0)*(149.96,7.93,169.63,0.1,stand01,169,0,0)*(127.62,7.93,169.68,0.1,stand01,93,0,0)*(156.53,7.93,132.71,0.1,stand01,172,0,0)*(153.41,7.93,117.72,0.1,stand01,266,0,0)*(129.14,7.93,115.16,0.1,stand01,203,0,0)*(124.12,7.93,95.97,0.1,stand01,217,0,0)*(113.15,7.93,86.79,0.1,stand01,195,0,0)*(111.42,7.93,59.9,0.1,stand01,177,0,0)	0	0	3	N300244001	N300244001	0	1	0	0
300244002	(111.42,7.93,59.9,1,stand01,0,0,0)*(123.84,7.93,97.41,0.1,stand01,31,0,0)*(125.32,7.93,123.75,0.1,stand01,306,0,0)*(100.17,7.93,128.97,0.1,stand01,269,0,0)*(83.09,7.93,122.28,0.1,stand01,199,0,0)*(74.3,7.93,107.18,0.1,stand01,257,0,0)*(31.52,7.93,105.53,1,stand01,273,0,0)	0	0	3	N300244002	N300244002	0	1	0	0
300244003	(31.52,7.93,105.53,1,stand01,90,0,0)*(76.23,7.93,107.16,0.1,stand01,51,0,0)*(84.57,7.93,127.24,0.1,stand01,67,0,0)*(100.13,7.93,128.5,0.1,stand01,89,0,0)*(123.6,7.93,124.21,0.1,stand01,134,0,0)*(124.1,7.93,96.23,0.1,stand01,210,0,0)*(111.42,7.93,59.9,1,stand01,175,0,0)	0	0	3	N300244003	N300244003	0	1	0	0
300244004	(111.41,7.93,59.89,1,stand01,0,0,0)*(106.54,7.93,90.32,30,stand01,294,0,0)*(122.44,7.93,90.51,30,stand01,163,0,0)*(166.3,7.93,96.64,30,stand01,177,0,0)*(165.75,7.93,107.42,30,stand01,95,0,0)*(157.12,7.93,118.76,0.1,stand01,0,0,0)*(157.93,7.93,133.48,30,stand01,38,0,0)*(146.02,7.93,138.79,30,stand01,222,0,0)*(152.39,7.93,156.99,0.1,stand01,351,0,0)*(150.4,8.08,168.08,0.1,stand01,0,0,0)*(162.81,7.93,179.65,30,stand01,70,0,0)*(137.44,7.93,175.59,30,stand01,347,0,0)*(99.44,7.93,169.54,0.1,stand01,272,0,0)*(87.31,7.93,170.53,0.1,stand01,317,0,0)*(71.21,7.93,180.26,30,stand01,297,0,0)*(85.78,8.09,167.47,0.1,stand01,177,0,0)*(88.91,7.93,154.47,30,stand01,267,0,0)*(83.82,7.93,135.11,0.1,stand01,177,0,0)*(66.42,7.93,120.98,10,stand01,295,0,0)*(77.31,7.93,117.78,0.1,stand01,140,0,0)*(76.43,7.93,110.05,0.1,stand01,250,0,0)*(51.34,7.93,105.49,30,stand01,0,0,0)*(48.04,7.93,101.54,0.1,stand01,225,0,0)*(46.23,7.93,92.3,0.1,stand01,135,0,0)*(81.51,7.93,98.08,30,stand01,104,0,0)*(86.76,7.93,129.12,0.1,stand01,91,0,0)*(105.31,7.93,128.89,30,stand01,155,0,0)*(131.46,7.93,125.28,30,stand01,60,0,0)*(127.67,7.93,114.94,0.1,stand01,190,0,0)*(123.43,7.93,95.87,0.1,stand01,234,0,0)*(112.32,7.93,86.12,0.1,stand01,189,0,0)*(110.18,7.93,60.18,1,stand01,182,0,0)	0	0	3	N300244004	N300244004	0	1	0	0
300245001	(51.52,8.02,133.24,1,stand01,183,0,0)*(55,8.02,120.93,0.1,stand01,93,130027,0)*(76.51,8.02,119.7,0.1,stand01,93,0,0)*(87.05,8.02,128.72,0.1,stand01,91,130027,0)*(102.16,7.92,128.37,0.1,stand01,91,0,0)*(124.12,7.92,123.16,0.1,stand01,152,0,0)*(125.02,7.92,99.01,0.1,stand01,206,130027,0)*(112.2,7.92,86.26,0.1,stand01,213,0,0)*(110.99,7.92,58.65,1,stand01,182,130027,0)	0	0	3	N300245001	N300245001	0	1	0	0
300245002	(51.52,8.02,133.24,1,stand01,183,130027,0)*(55,8.02,120.93,0.1,stand01,93,0,0)*(76.51,8.02,119.7,0.1,stand01,93,0,0)*(84.3,7.94,135.13,0.1,stand01,0,130027,0)*(83.99,7.94,151.94,0.1,stand01,0,130027,0)*(86.11,8.11,160.37,0.1,stand01,0,0,0)*(85.61,7.94,169.92,0.1,stand01,345,130027,0)*(72.03,8.11,180.98,0.1,stand01,291,0,0)*(38.27,8.11,184.17,1,stand01,274,130027,0)	0	0	3	N300245001	N300245001	0	1	0	0
300245003	(51.52,8.02,133.24,1,stand01,183,130027,0)*(55,8.02,120.93,0.1,stand01,93,0,0)*(76.51,8.02,119.7,0.1,stand01,93,130027,0)*(75.07,8.02,108.73,0.1,stand01,228,0,0)*(30.87,8.02,106.41,1,stand01,276,130027,0)	0	0	3	N300245001	N300245001	0	1	0	0
300246001	(52.33,8.02,135.57,1,stand01,182,130027,0)*(52.69,8.02,121.76,0.1,stand01,91,0,0)*(74.19,8.02,120.54,0.1,stand01,91,130027,0)*(84.71,8.02,129.47,0.1,stand01,89,0,0)*(99.81,7.92,129.13,0.1,stand01,89,130027,0)*(123.66,7.92,125.58,0.1,stand01,151,0,0)*(126.69,7.92,100.82,0.1,stand01,205,130027,0)*(114.06,7.92,87.87,0.1,stand01,212,0,0)*(111.74,7.92,60.99,1,stand01,179,130027,0)	0	0	3	N300246001	N300246001	0	0	0	0
300246002	(52.33,8.02,135.57,1,stand01,182,130027,0)*(52.69,8.02,121.76,0.1,stand01,91,0,0)*(74.19,8.02,120.54,0.1,stand01,91,130027,0)*(83.58,7.94,132.77,0.1,stand01,359,0,0)*(83.27,8.02,149.58,0.1,stand01,359,130027,0)*(85.39,8.11,158.02,0.1,stand01,359,130027,0)*(85.57,8.11,167.46,0.1,stand01,343,0,0)*(73.98,8.11,179.48,0.1,stand01,290,130027,0)*(40.58,8.11,183.32,1,stand01,273,0,0)	0	0	3	N300246001	N300246001	0	0	0	0
300246003	(52.33,8.02,135.57,1,stand01,182,130027,0)*(52.69,8.02,121.76,0.1,stand01,91,0,0)*(74.19,8.02,120.54,0.1,stand01,91,130027,0)*(77.28,8.02,109.81,0.1,stand01,226,0,0)*(33.14,8.02,105.47,1,stand01,275,130027,0)	0	0	3	N300246001	N300246001	0	0	0	0
300247001	(66.25,7.93,93.17,1,stand01,88,0,0)*(87.08,7.93,129.06,0.1,stand01,88,0,0)*(123.28,7.93,127.69,0.1,stand01,120,0,0)*(155.79,7.93,116.63,0.1,stand01,88,0,0)*(171.41,7.93,112.25,0.1,stand01,88,0,0)*(188.82,7.93,111.31,0.1,stand01,116,0,0)*(194.1,7.93,95.52,1,stand01,86,0,0)	0	0	5	N300247001	N300247001	0	1	0	0
300247002	(194.1,7.93,95.52,5,stand01,86,0,0)*(194.1,7.93,95.52,1,stand02,86,0,0)	0	0	2	N300247001	N300247001	0	1	0	0
300247003	(194.1,7.93,95.52,1,stand01,86,0,0)*(188.82,7.93,111.31,0.1,stand01,314,0,0)*(171.41,7.93,112.25,0.1,stand01,278,0,0)*(155.79,7.93,116.63,0.1,stand01,270,0,0)*(123.28,7.93,127.69,0.1,stand01,287,0,0)*(87.08,7.93,129.06,0.1,stand01,243,0,0)*(66.25,7.93,93.17,1,stand01,312,0,0)	0	0	3	N300247001	N300247001	0	1	0	0
300248001	(138.75,8.05,67.42,1,stand01,84,0,0)*(141.49,7.93,83.78,0.1,stand01,0,0,0)*(156.55,7.93,97.25,0.1,stand01,85,0,0)*(189.5,7.93,95.38,0.1,stand01,104,0,0)*(194.75,7.93,93.07,1,stand01,96,0,0)	0	0	5	N300248001	N300248001	0	1	0	0
300248002	(194.75,7.93,93.07,0,stand02,96,0,0)	0	0	2	N300248002	N300248002	0	0	0	0
300248003	(194.75,7.93,93.07,1,stand01,96,0,0)*(189.5,7.93,95.38,0.1,stand01,273,0,0)*(156.55,7.93,97.25,0.1,stand01,263,0,0)*(141.49,7.93,83.78,0.1,stand01,186,0,0)*(138.75,8.05,67.42,1,stand01,273,0,0)	0	0	3	N300248003	N300248003	0	1	0	0
300249001	(111.5,8.02,121.37,1,stand01,0,0,0)*(123.47,7.93,123.65,0.1,stand01,107,0,0)*(138.08,7.93,117.71,0.1,stand01,91,0,0)*(155.94,7.93,115.25,0.1,stand01,119,0,0)*(169.57,7.93,98.45,0.1,stand01,109,0,0)*(195.83,7.93,92.88,1,stand01,287,0,0)	0	0	5	N300249001	N300249001	0	1	0	0
300249002	(195.83,7.93,92.88,0,stand02,287,0,0)	0	0	2	N300249002	N300249002	0	0	0	0
300249003	(195.83,7.93,92.88,1,stand01,287,0,0)*(169.57,7.93,98.45,0.1,stand01,324,0,0)*(155.94,7.93,115.25,0.1,stand01,299,0,0)*(138,7.93,117.71,0.1,stand01,305,0,0)*(111.5,8.02,121.37,1,stand01,188,0,0)	0	0	3	N300249003	N300249003	0	1	0	0
300250001	(190.51,7.93,114.63,1,stand01,174,0,0)*(195.53,7.93,96.11,1,stand01,174,0,0)	0	0	5	N300250001	N300250001	0	1	0	0
300250002	(195.53,7.93,96.11,0,stand02,174,0,0)	0	0	2	N300250002	N300250002	0	0	0	0
300250003	(195.53,7.93,96.11,1,stand01,174,0,0)*(190.51,7.93,114.63,1,stand01,356,0,0)	0	0	3	N300250003	N300250003	0	1	0	0
300251001	(66.51,8.02,186.1,1,stand01,146,0,0)*(88.14,7.93,169.74,0.1,stand01,83,0,0)*(150.18,7.93,169.24,0.1,stand01,158,0,0)*(152,7.93,156.94,0.1,stand01,184,0,0)*(157.36,7.93,132.84,0.1,stand01,174,0,0)*(157.94,7.93,119.15,0.1,stand01,129,0,0)*(171.44,7.93,111.36,0.1,stand01,86,0,0)*(192.64,7.93,109.26,0.1,stand01,150,0,0)*(196.92,7.93,94.16,1,stand01,0,0,0)	0	0	5	N300251002	N300251002	0	1	0	0
300251002	(196.92,7.93,94.16,0,stand01,0,0,0)	0	0	2	N300251001	N300251001	0	1	0	0
300251003	(196.92,7.93,94.16,1,stand01,0,0,0)*(192.64,7.93,109.26,0.1,stand01,313,0,0)*(171.44,7.93,111.36,0.1,stand01,297,0,0)*(157.94,7.93,119.15,0.1,stand01,352,0,0)*(157.36,7.93,132.84,0.1,stand01,349,0,0)*(152,7.93,156.94,0.1,stand01,351,0,0)*(150.18,7.93,169.24,0.1,stand01,325,0,0)*(88.14,7.93,169.74,0.1,stand01,298,0,0)*(66.51,8.02,186.1,1,stand01,349,0,0)	0	0	3	N300251003	N300251003	0	1	0	0
300252001	(175.56,7.93,136.16,1,stand01,173,0,0)*(156.82,7.93,132.61,0.1,stand01,178,0,0)*(158.32,7.93,118.89,0.1,stand01,134,0,0)*(164.5,7.93,113.94,0.1,stand01,105,0,0)*(187.93,7.93,112.06,0.1,stand01,111,0,0)*(196.96,7.93,94.87,1,stand01,181,0,0)	0	0	5	N300252001	N300252001	0	1	0	0
300252002	(196.96,7.93,94.87,9,stand01,181,0,0)*(196.96,7.93,94.87,1,stand02,181,0,0)	0	0	2	N300252002	N300252002	0	1	0	0
300252003	(196.96,7.93,94.87,1,stand01,181,0,0)*(187.93,7.93,112.06,0.1,stand01,284,0,0)*(164.5,7.93,113.94,0.1,stand01,305,0,0)*(158.32,7.93,118.89,0.1,stand01,338,0,0)*(156.82,7.93,132.61,0.1,stand01,88,0,0)*(175.56,7.93,136.16,1,stand01,352,0,0)	0	0	3	N300252003	N300252003	0	1	0	0
300253001	(752.08,-1.43,557.23,0,stand01,246,0,0)	0	0	2	N300253001	N300253001	0	1	0	0
100234001	(32.48,7.93,105.59,1,stand01,84,0,0)*(52.14,7.93,108.4,7,stand01,0,0,0)*(56.96,8.02,109.92,50,stand01,0,0,0)*(80.81,7.93,115.55,0.1,stand01,32,0,0)*(86.86,7.93,129.26,0.1,stand01,88,0,0)*(124.54,7.93,123.81,0.1,stand01,115,0,0)*(155.93,7.93,116.18,0.1,stand01,113,0,0)*(161.97,7.93,107.21,30,stand01,244,0,0)*(171.47,8.02,100.88,50,stand01,53,0,0)*(179.08,7.93,97.58,10,stand01,0,0,0)*(188.33,7.93,99.59,0.1,stand01,0,0,0)*(184.69,7.93,111.76,40,stand01,182,0,0)*(171.21,7.93,111.36,0.1,stand01,224,0,0)*(150.67,7.93,96.36,0.1,stand01,271,0,0)*(112.91,7.93,86.13,0.1,stand01,215,0,0)*(111.47,7.93,61.72,1,stand01,179,0,0)	0	0	3	N100234001	N100234001	0	1	0	0
100234002	(111.28,7.93,60.85,1,stand01,0,0,0)*(113.7,7.93,87.99,0.1,stand01,59,0,0)*(156.4,7.93,98.18,0.1,stand01,69,0,0)*(185.52,7.93,98.13,70,stand01,340,0,0)*(188.31,7.93,111.15,0.1,stand01,315,0,0)*(162.71,7.93,114.14,0.1,stand01,318,0,0)*(156.81,7.93,132.77,0.1,stand01,355,0,0)*(149.45,7.93,169.74,0.1,stsand01,330,0,0)*(134.7,7.93,172.16,0.1,stand01,273,0,0)*(99.54,7.93,169.47,0.1,stand01,271,0,0)*(87.46,7.93,170.34,0.1,stand01,289,0,0)*(77.69,7.93,180.87,30,stand01,1,0,0)*(39.36,7.93,183.53,1,stand01,271,0,0)	0	0	3	N100234001	N100234001	0	1	0	0
300046011	(124.42,7.93,133.51,39,stand01,0,0,0)*(126.88,7.93,133.63,49,stand01,0,0,0)	0	0	4	N300046011	N300046011	0	1	0	0
300048011	(154.82,8.06,183.68,0,stand01,0,0,0)	0	0	2	N300048011	N300048011	0	1	0	0
300048021	(165.93,7.96,77.96,90,stand01,272,0,0)*(166.57,7.93,102.82,30,stand01,273,0,0)*(156.49,7.93,115.35,0.1,stand01,307,0,0)*(133.73,7.93,120.19,0.1,stand01,306,0,0)*(100.2,7.93,129.12,0.1,stand01,272,0,0)*(86.97,7.93,128.39,0.1,stand01,235,0,0)*(85.92,7.93,108.05,25,stnad01,89,0,0)*(73.93,7.93,94.21,0.1,stand01,254,0,0)*(47.39,7.93,91.56,0.1,stand01,331,0,0)*(47.82,7.93,101.64,0.1,stand01,60,0,0)*(76.04,7.93,110.69,0.1,stand01,48,0,0)*(83.92,8.11,135.96,0.1,stand01,0,0,0)*(85.64,8.11,160.41,0.1,stand01,0,0,0)*(87.84,7.93,169.6,0.1,stand01,89,0,0)*(127.24,7.93,171.43,30,stand01,0,0,0)*(149.02,7.93,169.85,0.1,stand01,144,0,0)*(156.44,7.93,132.7,0.1,stand01,173,0,0)*(162.58,7.93,108.35,0.1,stand01,179,0,0)*(155.91,7.93,97.56,0.1,stand01,242,0,0)*(141.46,7.93,84.55,0.1,stand01,182,0,0)*(139.37,7.93,76.62,1,stand01,254,0,0)	0	0	3	N300048021	N300048021	0	1	0	0
310011001	(112.95,7.93,70.31,0,stand02,274,0,0)	0	0	2	N310011001	N310011001	0	0	0	0
100032001	(106.99,7.93,78.69,35,stand02,296,0,0)*(107.06,7.93,83.15,35,stand02,296,0,0)	0	0	4	N100032001	N100032001	0	1	0	0
100285001	(134.7,7.93,90.44,0,stand01,91,0,0)	0	0	2	N100285001	N100285001	0	0	0	0
100285002	(134.7,7.93,90.44,1,stand01,91,0,0)*(113.55,7.93,87.07,0.1,stand01,217,0,0)*(111.15,7.93,63.54,1,stand01,181,0,0)	0	0	3	N100285002	N100285002	0	1	0	0
300004011	(135.94,7.93,90.3,0,stand01,274,0,0)	0	0	2	N100285001	N100285001	0	0	0	0
300004012	(135.94,7.93,90.3,1,stand01,274,0,0)*(113.24,7.93,88.1,0.1,stand01,222,0,0)*(110.28,7.93,64.01,1,stand01,181,0,0)	0	0	3	N300004012	N300004012	0	1	0	0
100252001	(121.54,8.02,107.54,0,stand02,92,0,0)	0	0	2	N100252011	N100252011	0	0	0	0
100195001	(145.89,8.02,121.4,5,stand01,92,0,0)*(145.89,8.02,121.4,1,stand02,92,0,0)	0	0	2	N100195002	N100195002	0	0	0	0
100197001	(146.72,8.02,121.42,7,stand01,273,0,0)*(146.72,8.02,121.42,1,stand02,273,0,0)	0	0	2	N100195002	N100195002	0	0	0	0
100257001	(95.07,9.43,171.44,0,stand02,93,0,0)	0	0	2	N100257001	N100257001	0	0	0	0
300037011	(96.79,8.91,171.36,0,stand01,271,0,0)	0	0	2	N100257001	N100257001	0	0	0	0
100279001	(88.64,8.11,160.24,0,stand02,179,0,0)	0	0	2	N100279001	N100279001	0	0	0	0
310012001	(98.34,8.02,133.47,0,stand01,272,0,0)	0	0	2	N310012001	N310012001	0	0	0	0
100180001	(98.38,8.02,134.18,0,stand01,269,0,0)	0	0	2	N310012001	N310012001	0	0	0	0
310013001	(109.02,8.02,96.96,5,action01,98,130028,0)*(109.02,8.02,96.96,1,action02,98,0,0)	0	0	2	N310013003	N310013003	0	0	0	0
300271001	(115.6,7.93,143.15,21,stand01,46,0,0)*(115.6,7.93,143.15,1,stand02,46,0,0)	0	0	2	N300271001	N300271001	0	0	0	0
300272001	(1048.25,-4.97,56.91,0,stand02,152,130013,0)	0	0	2	N300272001	N300272001	0	0	0	0
300274001	(1053.84,-4.93,51.94,0,stand01,337,130014,0)	0	0	2	N300274001	N300274001	0	0	0	0
300275001	(47.08,8.02,130.46,0,stand01,125,0,0)	0	0	2	N300275001	N300275001	0	0	0	0
300276001	(62.21,8.02,123.42,0,stand02,182,0,0)	0	0	2	N300276001	N300276001	0	0	0	0
300283001	(850.18,-2.12,349.41,0,stand01,8,0,0)	0	0	2	N300283001	N300283001	0	1	0	0
300284001	(216.15,8.21,239.55,0,stand01,330,0,0)	0	0	2	N300284001	N300284001	0	0	0	0
300285001	(215.24,8.21,239.92,11,stand01,78,0,0)*(215.24,8.21,239.92,1,stand02,0,0)	0	0	2	N300284001	N300284001	0	0	0	0
300286001	(191.05,8.21,222.01,13,stand01,308,0,0)*(191.05,8.21,222.01,1,stand02,308,0,0)	0	0	2	N300286001	N300286001	0	1	0	0