#iNpcID	sCoordinate	iNpcType	sSCondition	iMovieType	sDialogueQID	sMobileQID	sSpecialSet	iTalkSteer	iStoreID	iMaxTalk
100093001	(1857.7,194.35,-319.4,0,stand01,137,260050,0)	0	(0,0)	2	N100093002	0	0	1	0	0
100094001	(76.95,3,47.47,10,stand01,226,260051,1)*(52.43,3,38.44,5,stand01,226,260051,1)*(42.11,4.98,66.07,6,stand01,70,260051,1)	0	(0,0)	1	N100094002	N100094002	(7,9999999,M99000023)	1	0	0
100095001	(69.57,3,14.42,0,stand01,118,0,0)	0	0	2	N100095001	0	0	1	0	0
100095011	(53.79,3,39.98,1,skill02,270,0,0)*(53.79,3,39.98,1,skill01,270,0,0)	0	0	2	N100095011	0	0	0	0	0
100095021	(53.78,3,41.39,1,skill02,270,0,0)*(53.78,3,41.39,1,skill01,270,0,0)	0	0	2	N100095011	0	0	0	0	0
100095031	(53.76,3,42.91,1,skill02,270,0,0)*(53.76,3,42.91,1,skill01,270,0,0)	0	0	2	N100095011	0	0	0	0	0
100095041	(53.74,3,44.44,1,skill02,270,0,0)*(53.74,3,44.44,1,skill01,270,0,0)	0	0	2	N100095011	0	0	0	0	0
100095161	(49.23,3,43,1,skill02,91,300001,0)*(49.23,3,43,1,skill01,91,300002,0)	0	0	2	N100095011	0	0	0	0	0
100095171	(72.35,3.61,20.2,0,stand01,167,0,0)	0	0	2	N100095012	0	0	1	0	0
100095181	(74.75,3.61,20.31,0,stand01,196,0,0)	0	0	2	N100095013	0	0	1	0	0
100095191	(93.77,3.97,80.62,1,stand01,141,0,0)*(98,3.21,64.39,0.1,stand01,194,0,0)*(92.51,3,47.11,0.1,stand01,227,0,0)*(80.46,3,40.04,0.1,stand01,217,0,0)*(73.53,3,26.04,0.1,stand01,181,0,0)*(73.83,3,17.95,0.1,stand01,219,0,0)*(70.07,3,16.69,1,stand01,325,0,0)	0	0	5	N100095016	N100095016	0	0	0	0
100095201	(68.61,3,16.86,0,stand01,61,0,0)	0	0	2	N100095017	0	(6,M00106005,N100095020)*(6,M00106004,N100095019)*(5,M00000000,M00106002)*(7,M00106002,M00106003)	1	0	0
100095211	(92.75,4.12,79.58,0,stand01,126,0,0)	0	0	2	N100095018	0	(6,20000032,N100095022)*(5,M00000000,20000033)	1	0	0
100095221	(1864.04,194.35,-321.29,0,stand01,-146,0,0)	0	4,M00191019	2	0	0	0	1	0	0
100095231	(1862.59,194.35,-319.57,0,stand01,-137,0,0)	0	4,M00191019	2	0	0	0	1	0	0
100095241	(1861.19,194.35,-317.97,0,stand01,-141,0,0)	0	4,M00191019	2	0	0	0	1	0	0
100095251	(1858.96,194.35,-325.89,0,stand01,53,0,0)	0	4,M00191019	2	0	0	0	1	0	0
100095261	(1857.5,194.35,-324.23,0,stand01,58,0,0)	0	4,M00191019	2	0	0	0	1	0	0
100095271	(1855.95,194.35,-322.51,0,stand01,62,0,0)	0	4,M00191019	2	0	0	0	1	0	0
100193001	(73.57,3,32.8,0,stand02,0,0,1)	0	0	4	N10019303	N10019303	0	1	0	0
360019001	(51.77,6,75.8,5,stand01,192,260053,1)	0	0	2	N360019001	0	0	1	0	0
360024001	(101.8,3.57,75.78,1,stand01,0,0,0)*(101.8,3.57,75.78,2,stand02,0,0,0)*(101.8,3.57,75.78,1,stand03,0,0,0)	0	0	2	N360024001	0	0	0	0	0
360058001	(100.15,3.29,70.72,1,stand01,46,0,0)*(100.15,3.32,71.09,2,stand02,46,0,0)*(100.15,3.32,71.09,1,stand03,46,0,0)	0	0	2	N360058001	0	0	0	0	0
360121001	(71.22,3.51,52.27,0,stand02,173,0,0)	0	0	2	N360121001	0	0	0	0	0
360121011	(76.05,3.51,52.39,0,stand02,176,0,0)	0	0	2	N360121002	0	0	0	0	0
360121021	(75.72,3,17.61,0,stand02,176,0,0)	0	0	2	N360121103	0	0	1	0	0
360121051	(90.98,2.99,36.72,1,stand02,275,0,0)*(79.51,3,31.49,0.1,stand02,278,0,0)*(73.7,3,32.15,0.1,stand02,272,0,0)*(56.3,3.09,29.84,1,stand02,221,0,0)	0	0	3	N360121051	N360121051	0	1	0	0
910004001	(99,3.84,82.75,0,stand01,210,0,0)	0	0	2	910004010	0	(6,20000032,910004011)*(8,20000024,0)*(8,20000025,0)*(8,20000026,0)*(8,20000027,0)*(8,20000028,0)*(8,20000029,0)*(8,20000030,0)*(8,20000031,0)*(8,20000032,0)	0	0	0