#iNpcID	sCoordinate	iNpcType	sSCondition	iMovieType	sDialogueQID	sMobileQID	sSpecialSet	iTalkSteer	iStoreID	iMaxTalk
100095001	(69.57,3,14.42,0,stand01,118,0,0)	0	0	2	N100095001	0	0	1	0	0
360024001	(101.8,3.57,75.78,1,stand01,0,0,0)*(101.8,3.57,75.78,2,stand02,0,0,0)*(101.8,3.57,75.78,1,stand03,0,0,0)	0	0	2	N360024001	0	0	0	0	0
360058001	(100.15,3.29,70.72,1,stand01,46,0,0)*(100.15,3.32,71.09,2,stand02,46,0,0)*(100.15,3.32,71.09,1,stand03,46,0,0)	0	0	2	N360058001	0	0	0	0	0
100093001	(73.56,3.51,52.12,10,stand01,185,0,0)*(88.69,3.51,51.25,30,stand01,112,0,0)*(74.24,3.51,49.81,60,stand01,197,0,0)*(56.73,3.51,53.59,30,stand01,279,0,0)*(71.96,3.51,51.93,1,stand01,33,0,0)	0	0	3	N100093001	N100093001	0	1	0	0
100093002	(73.56,3.51,52.12,10,stand01,185,0,0)*(73.53,3,46.6,60,stand01,182,0,0)*(81.78,3,28.76,10,stand01,156,0,0)*(73.73,3,30.75,30,stand01,179,0,0)*(67.28,2.96,41.31,10,stand01,329,0,0)*(73.53,3,46.6,0.1,stand01,1,0,0)*(73.56,3.51,52.12,1,stand01,0,0,0)	0	0	3	N100093001	N100093001	0	1	0	0
100095011	(53.79,3,39.98,1,skill02,270,0,0)*(53.79,3,39.98,1,skill01,270,0,0)	0	0	2	N100095011	0	0	0	0	0
100095021	(53.78,3,41.39,1,skill02,270,0,0)*(53.78,3,41.39,1,skill01,270,0,0)	0	0	2	N100095011	0	0	0	0	0
100095031	(53.76,3,42.91,1,skill02,270,0,0)*(53.76,3,42.91,1,skill01,270,0,0)	0	0	2	N100095011	0	0	0	0	0
100095041	(53.74,3,44.44,1,skill02,270,0,0)*(53.74,3,44.44,1,skill01,270,0,0)	0	0	2	N100095011	0	0	0	0	0
100095161	(49.23,3,43,1,skill02,91,300001,0)*(49.23,3,43,1,skill01,91,300002,0)	0	0	2	N100095011	0	0	0	0	0
100193001	(73.57,3,32.8,0,stand02,0,0,1)	0	0	4	N10019303	N10019303	0	1	0	0
360019001	(51.77,6,75.8,5,stand01,192,260053,1)	0	0	2	N360019001	0	0	1	0	0
100095171	(72.35,3.61,20.2,0,stand01,167,0,0)	0	0	2	N100095012	0	0	1	0	0
100095181	(74.75,3.61,20.31,0,stand01,196,0,0)	0	0	2	N100095013	0	0	1	0	0
360121001	(71.22,3.51,52.27,0,stand02,173,0,0)	0	0	2	N360121001	0	0	0	0	0
360121011	(76.05,3.51,52.39,0,stand02,176,0,0)	0	0	2	N360121002	0	0	0	0	0
360121021	(75.72,3,17.61,0,stand02,176,0,0)	0	0	2	N360121003	0	0	1	0	0
360121031	(1856.59,194.35,-321.56,0,stand02,135,0,0)	0	0	2	N360121001	0	0	0	0	0
360121041	(1859.91,194.35,-318.73,0,stand02,141,0,0)	0	0	2	N360121001	0	0	0	0	0
360121051	(90.98,2.99,36.72,1,stand02,275,0,0)*(79.51,3,31.49,0.1,stand02,278,0,0)*(73.7,3,32.15,0.1,stand02,272,0,0)*(56.3,3.09,29.84,1,stand02,221,0,0)	0	0	3	N360121051	N360121051	0	1	0	0
360121052	(56.3,3,29.84,1,stand02,43,0,0)*(73.7,3,32.15,0.1,stand01,88,0,0)*(79.51,3,31.49,0.1,stand01,117,0,0)*(90.98,2.99,36.72,1,stand01,97,0,0)	0	0	3	N360121051	N360121051	0	1	0	0
100094001	(87.82,3.51,52.47,1,idle01,113,0,0)*(87.82,3.51,52.47,1,skill01,113,0,0)*(87.82,3.51,52.47,1,idle01,113,0,0)*(87.82,3.51,52.47,1,skill02,113,0,0)*(87.82,3.51,52.47,1,idle01,113,0,0)*(87.82,3.51,52.47,1,skill03,113,0,0)	0	0	2	N100094001	N100094001	0	1	0	0
100094002	(87.82,3.51,52.47,10,stand01,113,0,0)*(73.45,3.51,49.42,10,stand01,184,0,0)*(75.02,3,40.72,0.1,stand01,141,0,0)*(77.63,3,39.53,0.1,stand01,169,0,0)*(80.24,3,32.81,1,stand01,166,0,0)	0	0	5	N100094001	N100094001	0	1	0	0
100094003	(80.24,3,32.81,2,stand01,166,0,0)*(80.24,3,32.81,2,stand02,166,0,0)	0	0	2	N100094002	N100094002	0	1	0	0
100095191	(93.77,3.97,80.62,1,stand01,141,0,0)*(98,3.21,64.39,0.1,stand01,194,0,0)*(92.51,3,47.11,0.1,stand01,227,0,0)*(80.46,3,40.04,0.1,stand01,217,0,0)*(73.53,3,26.04,0.1,stand01,181,0,0)*(73.83,3,17.95,0.1,stand01,219,0,0)*(70.07,3,16.69,1,stand01,325,0,0)	0	0	5	N100095016	N100095016	0	0	0	0
100095192	(70.07,3,16.69,1,stand01,325,0,0)*(73.26,3,16.69,0.1,stand01,13,0,0)*(73.53,3,26.04,0.1,stand01,12,0,0)*(80.46,3,40.04,0.1,stand01,56,0,0)*(91.42,3,45.55,0.1,stand01,31,0,0)*(98,3.21,64.39,0.1,stand01,9,0,0)*(94.48,3.97,79.64,1,stand01,325,0,0)	0	0	3	N100095016	N100095016	0	0	0	0
100095201	(68.61,3,16.86,0,stand01,61,0,0)	0	0	2	N100095017	0	(6,M00106005,N100095020)*(6,M00106004,N100095019)*(5,M00000000,M00106002)*(7,M00106002,M00106003)	1	0	0
100095211	(92.75,4.12,79.58,0,stand01,126,0,0)	0	0	2	N100095018	0	0	1	0	0