#iNpcID	sCoordinate	iNpcType	sSCondition	iMovieType	sDialogueQID	sMobileQID	sSpecialSet	iTalkSteer	iStoreID	iMaxTalk
515001001	(52.78,17.12,78.97,5,stand01,0,0,0)*(60.41,17.15,80,2,stand02,15,0,0)*(60.41,17.15,80,5,stand01,15,0,0)	0	0	4	N515001001	N515001001	0	1	0	0
515002001	(65.78,17.15,73.22,0,stand01,97,0,1)	0	0	2	N515002001	0	0	1	0	0
515003001	(65.78,17.14,75.61,0,stand01,100,0,1)	0	0	2	N515003001	0	0	1	0	0
515004001	(53.27,17.15,69.73,1,idle01,34,0,1)*(53.27,17.15,69.73,4,skill01,34,0,1)	0	0	2	N515004001	0	0	0	0	0
515005001	(53.36,17.15,72.03,1,idle01,-176,0,1)*(53.36,17.15,72.03,3,skill02,-176,0,1)	0	0	2	N515005001	0	0	0	0	0
515006001	(52.33,17.12,73.17,3,stand01,140,0,1)*(52.33,17.12,73.17,2,stand02,140,0,1)	0	0	2	N515006001	0	0	1	0	0
515007001	(38.58,19.49,67.04,3,stand01,91,0,1)*(48.81,18.42,65.94,2,idle01,91,0,1)*(48.87,18.42,65.43,1,idle01,172,0,1)*(48.81,18.42,65.94,2,idle01,19,0,1)*(48.81,18.42,65.94,2,stand01,97,0,1)*(61.85,18.37,65.91,5,stand01,8,0,1)	0	0	4	N515007001	N515007001	0	1	0	0
515008001	(43.38,19.47,72.07,0,stand01,88,0,0)	0	0	2	N515008001	0	0	1	0	0
515009001	(43.36,19.51,75.59,0,stand01,97,0,0)	0	0	2	N515009001	0	0	1	0	0
515010001	(42.02,19.51,80.62,0,stand01,18,0,0)	0	0	2	N515010001	0	0	1	0	0
515011001	(69.45,96.59,3898.58,0,stand01,0,0,0)	0	0	2	N515011001	0	0	1	0	0
515012001	(71.84,96.59,3900.23,0,stand01,-34,0,0)	0	0	2	N515012001	0	0	1	0	0
515013001	(65.99,96.59,3904.29,0,stand01,152,0,0)	0	0	2	N515013001	0	0	1	0	0
515014001	(68.64,96.59,3905.66,0,stand01,150,0,0)	0	0	2	N515014001	0	0	1	0	0
100067001	(65.79,97.27,3900.28,0,stand01,69,0,0)	0	0	2	N100067001	0	0	1	0	0