520001001	(85.54,50.65,144.75,1,stand01,-177,0,0)*(85.54,50.65,144.75,1,stand02,-177,0,0)	0	0	2	N500001001	0	0	1	0	0
520002001	(88.24,50.67,144.88,1,stand01,-166,0,0)*(88.24,50.67,144.88,1,stand02,-166,0,0)	0	0	2	N500002001	0	0	1	0	0
100129001	(77.83,52.27,163.15,0,action01,0,0,0)	0	4,M00202021	2	N500003001	0	0	0	0	0
520004001	(77.35,52.27,161.79,0,action03,29,0,0)	0	0	2	N500004001	0	0	1	0	0
520005001	(79.24,52.27,165.65,0,action03,-128,0,0)	0	0	2	N500005001	0	0	1	0	0
520006001	(79.88,52.27,162.91,0,stand01,-63,0,0)	0	0	2	N500006001	0	0	1	0	0
100127001	(97.16,52.27,162.14,0,skill02,108,0,1)	0	4,M00202021	2	N500007001	N500007001	0	0	0	0
520008001	(38.30,58.49,200.35,0,stand01,169,0,0)	0	0	2	N500008001	0	0	1	0	0
100058001	(1959.55,66.53,231.63,5,stand01,80,0,0)*(1963.77,66.54,234.64,5,stand01,80,0,0)	0	0	2	N500009001	0	0	1	0	0
100128001	(1952.67,66.48,235.64,0,stand02,118,0,0)	0	4,M00202021	2	N500010001	0	0	1	0	0
100126001	(44.31,53.93,196.15,5,stand01,110,0,0)*(59.28,52.41,189.05,10,stand02,129,0,0)	0	4,M00202021	4	N500011001	N500011001	0	1	0	0
520012001	(83.98,52.27,179.72,0,stand01,-170,0,0)	0	0	2	N500012001	0	0	1	0	0
520013001	(89.42,52.27,179.97,0,stand01,-170,0,0)	0	0	2	N500013001	0	0	1	0	0
520014001	(99.64,52.27,161.08,3.6,skill01,-69,0,1)*(99.64,52.27,161.08,1.2,idle01,-69,0,1)	0	0	2	0	0	0	0	0	0
520015001	(96.15,52.27,160.51,5,skill01,20,0,1)*(96.15,52.27,160.51,2.4,idle01,20,0,1)	0	0	2	0	0	0	0	0	0
520016001	(96.94,52.27,164.19,2.5,skill01,160,0,1)*(96.94,52.27,164.19,0.5,idle01,160,0,1)	0	0	2	0	0	0	0	0	0
520017001	(93.21,52.27,162.71,0,action03,90,0,0)	0	0	2	N500017001	0	0	1	0	0
520018001	(100.58,52.27,164.92,0,action03,-140,0,0)	0	0	2	N500018001	0	0	1	0	0
520019001	(101.97,52.27,161.54,0,action03,-103,0,0)	0	0	2	N500019001	0	0	1	0	0
100018001	(2814.99,66.48,611.50,10,stand01,0,0,1)*(2813.76,66.48,606.68,10,stand01,-165,0,1)	0	4,M00202024	4	N500020001	N500020001	(7,M00202006,M00201018)	1	0	0