#iNpcID	sCoordinate	iNpcType	sSCondition	iMovieType	sDialogueQID	sMobileQID	sSpecialSet	iTalkSteer	iStoreID	iMaxTalk
100123001	(53.91,87.49,101.41,9,stand01,230,0,0)*(53.91,87.49,101.41,1,stand02,230,0,0)	0	0	2	N100123001	N100123001	(7,9999999,M00180010)*(7,9999999,M00180011)	0	0	0
100299001	(51.7,86.34,99.31,0,stand01,45,0,0)	0	0	2	N100299011	N100299011	(7,9999999,M00180012)	1	0	0
100124001	(33.95,83.34,46.62,0,stand01,147,0,0)	0	0	2	N100124001	N100124001	0	1	0	0
100124011	(43.24,83.37,70.54,0,stand01,193,0,0)	0	0	2	N100124011	N100124011	0	1	0	0
100124021	(82.49,82.91,68.54,3,idle01,336,0,0)*(82.49,82.91,68.54,1,skill01,336,0,0)	0	0	2	N100124021	N100124021	0	0	0	0
100124031	(79.69,82.8,68.51,3,idle01,8,0,0)*(79.69,82.8,68.51,1,skill01,8,0,0)	0	0	2	N100124021	N100124021	0	0	0	0
100124041	(76.63,82.53,68.29,3,idle01,13,0,0)*(76.63,82.53,68.29,1,skill01,13,0,0)	0	0	2	N100124021	N100124021	0	0	0	0
100124051	(90.17,81.9,53.47,0,stand01,290,0,0)	0	0	2	N100124031	N100124031	0	1	0	0
100124061	(53.94,87.49,102.81,0,stand01,225,0,0)	0	0	2	N100124041	N100124041	0	1	0	0
100124071	(51.61,86.34,97.76,0,stand01,45,0,0)	0	0	2	N100124051	N100124051	0	1	0	5
100124081	(50.01,86.34,99.42,0,stand01,45,0,0)	0	0	2	N100124051	N100124051	0	1	0	5
100124091	(62.99,84.61,51.73,0,stand01,160,0,0)	0	0	2	N100124061	N100124061	0	1	0	0
100124101	(32.05,83.67,65.54,1,stand01,85,0,0)*(41.54,83.34,59.91,0.1,stand01,83,0,0)*(60.27,83.48,68.88,1,stand01,65,0,0)	0	0	3	N100124001	N100124001	0	1	0	0
100124102	(60.38,83.5,68.51,1,stand01,240,0,0)*(49.56,83.45,62.49,0.1,stand01,261,0,0)*(31.38,83.7,64.86,1,stand01,279,0,0)	0	0	3	N100124001	N100124001	0	1	0	0
100124111	(81.02,82.48,66.54,39,stand01,0,0,0)*(77.31,82.48,66.54,56,stand01,0,0,0)	0	0	1	N100124001	N100124001	0	1	0	0
100124121	(94.78,84.7,85.08,1,stand01,195,0,0)*(87.46,84.57,76.18,0.1,stand01,205,0,0)*(84.34,82.96,67.95,0.1,stand01,210,0,0)*(82.07,82.49,64.93,0.1,stand01,228,0,0)*(62.87,83.69,62.94,0.1,stand01,277,0,0)*(59.8,83.79,68.88,0.1,stand01,30,0,0)	0	0	3	N100124001	N100124001	0	1	0	0
100124122	(60.68,83.52,68.22,1,stand01,224,0,0)*(60.68,83.5,62.07,0.1,stand01,111,0,0)*(68.27,83.41,61.41,0.1,stand01,74,0,0)*(77.32,81.95,62.3,0.1,stand01,70,0,0)*(85.3,82.89,67.39,0.1,stand01,27,0,0)*(95.63,84.7,84.78,1,stand01,31,0,0)	0	0	3	N100124001	N100124001	0	1	0	0