#iNpcID	sCoordinate	iNpcType	sSCondition	iMovieType	sDialogueQID	sMobileQID	sSpecialSet	iTalkSteer	iStoreID	iMaxTalk
100036001	(122.21,80.56,71.21,0,skill01,175,0,0)	0	1,M99000102	2	0	0	(7,M99000102,M99000104)*(7,M99000104,M99000105)	0	0	0
100038001	(67.32,85.75,97.53,0,skill01,-76,0,0)	0	1,M99000102	2	N9000024	0	0	0	0	0
100039001	(682.34,97.54,182.8,0,stand01,48,0,0)	0	1,M99000102	2	N9000023	0	0	1	0	0
100041001	(158.76,78.16,70.61,29,stand01,273,0,0)*(157.53,78.16,75.9,17,stand01,272,0,0)*(157.24,78.16,67.29,17,stand01,272,0,0)	0	0,0	4	N100041001	N100041001	0	0	0	0
100042031	(150.22,78.16,58.86,1,idle01,181,0,0)*(150.22,78.16,58.86,3,skill01,181,0,0)	0	0,0	2	N100042103	0	0	0	0	0
100042121	(155.13,78.16,64.25,2,idle01,0,0,0)*(155.13,78.16,64.25,3,skill01,0,0,0)	0	0,0	2	N100042106	0	0	0	0	0
100042131	(155.13,78.16,66.57,2,idle01,180,0,0)*(155.13,78.16,66.57,3,skill01,180,0,0)	0	0,0	2	N100042108	0	0	0	0	0
100042141	(152.39,78.16,64.25,2,idle01,0,0,0)*(152.39,78.16,64.25,3,skill01,0,0,0)	0	0,0	2	N100042106	0	0	0	0	0
100042151	(152.39,78.16,66.57,2,idle01,180,0,0)*(152.39,78.16,66.57,3,skill01,180,0,0)	0	0,0	2	N100042108	0	0	0	0	5
100042161	(149.6,78.16,64.25,2,idle01,0,0,0)*(149.6,78.16,64.25,3,skill01,0,0,0)	0	0,0	2	N100042109	0	0	0	0	0
100042171	(149.6,78.16,66.57,2,idle01,180,0,0)*(149.6,78.16,66.57,3,skill01,180,0,0)	0	0,0	2	N100042113	0	0	0	0	0
100042241	(155.13,78.16,74.45,2,idle01,0,0,0)*(155.13,78.16,74.45,3,skill01,0,0,0)	0	0,0	2	N100042106	0	0	0	0	0
100042251	(155.13,78.16,76.78,2,idle01,180,0,0)*(155.13,78.16,76.78,3,skill01,180,0,0)	0	0,0	2	N100042110	0	0	0	0	0
100042261	(152.39,78.16,74.45,2,idle01,0,0,0)*(152.39,78.16,74.45,3,skill01,0,0,0)	0	0,0	2	N100042106	0	0	0	0	0
100042271	(152.39,78.16,76.78,2,idle01,180,0,0)*(152.39,78.16,76.78,3,skill01,180,0,0)	0	0,0	2	N100042111	0	0	0	0	0
100042281	(149.6,78.16,74.45,2,idle01,0,0,0)*(149.6,78.16,74.45,3,skill01,0,0,0)	0	0,0	2	N100042106	0	0	0	0	0
100042291	(149.6,78.16,76.78,2,idle01,180,0,0)*(149.6,78.16,76.78,3,skill01,180,0,0)	0	0,0	2	N100042106	0	0	0	0	0
100042301	(111.58,84.56,113.03,19,stand01,306,0,0)*(113.14,84.56,110.59,23,stand01,109,0,0)*(113.33,84.56,112.95,39,stand01,72,0,0)	0	0,0	4	N100038001	N100038001	0	0	0	0