#iNpcID	sCoordinate	iNpcType	sSCondition	iMovieType	sDialogueQID	sMobileQID	sSpecialSet	iTalkSteer	iStoreID	iMaxTalk
360089231	(50.1,25.3,47.21,0,stand01,60,0,0)	0	4,M99000128	2	360089231	0	0	0	0	0
360100231	(72.48,25.11,52.04,0,stand01,271,0,0)	0	4,M99000128	2	360100231	0	0	0	0	0
360102231	(49.16,25,69.49,0,stand01,124,0,0)	0	4,M99000128	2	360102231	0	0	0	0	0
100057231	(853,25.73,50.15,0,stand01,140,0,0)	0	4,M99000128	2	N9000059	0	(7,M99000127,M99000128)	1	0	0
100070001	(55.72,25.63,80.62,0,stand01,181,0,0)	0	4,M99000128	2	N100070001	0	0	0	0	0
100070011	(58.1,25.63,80.62,0,stand01,181,0,0)	0	4,M99000128	2	N100070002	0	0	0	0	0
100070021	(55.69,24.92,39.7,0,stand01,178,0,0)	0	4,M99000129	2	N100070003	0	0	0	0	0
100070031	(58.92,24.92,39.8,0,stand01,178,0,0)	0	4,M99000130	2	N100070004	0	0	0	0	0
100070041	(77.92,25.07,76.2,0,stand01,169,130004,0)	0	4,M99000131	2	N100070006	0	0	1	0	0
100070051	(78.6,25.01,75.08,0,stand01,315,130005,0)	0	4,M99000132	2	N100070005	0	0	1	0	0
100070061	(76.4,25.16,65.33,0.1,stand01,0,0,0)*(79.15,24.83,72.51,0.1,stand01,66,0,0)*(83.06,25,70.62,0.1,stand01,173,0,0)*(82.63,24.9,46.04,0.1,stand01,202,0,0)*(79.26,25.02,40.6,0.1,stand01,238,0,0)*(64.96,24.63,36.57,0.1,stand01,266,0,0)*(57.5,24.76,38.97,0.1,stnnd01,351,0,0)*(62.05,25.05,59.54,0.1,stand01,0,0,0)*(65.58,24.99,70.08,0.1,stand01,43,0,0)*(79.15,24.83,72.51,0.1,stand01,66,0,0)*(83.06,25,70.62,0.1,stand01,173,0,0)*(82.63,24.9,46.04,0.1,stand01,202,0,0)*(79.26,25.02,40.6,0.1,stand01,238,0,0)*(64.96,24.63,36.57,0.1,stand01,266,0,0)*(57.5,24.76,38.97,0.1,stand01,351,0,0)*(69.73,25,49.33,0.1,stand01,35,0,0)	0	4,M99000133	4	N100070007	N100070007	0	1	0	0
100070101	(64.23,25.05,57.84,0,stand01,155,130001,0)	0	4,M99000134	2	N100070008	0	0	0	0	0
100070111	(65.72,25,58.55,0,stand01,169,0,0)	0	4,M99000135	2	N100070009	0	0	0	0	0
100070121	(66.79,25,57.74,0,stand01,251,130002,0)	0	4,M99000136	2	N100070010	0	0	1	0	0
100070131	(66.94,25,56.53,0,stand01,290,130003,0)	0	4,M99000137	2	N100070008	0	0	1	0	0
100070141	(65.49,25.03,55.86,0,stand01,13,130001,0)	0	4,M99000138	2	N100070011	0	0	1	0	0
100070201	(48.28,25.22,53.37,0,stand01,89,130006,0)	0	4,M99000139	2	N100070012	0	0	0	0	0
100070211	(48.26,25.19,55.46,0,stand01,91,130006,0)	0	4,M99000140	2	N100070013	0	0	0	0	0
100070221	(50.36,25.05,54.36,0,stand01,270,130007,0)	0	4,M99000141	2	N100070014	0	0	0	0	0
100070231	(51.02,25.1,52.67,0,stand01,309,130008,0)	0	4,M99000142	2	N100070015	0	0	0	0	0
100070241	(51.45,25.22,53.45,0,stand01,268,130009,0)	0	4,M99000142	2	N100070016	0	0	0	0	0