#iNpcID	sCoordinate	iNpcType	sSCondition	iMovieType	sDialogueQID	sMobileQID	sSpecialSet	iTalkSteer	iStoreID	iMaxTalk
100278001	(111.08,1.5,66.86,0,stand01,0,0,0)	0	0	2	N10027801	0	(8,M00050007,0)	1	0	0
100279001	(107.04,1.28,82.56,0,stand01,76,100041,0)	0	0	2	N10027901	0	(8,M00051009,0)*(7,M00051009,M00051010)	0	0	0
100280001	(98.43,1.4,61.39,3,stand01,0,0,1)*(98.66,1.45,68.67,3,stand01,191,100042,1)	0	4,M00051013	1	N10028001	N10028001	(1,98.66_1.45_68.67,M00051013)	1	0	0
100284001	(73.5,2.33,91.95,3,stand01,99,100043,1)	0	1,M00051035	2	N10028401	N10028401	0	0	0	0
100285001	(90.68,1.78,87.38,0,stand01,13,100044,0)	0	1,M00051035	2	N10028501	0	(8,M00051011,0)	1	0	0
100281001	(96.52,1.53,73.1,2,stand01,276,100045,0)*(86.6,1.53,74.16,2,stand01,177,100045,0)*(83.31,1.53,31.67,2,stand01,272,100045,0)*(71.12,3.02,28.64,2,stand01,272,100045,0)	0	1,M00051035	1	N10028101	N10028102	(5,M00000000,M00051050)*(7,M00051054,M00051051)	1	0	0
100282001	(78.55,1.61,55.05,4,stand02,69,0,0)*(78.55,1.61,55.05,2,stand03,69,0,0)	0	1,M00051035	2	N10028201	N10028201	(5,M00000000,M00051029)	1	0	0
100283001	(84.45,1.52,29.03,0,stand01,138,100047,0)	1	1,M00051035	2	N10028301	N10028302	(5,M00000000,M00051003)*(7,M00051005,M00051006)	1	5100003,0	0
100286001	(98.07,1.46,60.02,0,stand01,90,100048,0)	0	1,M00051035	2	N10028601	0	(7,M00051003,M00051005)	1	0	0
100287001	(85.47,1.56,63.47,0.01,stand01,34,100049,0)*(87.42,1.5,66.3,0.01,stand01,307,100049,0)*(84.32,1.5,68.62,0.01,stand01,234,100049,0)*(81.41,1.5,66.51,0.01,stand01,143,100049,0)	0	1,M00051035	4	N10028702	N10028702	0	0	0	0
100288001	(85.76,1.56,63.84,0.01,stand01,34,100050,0)*(87.42,1.5,66.3,0.01,stand01,307,100050,0)*(84.32,1.5,68.62,0.01,stand01,234,100050,0)*(81.41,1.5,66.51,0.01,stand01,143,100050,0)	0	1,M00051035	4	N10028802	N10028801	0	0	0	0
100289001	(62.33,1.54,58.28,0,stand01,-98,100051,0)	0	1,M00051035	2	N10028901	0	(5,M00000000,M00051049)*(7,M00051048,M00051043)	1	0	0
100290001	(93.1,1.73,67.89,0,stand02,110,0,0)	0	1,M00051035	2	N10029001	0	0	0	0	0
100291001	(96.12,1.54,67.71,0,action02,279,100053,0)	0	1,M00051035	2	N10029101	0	(5,M00000000,M00051012)	0	0	0
100292001	(66.23,3.25,46.61,0,action02,300,100054,0)	0	1,M00051035	2	N10029201	0	(7,M00051052,M00051053)	0	0	0
100293001	(89.25,1.5,51.93,10,stand02,180,0,0)*(89.25,1.5,51.93,5,stand03,180,100055,0)	0	1,M00051035	2	N10029301	0	(3,stand03,M00051007)*(8,M00051008,0)	0	0	0
100294001	(94.43,1.64,64.96,0,stand01,13,100056,0)	0	1,M00051035	2	N10029401	0	(5,M00000000,M00051036)*(7,M00051036,M00051037)	1	0	0
100295001	(71.89,1.48,76.29,0,stand02,178,100057,0)	0	1,M00051035	2	N10029501	N10029501	(5,M00000000,M00051047)	0	0	0
505001001	(181.03,2,1368.93,0,stand01,-24,0,0)	0	1,M00051035	2	N50500101	0	0	0	0	0
505002001	(179.94,2,1369.83,0,stand01,123,0,0)	0	1,M00051035	2	N50500201	0	(5,M00000000,M00051001)*(8,M00051021,0)*(8,M00051022,0)	1	0	0
505003001	(61.37,3,26.05,0,stand02,-127,0,0)	0	1,M00051035	2	N50500301	0	(5,M00000000,M00051002)	1	0	0
100232001	(-174.27,1.82,1059.98,5,action07,86,0,1)*(-174.27,1.82,1059.98,3,stand02,86,0,1)*(-174.27,1.82,1059.98,3,stand01,86,0,1)	1	1,M00051035	2	N100232101	0	0	1	5100001,0	0
505004001	(79.63,1.63,48.08,3,stand02,-95,0,1)*(79.63,1.63,48.08,2,stand01,-95,0,1)*(79.52,1.66,51.23,5,stand01,-92,0,1)	0	1,M00051035	4	N50500401	N50500401	0	1	0	0
505005001	(80.42,1.50,73.12,3,stand01,95,0,1)*(80.42,1.50,73.12,2,stand02,95,0,1)	0	1,M00051035	2	N50500501	0	0	1	0	0
505006001	(72.17,1.51,66.03,0,stand01,0,0,1)	0	1,M00051013	2	N10028001	N10028001	(5,M00000000,M00051014)	1	0	0
505007001	(74.23,3.02,22.56,0,action02,-166,0,1)	0	1,M00051035	2	N50500701	N50500701	(5,M00000000,M00051015)	0	0	0
100148001	(64.28,3.15,48.91,0,stand02,177,0,1)	0	1,M00051035	2	N100148002	N100148002	(5,M00000000,M00051016)*(7,M00051016,M00051017)	0	0	0
505008001	(46.99,3.02,88.12,0,stand01,98,0,1)*(67.23,1.47,80.60,25,stand01,98,0,1)*(83.49,1.48,77.36,15,stand01,-174,0,1)*(82.57,1.42,37.69,1,stand01,-73,0,1)	0	1,M00051035	5	N50500801	N50500801	(5,M00000000,M00051018)*(7,M00051018,M00051019)	1	0	0
505009001	(91.44,1.55,67.98,3,stand01,-89,100052,1)*(91.44,1.55,67.98,4,stand01,-89,0,1)	1	1,M00051035	2	N50500901	N50500901	0	0	1100010,0	0
505010001	(83.69,1.62,87.19,5,stand01,-82,0,1)*(83.69,1.62,87.19,2,stand02,-82,0,1)*(83.50,1.50,83.66,4,stand01,-177,0,1)	1	1,M00051035	4	N50501001	N50501001	(7,M00051001,M00051020)	1	5100002,0	0
505011001	(-55.26,2.24,1621.94,0,die02,0,0,1)	0	4,M00051025	2	N50501101	N50501101	(5,M00000000,M00051023)*(7,M00051023,M00051026)	0	0	0
505012001	(72.61,1.40,80.40,2,stand01,96,0,1)*(82.88,1.55,78.51,0,stand01,18,0,1)*(83.53,1.48,82.25,30,stand01,0,0,1)*(85.55,1.42,73.26,2,stand01,-17,0,1)*(85.55,1.42,73.26,5,stand01,102,0,1)*(116.65,1.35,66.97,20,stand01,10,0,1)	0	4,M00051025	4	N50501201	N50501201	(1,83.53_1.48_82.25,M00051024)	0	0	0
505013001	(71.72,1.45,79.34,2,stand02,103,0,1)*(82.88,1.55,78.51,0,stand01,18,0,1)*(82.96,1.51,81,30,stand01,18,0,1))*(85.05,1.25,72.03,2,stand02,100,0,1)*(85.05,1.25,72.03,5,stand01,-146,0,1)*(115.97,1.35,65.70,20,stand01,155,0,1)	0	4,M00051025	4	N50501301	N50501301	0	0	0	0
100189001	(52.94,3.6,78.83,3,stand02,-149,0,1)*(52.94,3.6,78.83,5,stand01,-149,0,1)	0	1,M00051035	2	N100189101	N100189101	(5,M00000000,M00051027)*(7,M00051027,M00051028)	1	0	0
505014001	(53.63,3,82.60,5,stand01,102,0,1)*(53.63,3,82.60,2,stand02,102,0,1)*(59.65,2.29,81.27,0,stand01,-169,0,1)*(54.52,3.13,62.55,3,stand01,162,0,1)*(58.57,3.01,50.10,0,stand01,-139,0,1)*(55.24,3.21,46.27,5,stand01,-139,0,1)*(55.24,3.21,46.27,0,skill01,-139,0,1)	0	1,M00051035	5	N50501401	N50501401	(1,55.24_3.21_46.27,M00051031)*(7,M00051031,M00051032)*(7,M00051031,M00051033)*(7,M00051033,M00051034)	1	0	0
100158001	(91.61,1.50,65.98,10,stand02,-88,0,1)*(91.61,1.50,65.98,2,stand03,-88,0,1)	1	1,M00051035	2	N100158101	N100158101	(5,M00000000,M00051038)*(7,M00051038,M00051039)*(7,M00051039,M00051040)	1	1100014,0	0
100298001	(78.90,1.50,67.74,0,stand03,90,0,1)	0	1,M00051035	2	N100298001	N100298001	(5,M00000000,M00051048)*(7,M00051048,M00051045)*(7,M00051054,M00051052)	0	0	0
990013001	(97.13,1.51,30.16,15,stand01,200,0,0)*(99.54,1.51,33.12,6,stand02,47,0,0)*(95.31,1.51,33.62,10,stand02,0,500045,0)*(84.27,1.5,37.3,20,stand01,90,0,0)*(95.25,1.5,50.8,15,stand02,180,0,0)*(99.69,1.5,57.6,0,stand01,280,500046,0)*(118.64,1.5,63.7,15,stand01,113,500047,0)*(86.3,1.33,73.08,0,stand01,240,500048,0)*(54.31,3,82.95,20,stand01,200,0,0)*(55.64,3.13,47.55,15,stand01,234,0,0)*(62,3,47.76,10,stand01,81,0,0)*(65.86,1.6,59.55,20,stand01,240,500049,0)	0	1,20000017	4	990013001	990013001	(8,20000037,0)	1	0	9