#iNpcID	sCoordinate	iNpcType	sSCondition	iMovieType	sDialogueQID	sMobileQID	sSpecialSet	iTalkSteer	iStoreID	iMaxTalk
100130001	(177.44,4.99,136.82,2,skill01,0,0,1)*(177.44,4.99,136.82,1,idle01,0,0,1)	0	0,0	2	0	0	0	0	0	0
100050001	(177.34,4.99,138.84,3,skill01,172,0,1)*(177.34,4.99,138.84,1,idle01,172,0,1)	0	0,0	2	0	0	0	0	0	0
100130002	(174.24,4.99,141.65,0,skill01,11,0,1)	0	0,0	2	0	0	0	0	0	0
100130003	(172.25,4.99,143.85,3,skill01,77,0,1)*(172.25,4.99,143.85,1,idle01,77,0,1)	0	0,0	2	0	0	0	0	0	0
100130004	(174,4.99,146.43,4,skill01,147,0,1)*(174,4.99,146.43,4,idle01,147,0,1)	0	0,0	2	0	0	0	0	0	0
100274001	(175.32,4.99,143.58,0,skill01,-75,0,1)	0	0,0	2	0	0	0	0	0	0
100050002	(174.95,4.99,125.54,3,skill01,-67,0,1)*(174.95,4.99,125.54,1,idle01,-67,0,1)	0	0,0	2	0	0	0	0	0	0
100130005	(171.91,4.99,126.62,4,skill01,94,0,1)*(171.91,4.99,126.62,2,idle01,94,0,1)	0	0,0	2	0	0	0	0	0	0
100049001	(153.08,4.99,123.81,0,idle01,-122,0,1)	0	0,0	2	0	0	0	0	0	0
100050003	(151.79,4.99,119.07,0,idle01,-25,0,1)	0	0,0	2	0	0	0	0	0	0
100126001	(151.03,4.99,121.63,3,skill02,-74,0,1)*(151.03,4.99,121.63,2,idle01,-74,0,1)	0	0,0	2	0	0	0	0	0	0
100127001	(154.22,5.08,132.82,0,skill02,-140,0,1)	0	0,0	2	0	0	0	0	0	0
100128001	(146.61,5.33,135.82,0,stand02,102,0,1)	0	0,0	2	0	0	0	0	0	0
100129001	(153.32,5.01,134.45,0,skill02,-54,0,1)	0	0,0	2	0	0	0	0	0	0
100011001	(158.88,4.99,148.34,0,skill01,122,0,1)	0	0,0	2	0	0	0	0	0	0
100010001	(159.38,4.99,145.24,0,skill01,31,0,1)	0	0,0	2	0	0	0	0	0	0
100044001	(160.30,4.99,147.13,4,skill03,-83,0,1)*(160.30,4.99,147.13,2,skill01,-83,0,1)	0	0,0	2	0	0	0	0	0	0
100045001	(148.68,4.99,122.02,4,skill01,90,0,1)*(148.68,4.99,122.02,3,skill03,90,0,1)*(148.68,4.99,122.02,1,skill02,90,0,1)	0	0,0	2	0	0	0	0	0	0
100046001	(142.38,4.99,121.85,0,skill01,-76,0,1)	0	0,0	2	0	0	0	0	0	0
100109001	(139.84,4.99,121.14,3,skill02,51,0,1)*(139.84,4.99,121.14,2,idle01,51,0,1)	0	0,0	2	0	0	0	0	0	0
100110001	(140.16,4.99,123.83,3,skill01,139,0,1)	0	0,0	2	0	0	0	0	0	0
100053001	(154.24,5.01,131.17,2,skill02,0,0,1)*(154.24,5.01,131.17,3,skill01,0,0,1)*(154.24,5.01,131.17,2,idle01,0,0,1)	0	0,0	2	0	0	0	0	0	0
100053002	(152.19,5.01,132.25,0,skill01,81,0,1)	0	0,0	2	0	0	0	0	0	0
100051001	(151.63,5.01,135.26,4,skill01,98,0,1)*(151.63,5.01,135.26,2,skill02,98,0,1)	0	0,0	2	0	0	0	0	0	0
100051002	(153.22,5.01,142.55,0,skill01,-147,0,1)	0	0,0	2	0	0	0	0	0	0
100130006	(157.88,5.01,129.63,0,skill01,-30,0,1)	0	0,0	2	0	0	0	0	0	0
100130007	(151.92,5.01,140.30,3,skill01,14,0,1)*(151.92,5.01,140.30,2,idle01,14,0,1)	0	0,0	2	0	0	0	0	0	0
100130008	(150.55,5.01,142.27,0,skill01,87,0,1)	0	0,0	2	0	0	0	0	0	0
100130009	(148.46,4.99,119.99,0,skill01,28,0,1)	0	0,0	2	0	0	0	0	0	0
100130010	(148.46,4.99,124.45,3,skill01,151,0,1)*(148.46,4.99,124.45,2,idle01,151,0,1)	0	0,0	2	0	0	0	0	0	0
100130011	(150.73,4.99,150.81,0,skill01,1,0,1)	0	0,0	2	0	0	0	0	0	0
100130012	(144.14,5.01,152.73,0,skill01,177,0,1)	0	0,0	2	0	0	0	0	0	0
100050004	(156.83,5.01,131.68,0,skill01,140,0,1)	0	0,0	2	0	0	0	0	0	0
100050005	(144.54,5.02,149.60,5,skill01,-13,0,1)*(144.54,5.02,149.60,2,skill02,-13,0,1)*(144.54,5.02,149.60,2,idle01,-13,0,1)	0	0,0	2	0	0	0	0	0	0
100050006	(150.16,4.99,152.80,0,skill01,151,0,1)	0	0,0	2	0	0	0	0	0	0