#iNpcID	sCoordinate	iNpcType	sSCondition	iMovieType	sDialogueQID	sMobileQID	sSpecialSet	iTalkSteer	iStoreID	iMaxTalk
100245601	(175.13,102.13,160.77,0,stand01,87,0,0)	0	1,M00346001	2	23461001	0	(8,M00346003,23461201)*(6,M00346002,23461101)	0	0	0
100246601	(185.39,102.13,169,0,stand01,195,0,0)	0	1,M00346001	2	23461002	0	(6,M00346002,23461102)	0	0	0
100246602	(192.83,102.13,162.93,0,stand01,110,0,0)	0	1,M00346001	2	23461003	0	(6,M00346002,23461103)	0	0	0
100246603	(186.87,102.13,158.6,0,stand01,114,0,0)	0	1,M00346001	2	23461004	0	(6,M00346002,23461104)	0	0	0
100246604	(185.19,102.15,152.28,0,stand01,13,0,0)	0	1,M00346001	2	23461005	0	(6,M00346002,23461105)	0	0	0
100246605	(192.05,103.98,136.96,0,stand01,331,0,0)	0	1,M00346001	2	23461006	0	(6,M00346002,23461106)	0	0	0
100246606	(141.58,119.95,115.78,0,stand01,63,0,0)	0	1,M00346001	2	23461007	0	(6,M00346002,23461107)	0	0	0
100246607	(167.57,94.12,198.68,0,stand01,30,0,0)	0	1,M00346001	2	23461008	0	(6,M00346002,23461108)	0	0	0
100246608	(189.32,99.78,181.99,5,stand01,-23,0,1)*(185.11,98.03,190.49,2,stand01,-40,0,1)*(170.03,94.12,195.95,5,stand01,97,0,1)	0	1,M00346001	4	23461009	23461009	(6,M00346002,23461109)	0	0	0
100037601	(192.3,102.13,173.41,0,stand01,60,0,0)	0	4,M00346002	2	23461010	0	0	0	0	0