#iNpcID	sCoordinate	iNpcType	sSCondition	iMovieType	sDialogueQID	sMobileQID	sSpecialSet	iTalkSteer	iStoreID	iMaxTalk
900001001	(244.23,34.11,146.19,0,stand01,-177,0,0)	0	0	2	N9900001	N9900001	0	1	0	0
100022001	(247.91,34.11,178.65,3,stand01,127,0,1)*(247.91,34.11,178.65,1,stand02,127,0,1)	0	0,0	2	N10002201	N10002202	(5,M00000000,M00010526)	1	0	0
100022002	(247.91,34.11,178.65,1,stand01,127,0,1)*(254.47,34.11,165.56,0.1,stand01,186,0,0)*(266.94,34.11,84.01,1,stand01,186,0,0)	0	0,0	3	N10002202	N10002202	0	1	0	0
100023001	(247.81,34.11,177.61,4,stand01,107,0,1)*(247.81,34.11,177.61,1,stand02,107,0,1)	0	0,0	2	N10002301	N10002302	(5,M00000000,M00010526)	1	0	0
100023002	(247.81,34.11,177.61,1,stand01,107,0,1)*(253.99,34.11,167.14,0.1,stand01,190,0,0)*(266.45,34.11,85.6,1,stand01,190,0,0)	0	0,0	3	N10002302	N10002302	0	1	0	0
100024001	(247.59,34.11,176.59,2,stand01,104,0,1)*(247.59,34.11,176.59,1,stand02,104,0,1)	0	0,0	2	N10002401	N10002402	(5,M00000000,M00010526)	1	0	0
100024002	(247.59,34.11,176.59,1,stand01,104,0,1)*(252.95,34.11,167.23,0.1,stand01,187,0,0)*(265.41,34.11,85.68,1,stand01,187,0,0)	0	0,0	3	N10002402	N10002402	0	1	0	0
100025001	(248.37,34.11,175.53,6,stand01,31,0,1)*(248.37,34.11,175.53,1,stand02,31,0,1)	0	0,0	2	N10002501	N10002502	(5,M00000000,M00010526)	1	0	0
100025002	(248.37,34.11,175.53,1,stand01,31,0,1)*(253.44,34.11,166.25,0.1,stand01,174,0,0)*(265.9,34.11,84.71,1,stand01,174,0,0)	0	0,0	3	N10002502	N10002502	0	1	0	0
100026001	(369.13,34.11,175.41,1,stand02,224,110097,0)*(369.13,34.11,175.41,9,stand01,224,0,0)*(354.37,34.11,172.34,1,stand02,282,0,0)*(354.37,34.11,172.34,5,stand01,282,110097,0)*(329,34.11,175.23,1,stand02,282,110097,0)*(329,34.11,175.23,7,stand01,0,0,0)*(288.59,34.11,183.61,1,stand02,282,0,0)*(288.59,34.11,183.61,7,stand01,282,110097,0)*(275.44,34.11,181.16,1,stand02,232,110097,0)*(275.44,34.11,181.16,7,stand01,232,0,0)*(257.95,34.11,157.91,1,stand02,171,0,0)*(257.95,34.11,157.91,5,stand01,171,110097,0)*(257.95,34.11,155.99,1,stand02,171,0,0)*(257.95,34.11,155.99,5,stand01,171,0,0)*(258.74,34.11,147.52,1,stand02,171,110097,0)*(258.74,34.11,147.52,3,stand01,171,0,0)*(261.39,34.11,137.15,1,stand02,171,110097,0)*(261.39,34.11,137.15,9,stand01,171,0,0)*(262.65,34.11,117.58,1,stand02,171,110097,0)*(262.65,34.11,117.58,7,stand01,171,0,0)*(264.52,34.11,83.9,1,stand01,171,110097,0)	0	0,0	3	N100026001	N100026001	0	1	0	0
100029001	(209.73,35.08,216.97,0,stand01,177,0,0)	0	0,0	2	N10023901	N10023901	0	0	0	0
100029002	(209.64,35.08,215.36,1,stand01,171,0,0)*(224.33,34.11,206.01,0.1,stand01,176,0,0)*(224.86,34.11,200.32,0.1,stand01,158,0,0)*(225.78,34.11,197.85,0.1,stand01,134,0,0)*(236.67,34.11,189.75,0.1,stand01,122,0,0)*(247.86,34.11,182.59,0.1,stand01,142,0,0)*(251.78,34.11,169.43,0.1,stand01,171,0,0)*(261.23,34.11,125.7,0.1,stand01,171,0,0)*(264.01,34.11,84.7,1,stand01,171,0,0)	0	0,0	3	N10023901	N10023901	0	1	0	0
100035001	(264.86,34.11,84.98,1,stand01,0,0,0)*(263.02,34.11,112.64,20,stand01,0,0,0)*(255.72,34.11,141.5,30,stand01,290,0,0)*(260.83,34.11,161.56,1,stand01,0,0,0)	0	0,0	5	N10003502	N10003502	0	1	0	0
100035002	(260.83,34.11,161.56,11,stand01,0,0,0)*(260.83,34.11,161.56,1,stand02,0,0,0)	0	0,0	2	N10003501	N10003501	0	1	0	0
100035003	(260.83,34.11,161.56,11,stand01,0,0,0)*(253.99,34.11,184.75,30,stand01,262,0,0)*(277.74,34.11,187.68,70,stand01,0,0,0)*(300.96,34.11,184.02,30,stand01,6,0,0)*(315.82,34.11,180.33,10,stand01,0,0,0)*(339.78,34.11,178.2,90,stand01,318,0,0)*(376.86,34.11,170.63,10,stand01,0,0,0)*(297.76,34.11,186.45,0.1,stand01,352,0,0)*(302.09,34.11,212.12,30,stand01,324,0,0)*(312.95,34.11,237.94,3,stand01,147,0,0)*(342.16,34.11,225.81,1,stand01,113,0,0)	0	0,0	5	N10003503	N10003503	0	1	0	0
100035004	(342.16,34.11,225.81,9,stand01,113,0,0)*(342.16,34.11,225.81,1,stand02,113,0,0)	0	0,0	2	N10003505	N10003505	(1,342.16_34.11_225.81,M00010071)	1	0	0
100035005	(342.16,34.11,225.81,9,stand01,113,0,0)*(311.36,34.11,232.4,5,stand01,216,0,0)*(294.6,34.11,186.3,0.1,stand01,227,0,0)*(269.54,34.11,174.02,20,stand01,252,0,0)*(260.83,34.11,161.56,0.1,stand01,181,0,0)*(264.86,34.11,84.98,1,stand01,0,0,0)	0	0,0	3	N10003504	N10003504	0	1	0	0
100036001	(263.18,34.11,83.89,1,stand01,0,0,0)*(258.72,34.11,134.74,0.1,stand01,0,0,0)*(259.2,34.11,163.85,0.1,stand01,49,0,0)*(280.66,34.11,183.07,0.1,stand01,81,0,0)*(294.27,34.11,186.01,0.1,stand01,14,0,0)*(309.45,34.11,236.02,0.1,stand01,25,0,0)*(320.61,34.11,266.82,1,stand01,25,0,0)	0	0,0	3	N100036003	N100036003	0	1	0	0
100036002	(321.98,34.11,266.55,1,stand01,200,0,0)*(310,34.11,237.94,0.1,stand01,200,0,0)*(295.79,34.11,186.96,0.1,stand01,244,0,0)*(279.85,34.11,180.23,0.1,stand01,232,0,0)*(265.71,34.11,167.5,0.1,stand01,232,0,0)*(257.9,34.11,155.83,0.1,stand01,203,0,0)*(254.68,34.11,142.51,5,stand01,267,0,0)*(229.98,34.11,140.62,1,stand01,316,0,0)	0	0,0	5	N100036004	N100036002	0	1	0	0
100036003	(228.15,34.11,139.47,17,stand01,335,0,0)*(228.15,34.11,139.47,1,stand02,335,0,0)	0	0,0	2	N100036001	N100036004	0	1	0	0
100037001	(234.11,33.57,633.67,0,action01,53,0,0)	0	0,0	2	N100037002	N100037002	0	0	0	0
100037002	(321.25,34.11,265.52,1,stand01,200,0,0)*(309.26,34.11,236.91,0.1,stand01,200,0,0)*(294.55,34.11,186.72,0.1,stand01,244,0,0)*(278.69,34.11,179.74,0.1,stand01,232,0,0)*(264.54,34.11,167,0.1,stand01,232,0,0)*(257.11,34.11,154.85,0.1,stand01,203,0,0)*(253.09,34.11,142.69,5,stand01,267,0,0)*(228.41,34.11,141.27,1,stand01,86,0,0)	0	0,0	5	N100037003	N100037003	0	1	0	0
100037003	(226.26,34.11,140.41,9,stand01,16,0,0)*(226.26,34.11,140.41,1,stand02,16,0,0)	0	0,0	2	N100037004	N100037004	0	1	0	0
100037004	(326.56,34.11,178.12,1,stand01,206,0,0)*(315.78,34.11,178.12,0.1,stand01,280,0,0)*(297.84,34.11,185.33,0.1,stand01,339,0,0)*(298.49,34.11,196.02,0.1,stand01,14,0,0)*(322.73,34.11,269.33,1,stand01,14,0,0)	0	0,0	3	N100037002	N100037004	0	1	0	0
100037005	(263.71,34.11,84.81,1,stand01,0,0,0)*(259.25,34.11,135.65,0.1,stand01,0,0,0)*(260.24,34.11,164.04,0.1,stand01,49,0,0)*(281.65,34.11,182.68,0.1,stand01,81,0,0)*(295,34.11,186.77,0.1,stand01,14,0,0)*(310.32,34.11,236.62,0.1,stand01,25,0,0)*(32.48,34.11,267.41,1,stand01,25,0,0)	0	0,0	3	N100037002	N100037004	0	1	0	0
100038001	(227.44,34.11,141.07,11,stand01,327,110111,0)*(227.44,34.11,141.07,1,stand02,327,0,0)	0	0,0	2	N100038102	N100038102	0	1	0	0
100038002	(132.82,34.28,831.04,0,action01,49,0,0)	0	0,0	2	N100038101	N100038101	(5,M00000000,M00010263)*(7,M00011009,M00011010)	0	0	0
100038003	(223.81,34.56,142.46,1,stand01,84,0,0)*(227.44,34.11,141.07,1,stand01,327,0,0)	0	0,0	5	N100038102	N100038102	0	1	0	0
100042001	(235.72,33.57,633.88,0,action01,320,0,0)	0	0,0	2	N100042002	N100042002	0	0	0	0
100042002	(320.76,34.11,266.16,1,stand01,200,0,0)*(308.77,34.11,237.55,0.1,stand01,200,0,0)*(294.63,34.11,187.52,0.1,stand01,244,0,0)*(278.6,34.11,180.54,0.1,stand01,232,0,0)*(264.46,34.11,167.81,0.1,stand01,232,0,0)*(256.65,34.11,155.51,0.1,stand01,203,0,0)*(253.76,34.11,143.22,5,stand01,267,0,0)*(228.1,34.11,140.26,1,stand01,53,0,0)	0	0,0	5	N100042003	N100042003	0	1	0	0
100042003	(227.05,34.11,139.71,13,stand01,3,110110,0)*(227.05,34.11,139.71,1,stand02,3,0,0)	0	0,0	2	N100042001	N100042001	0	1	0	0
100042004	(327.35,34.11,178,1,stand01,216,0,0)*(315.89,34.11,177.32,0.1,stand01,290,0,0)*(297.21,34.11,184.83,0.1,stand01,349,0,0)*(297.69,34.11,195.99,0.1,stand01,24,0,0)*(321.92,34.11,269.29,1,stand01,24,0,0)	0	0,0	3	N100042002	N100042002	0	1	0	0
100042005	(264.72,34.11,84.77,1,stand01,0,0,0)*(260.25,34.11,135.62,0.1,stand01,0,0,0)*(260.86,34.11,163.25,0.1,stand01,49,0,0)*(281.75,34.11,181.68,0.1,stand01,81,0,0)*(295.97,34.11,186.49,0.1,stnad01,14,0,0)*(311.21,34.11,236.15,0.1,stand01,25,0,0)*(322.37,34.11,266.94,1,stand01,25,0,0)	0	0,0	3	N100042002	N100042002	0	1	0	0
100043001	(226.63,34.11,145.68,17,stand01,168,0,0)*(226.63,34.11,145.68,1,stand02,168,0,0)	0	0,0	2	N100043001	N100043001	(5,M00000000,M00010267)	1	0	0
100043002	(264.02,34.11,84.55,1,stand01,0,0,0)*(253.46,34.11,164.93,0.1,stand01,350,0,0)*(247.81,34.11,182.8,0.1,stand01,306,0,0)*(228.86,34.11,195.81,0.1,stand01,311,0,0)*(225.18,34.11,199.88,0.1,stand01,0,0,0)*(223.76,34.11,212.8,0.1,stand01,356,0,0)*(221.73,34.78,216.97,1,stand01,6,0,0)	0	0,0	3	N100043001	N100043001	(5,M00000000,M00010267)	1	0	0
100043003	(299.98,41.3,860.09,11,stand01,0,0,0)*(299.98,41.3,860.09,1,stand02,0,0,0)	0	0,0	2	N100043001	N100043001	(5,M00000000,M00010267)	1	0	0
100043004	(221.81,34.78,216.85,1,stand01,166,0,0)*(223.78,34.11,212.85,0.1,stand01,177,0,0)*(225.18,34.11,199.85,0.1,stand01,162,0,0)*(228.71,34.11,195.98,0.1,stand01,127,0,0)*(248.05,34.11,182.66,0.1,stand01,128,0,0)*(253.56,34.11,165.06,0.1,stand01,178,0,0)*(253.1,34.11,142.5,1,stand02,259,0,0)*226.63,34.11,145.68,1,stand01,168,0,0)	0	0,0	5	N100043001	N100043001	(5,M00000000,M00010267)	1	0	0
100045001	(227.35,34.11,145.06,21,stand01,212,0,0)	0	0,0	2	N100045001	N100045001		1	0	0
100045002	(138.76,34.28,836.04,0,action01,229,0,0)	0	0,0	2	N100045002	N100045002	(5,M00000000,M00010266)*(7,M00010266,M00011013)	0	0	0
100045003	(223.53,34.56,142.86,1,stand01,74,0,0)*(227.35,34.11,145.06,1,stand01,212,0,0)	0	0,0	5	N100045001	N100045001	0	1	0	0
100060001	(342.57,34.11,250.12,1,stand01,195,0,0)	0	0,0	2	N10006001	N10006001	(5,M00000000,M00010277)	0	0	0
100060002	(236.98,34.11,147.99,17,stand01,224,0,0)*(236.98,34.11,147.99,1,stand02,224,0,0)	0	0,0	2	N10006001	N10006001	(5,M00000000,M00010277)	0	0	0
100060003	(342.57,34.11,250.20,1,stand01,195,0,0)*(339.69,34.11,239.22,0.1,stand01,209,0,0)*(334.98,34.11,229.89,0.1,stand01,269,0,0)*(310.49,34.11,232.96,0.1,stand01,244,0,0)*(296.56,34.11,186.68,0.1,stand01,158,0,0)*(305.2,34.11,180.81,0.1,stand01,107,0,0)*(337.94,34.11,175.29,0.1,stand01,107,0,0)*(352.74,34.11,174.63,0.1,stand01,18,0,0)*(352.42,34.65,178.17,1,stand01,195,0,0)	0	0,0	5	N10006001	N10006001	(5,M00000000,M00010277)	0	0	0
100060004	(352.42,34.65,178.17,3,stand01,195,0,0)*(352.42,34.65,178.17,1,stand02,195,0,0)*(352.42,34.65,178.17,1,stand03,195,0,0)	0	0,0	2	N10006001	N10006001	(5,M00000000,M00010277)	0	0	0
100060005	(352.42,34.65,178.17,1,action03,195,0,0)*(352.42,34.65,178.17,2,action04,195,0,0)*(352.42,34.65,178.17,1,action05,195,0,0)*(352.54,34.65,178.13,3,action01,284,0,0)*(352.54,34.65,178.13,27,action02,284,0,0)	0	0,0	2	N10006001	N10006001	(5,M00000000,M00010277)	0	0	0
100060006	(352.42,34.65,178.17,3,stand01,195,0,0)*(352.42,34.65,178.17,1,stand02,195,0,0)*(352.42,34.65,178.17,1,stand03,195,0,0)	0	0,0	2	N10006001	N10006001	(5,M00000000,M00010277)	0	0	0
100060007	(352.42,34.65,178.17,1,stand01,195,0,0)*(353.27,34.11,174.68,0.1,stand01,224,0,0)*(338.11,34.11,174.29,0.1,stand01,287,0,0)*(305.37,34.11,179.88,0.1,stand01,286,0,0)*(281.77,34.11,182.06,0.1,stand01,254,0,0)*(265.11,34.11,167.5,0.1,stand01,234,0,0)*(253.48,34.11,142.37,0.1,stand01,264,0,0)*(236.98,34.11,147.99,0.1,stand01,224,0,0)	0	0,0	5	N10006001	N10006001	(5,M00000000,M00010277)	0	0	0
100064001	(338.5,34.11,247.33,1,stand01,160,0,0)	0	0,0	2	N100064001	N100064001	(5,M00000000,M00010501)	0	0	0
100064002	(237.27,34.11,147.29,31,stand01,309,0,0)*(237.27,34.11,147.29,1,stand02,309,0,0)	0	0,0	2	N100064001	N100064001	(5,M00000000,M00010501)	0	0	0
100064003	(338.5,34.11,247.33,1,stand01,160,0,0)*(338.94,34.11,239.05,0.1,stand01,203,0,0)*(334.46,34.11,230.46,0.1,stand01,263,0,0)*(309.78,34.11,233.26,0.1,stand01,238,0,0)*(296.21,34.11,185.99,0.1,stand01,152,0,0)*(305.51,34.11,180.1,0.1,stand01,101,0,0)*(338.25,34.11,174.59,0.1,stand01,101,0,0)*(353.26,34.11,174.7,0.1,stand01,12,0,0)*(351.21,34.65,178.49,1,stand01,194,0,0)	0	0,0	5	N100064001	N100064001	(5,M00000000,M00010501)	0	0	0
100064004	(351.21,34.65,178.49,9,stand01,194,0,0)*(351.21,34.65,178.49,11,stand02,194,0,0)	0	0,0	2	N100064001	N100064001	(5,M00000000,M00010501)	0	0	0
100064005	(351.21,34.65,178.49,1,action03,194,0,0)*(351.21,34.65,178.19,2,action04,194,0,0)*(351.21,34.65,178.19,1,action05,194,0,0)*(351.21,34.65,178.49,3,action01,105,0,0)*(351.21,34.65,178.49,27,action02,105,0,0)	0	0,0	2	N100064001	N100064001	(5,M00000000,M00010501)	0	0	0
100064006	(351.21,34.65,178.49,9,stand01,194,0,0)*(351.21,34.65,178.49,11,stand02,194,0,0)	0	0,0	2	N100064001	N100064001	(5,M00000000,M00010501)	0	0	0
100064007	(351.21,34.65,178.49,1,stand01,194,0,0)*(352.77,34.11,174.85,0.1,stand01,218,0,0)*(337.78,34.11,174.98,0.1,stand01,280,0,0)*(305.04,34.11,180.57,0.1,stand01,280,0,0)*(281.11,34.11,182.47,0.1,stand01,248,0,0)*(264.36,34.11,167.67,0.1,stand01,228,0,0)*(252.92,34.11,142.89,0.1,stand01,258,0,0)*(237.27,34.11,147.29,0.1,stand01,309,0,0)	0	0,0	5	N100064001	N100064001	(5,M00000000,M00010501)	0	0	0
100065001	(231.16,34.11,141.19,19,stand01,349,0,0)*(231.16,34.11,141.19,1,stand02,349,0,0)	0	0,0	2	N100065001	N100065001	(5,M00000000,M00010261)	1	0	0
100065002	(281.75,34.11,199.39,19,stand01,171,0,0)*(281.75,34.11,199.39,1,stand02,171,0,0)	0	0,0	2	N100065001	N100065001	(5,M00000000,M00010261)	1	0	0
100065003	(281.75,34.11,199.39,1,stand01,171,0,0)*(281.27,34.11,186.73,0.1,stand01,200,0,0)*(266.55,34.11,169.57,0.1,stand01,215,0,0)*(252.88,34.11,142.53,2,stand01,270,0,0)*(231.16,34.11,141.19,1,stand01,0,0,0)	0	0,0	5	N100065001	N100065001	(5,M00000000,M00010261)	1	0	0
100071001	(381.64,33.44,772.9,0,action01,138,0,0)	0	0,0	2	N100071001	N100071001	(5,M00000000,M00010297)*(7,M00010297,M00011009)	0	0	0
100071002	(303.12,34.14,132.87,1,stand01,86,0,0)*(310.97,34.14,133.26,3,stand01,71,0,0)*(313.63,34.14,139.99,0.1,stand01,2,0,0)*(314.78,34.14,176.26,0.1,stand01,334,0,0)*(282.2,34.11,182.85,0.1,stand01,272,0,0)*(266.75,34.11,168.73,0.1,stand01,230,0,0)*(258.62,34.11,159.43,0.1,stand01,206,0,0)*(253.18,34.11,142.66,3,stand01,264,0,0)*(231.63,34.11,141.46,1,stand01,328,0,0)	0	0,0	2	N100071002	N100071002	0	0	0	0
100071003	(231.63,34.11,141.46,13,stand01,328,110109,0)*(231.63,34.11,141.46,1,stand02,328,0,0)	0	0,0	2	N100071002	N100071002	0	0	0	0
100072001	(232.63,34.11,141.46,13,stand01,328,110109,0)*(232.63,34.11,141.46,1,stand02,328,0,0)	0	0,0	2	N100072101	N100072101	(5,M00000000,M00010272)	1	0	0
100072002	(235.74,33.57,627.77,0,action03,134,0,0)	0	0,0	2	N100072102	N100072102	0	0	0	0
100072003	(326.63,34.11,178.05,1,stand01,215,0,0)*(316.19,34.11,174.55,0.1,stand01,215,0,0)*(310.56,34.11,133.6,0.1,stand01,253,0,0)*(298.29,34.11,133.6,1,stand01,124,0,0)	0	0,0	5	N100072103	N100072103	0	1	0	0
100072004	(298.29,34.11,133.6,1,stand01,124,0,0)*(300,34.11,126.82,30,stand01,176,0,0)*(300.59,34.11,137.27,3,idle01,318,0,0)*(300.59,34.11,137.27,1,skill01,318,0,0)*(300.59,34.11,137.27,5,stand01,318,0,0)	0	0,0	4	N100072104	N100072104	(5,M00000000,M00010272)	1	0	0
100072005	(303.12,34.14,132.87,1,stand01,86,0,0)*(310.97,34.14,133.26,3,stand01,71,0,0)*(313.63,34.14,139.99,0.1,stand01,2,0,0)*(314.78,34.14,176.26,0.1,stand01,334,0,0)*(282.2,34.11,182.85,0.1,stand01,272,0,0)*(266.75,34.11,168.73,0.1,stand01,230,0,0)*(258.62,34.11,159.43,0.1,stand01,206,0,0)*(253.18,34.11,142.66,3,stand01,264,0,0)*(232.63,34.11,141.46,1,stand01,328,0,0)	0	0,0	5	N100072104	N100072104	(5,M00000000,M00010272)	1	0	0
100073001	(307.91,34.73,134.35,0,stand01,69,0,0)	0	0,0	2	N100073003	N100073003	0	1	0	0
100074001	(226.3,34.11,142.94,0,stand01,82,110107,0)	0	0,0	2	N100074001	N100074001	0	1	0	0
100074002	(131.9,34.79,836.13,0,action03,139,0,0)	0	0,0	2	N100074002	N100074002	(5,M00000000,M00010612)*(7,M00010066,M00010620,0)	0	0	0
100074003	(223.84,34.56,142.6,1,stand01,75,0,0)*(226.3,34.11,142.94,1,stand01,82,0,0)	0	0,0	5	N100074001	N100074001	0	1	0	0
100075001	(225.37,34.11,144.96,0,stand01,109,0,0)	0	0,0	2	N100075001	N100075001	(5,M00000000,M00010611)	1	0	0
100076001	(252.31,34.11,145.05,9,stand01,84,0,0)*(252.31,34.11,145.05,1,stand02,84,0,0)	0	0,0	2	N100076001	N100076001	0	0	0	0
100077001	(234.51,34.11,142.36,10,stand01,304,0,0)*(234.51,34.11,142.36,1,stand02,304,0,0)	0	0,0	2	N100077001	N100077001	(5,M00000000,M00010275)*(7,M00010275,M00011011)*(7,M00011011,M00011012)	1	0	0
100077002	(302.91,34.11,155,3,stand01,86,0,0)*(314.32,34.11,155.66,0.1,stand01,55,0,0)*(314.21,34.11,176.6,0.1,stand01,334,0,0)*(279.34,34.11,181.51,0.1,stand01,245,0,0)*(260.88,34.11,162.76,0.1,stand01,211,0,0)*(252.88,34.11,142.38,2,stand01,264,0,0)*(234.51,34.11,142.36,1,stand01,304,0,0)	0	0,0	5	N100077001	N100077001	(5,M00000000,M00010275)*(7,M00010275,M00011011)*(7,M00011011,M00011012)	1	0	0
100077003	(302.91,34.11,155,3,stand01,86,0,0)*(302.91,34.11,155,3,stand01,86,0,0)	0	0,0	2	N100077001	N100077001	(5,M00000000,M00010275)*(7,M00010275,M00011011)*(7,M00011011,M00011012)	1	0	0
100078001	(233.95,34.11,141.06,16,stand01,336,0,0)*(233.95,34.11,141.06,1,stand02,336,0,0)	0	0,0	2	N100078001	N100078001	0	1	0	0
100078002	(302.75,34.11,152.31,3,stand01,58,0,0)*(314.08,34.11,154.8,0.1,stand01,58,0,0)*(315.05,34.11,175.29,0.1,stand01,334,0,0)*(279.71,34.11,182.32,0.1,stand01,248,0,0)*(260.73,34.11,163.63,0.1,stand01,214,0,0)*(253.49,34.11,143.03,2,stand01,267,0,0)*(233.95,34.11,141.06,1,stand01,336,0,0)	0	0,0	5	N100078001	N100078001	0	1	0	0
100078003	(302.75,34.11,152.31,15,stand01,58,0,0)*(302.75,34.11,152.31,1,stand02,58,0,0)	0	0,0	2	N100078001	N100078001	0	1	0	0
100078004	(264.35,34.11,83.47,1,Idle03,0,0,0)*(263.19,34.11,107.84,0.1,Idle03,0,0,0)*(258.77,34.11,138.73,0.1,Idle03,0,0,0)*(258.64,34.11,162.5,0.1,Idle03,52,0,0)*(282.11,34.11,182.58,0.1,Idle03,91,0,0)*(312.41,34.11,178.57,0.1,Idle03,134,0,0)*(314.78,34.11,156.4,0.1,Idle03,209,0,0)*(302.92,34.11,150.77,0.1,Idle03,262,0,0)	0	0,0	5	N100078001	N100078001	0	1	0	0
100079001	(311.85,34.65,155.81,9,stand01,121,0,0)*(311.85,34.65,155.81,1,stand02,121,0,0)	0	0,0	2	N100079001	N100079001	0	1	0	0
100080001	(229.53,34.11,140.22,9,stand01,34,0,0)*(229.53,34.11,140.22,1,stand02,34,0,0)	0	0,0	2	N100080101	N100080101	(5,M00000000,M00010268)	1	0	0
100080002	(264.34,34.11,84.28,1,stand01,0,0,0)*(262.82,34.11,115.4,0.1,stand01,350,0,0)*(258.98,34.11,135.15,0.1,stand01,350,0,0)*(253.27,34.11,142.64,3,stand01,265,0,0)*(229.53,34.11,140.22,1,stand01,34,0,0)	0	0,0	5	N100080101	N100080101	(5,M00000000,M00010268)	1	0	0
100081001	(230.42,34.11,140.47,21,stand01,304,0,0)*(230.42,34.11,140.27,1,stand02,304,0,0)	0	0,0	2	N100081101	N100081101	(5,M00000000,M00010268)	1	0	0
100081002	(264.91,34.11,83.86,1,stand01,0,0,0)*(263.49,34.11,115.21,0.1,stand01,342,0,0)*(259.62,34.11,134.56,0.1,stand01,337,0,0)*(254.25,34.11,142.93,3,stand01,263,0,0)*(230.42,34.11,140.47,1,stand01,304,0,0)	0	0,0	5	N100081101	N100081101	(5,M00000000,M00010268)	1	0	0
100085001	(228.13,34.11,206.72,90,stand01,356,0,0)*(228.13,34.11,206.72,90,stand02,356,0,0)	0	0,0	2	N100085002	N100085002	(5,M00000000,M00010273)	1	0	0
100085002	(224.13,34.11,206.72,1,stand01,356,0,0)*(225.95,34.11,198.43,0.1,stand01,144,0,0)*(236.88,34.11,189.88,0.1,stand01,124,0,0)*(250.47,34.11,180,0.1,stand01,163,0,0)*(253.75,34.11,146.85,0.1,stand01,195,0,0)*(252.91,34.11,142.47,3,stand01,259,0,0)*(231.12,34.11,146.68,7,stand01,163,110108,0)	0	0,0	2	N100085002	N100085002	0	1	0	0
100085003	(231.12,34.11,146.68,7,stand01,163,0,0)*(231.12,34.11,146.68,1,stand02,163,0,0)	0	0,0	2	N100085002	N100085002	0	1	0	0
100088001	(232.35,34.11,145.38,1,stand02,222,0,0)*(232.35,34.11,145.38,21,stand01,222,0,0)	0	0,0	2	N100088001	N100088001	0	1	0	0
100088002	(140.35,34.28,834.07,0,action01,230,0,0)	0	0,0	2	N100088002	N100088002	(5,M00000000,M00010270)	0	0	0
100088003	(224.41,34.56,142.6,1,stand01,78,0,0)*(229.81,34.11,143.45,0.1,stand01,55,0,0)*(232.35,34.11,145.38,1,stand01,222,0,0)	0	0,0	5	N100088001	N100088001	0	1	0	0
100089001	(263.76,34.11,84.99,1,stand01,0,0,0)*(263.21,34.11,107.98,10,stand01,88,0,0)*(261.24,34.11,134.63,10,stand01,56,0,0)*(260,34.11,143.62,10,stand01,150,0,0)*(262.05,34.11,166.4,10,stand01,0,0,0)*(285.27,34.11,184.55,10,stand01,31,0,0)*(315.29,34.11,180.44,10,stand01,11,0,0)*(348.83,34.11,174.91,60,stand01,21,0,0)*(266.09,34.11,170.01,10,stand01,284,0,0)	0	0,0	5	N10008905	N10008905	(5,M00000000,M00010293)	1	0	0
100089002	(263.92,34.11,169.56,2,action01,6,0,0)*(263.92,34.11,169.56,1,action02,6,0,0)	0	0,0	2	N10008902	N10008902	(5,M00000000,M00010293)	0	0	0
100089003	(263.77,34.11,168.5,2,stand01,204,0,0)*(255.27,34.11,167.14,2,stand01,138,0,0)*(227.03,34.11,197.09,0.1,stand01,321,0,0)*(224.13,34.11,206.72,90,stand01,356,0,0)	0	0,0	5	N10008903	N10008903	(5,M00000000,M00010293)	1	0	0
100089004	(224.13,34.11,206.72,1,stand01,356,0,0)*(225.95,34.11,198.43,0.1,stand01,144,0,0)*(236.88,34.11,189.88,0.1,stand01,124,0,0)*(250.47,34.11,180,0.1,stand01,163,0,0)*(253.75,34.11,146.85,0.1,stand01,195,0,0)*(252.91,34.11,142.47,3,stand01,259,0,0)*(234.61,34.11,145.64,1,stand01,48,0,0)	0	0,0	5	N10008904	N10008904	(5,M00000000,M00010293)	1	0	0
100089005	(234.61,34.11,145.64,0,stand01,48,0,0)	0	0,0	2	N10008905	N10008905	(5,M00000000,M00010293)	1	0	0
100090001	(264.76,34.11,84.7,1,stand01,0,0,0)*(264.46,34.11,107.7,10,stand01,292,0,0)*(261.7,34.11,133.78,10,stand01,33,0,0)*(261.1,34.11,142.73,10,stand01,300,0,0)*(263.05,34.11,166.18,10,stand01,336,0,0)*(286.3,34.11,183.84,10,stand01,31,0,0)*(316.23,34.11,180.03,10,stand01,11,0,0)*(349.67,34.11,174.35,60,stand01,21,0,0)*(266.53,34.11,170.9,1,stand01,258,0,0)	0	0,0	5	N10008901	N10008901	0	1	0	0
100090002	(262.83,34.11,171.18,1,action01,104,0,0)*(262.83,34.11,171.18,1,action02,104,0,0)	0	0,0	2	N10009001	N10009001	0	0	0	0
100090003	(264.6,34.11,168.89,2,stand01,204,0,0)*(255.01,34.11,166.06,2,stand01,19,0,0)*(248.28,34.11,182.57,10,stand01,297,0,0)*(248.62,34.11,181.71,2,stand01,297,0,0)*(227,34.11,196.17,0.1,stand01,321,0,0)*(223.57,34.11,205.98,90,stand01,356,0,0)	0	0,0	5	N10009002	N10009002	0	1	0	0
100090004	(223.57,34.11,205.98,1,stand01,356,0,0)*(226.05,34.11,199.35,0.1,stand01,144,0,0)*(236.67,34.11,190.78,0.1,stand01,124,0,0)*(250.86,34.11,180.83,0.1,stand01,163,0,0)*(254.52,34.11,147.37,0.1,stand01,195,0,0)*(254.32,34.11,142.83,3,stand01,259,0,0)*(236.67,34.11,146.16,1,stand01,259,0,0)	0	0,0	5	N10009003	N10009003	0	1	0	0
100090005	(236.67,34.11,146.16,0,stand01,259,0,0)	0	0,0	2	N100090101	N100090101	0	1	0	0
100091001	(380.28,34.26,689.84,7,action01,115,110047,1)*(380.28,34.26,689.84,1,action02,115,0,1)	0	0,0	2	N100244001	N100244001	0	0	0	0
100094001	(264.36,34.11,84.92,1,stand01,0,0,0)*(258.93,34.11,164.61,60,stand01,0,0,0)*(248.22,34.11,181.18,20,stand01,336,0,0)*(236.11,34.11,190.03,5,stand01,0,0)*(226.02,34.11,198.58,7,stand01,333,0,0)*(212.57,34.11,207,1,stand01,0,0)	0	0,0	5	N100094101	N100094101	(5,M00000000,M00010262)	1	0	0
100094002	(212.57,34.11,207,39,stand01,0,0)*(212.57,34.11,207,1,stand02,0,0)	0	0,0	2	N100094101	N100094101	(5,M00000000,M00010262)	1	0	0
100094003	(212.57,34.11,207,1,stand01,0,0)*(225.11,34.11,199.87,0.1,stand01,152,0,0)*(226,34.11,198.07,0.1,stand01,133,0,0)*(236.38,34.11,190.03,0.1,stand01,119,0,0)*(248.37,34.11,183.24,0.1,stand01,137,0,0)*(254.06,34.11,163.87,0.1,stand01,169,0,0)*(253.85,34.11,142.88,0.1,stand01,259,0,0)*(230.16,34.11,145.79,1,stand01,133,0,0)	0	0,0	5	N100094101	N100094101	(5,M00000000,M00010262)	1	0	0
100094004	(229.19,34.11,141.44,15,stand01,0,0,0)*(229.19,34.11,141.44,1,stand02,0,0,0)	0	0,0	2	N100094101	N100094101	(5,M00000000,M00010262)	1	0	0
100096001	(263.53,34.11,84.36,1,stand01,0,0,0)*(259.32,34.11,141.54,30,stand01,130,0,0)*(262.59,34.11,166.03,0.1,stand01,47,0,0)*(281.36,34.11,182.74,0.1,stand01,87,0,0)*(294.46,34.11,187.22,0.1,stand01,14,0,0)*(301.62,34.11,214.22,30,stand01,321,0,0)	0	0,0	5	N100096102	N100096102	(5,M00000000,M00010269)	1	0	0
100096002	(459.54,34.23,691.2,0,stand01,276,0,0)	0	0,0	2	N100096103	N100096103	(5,M00000000,M00010269)	1	0	0
100096003	(302.55,34.11,214.28,1,stand01,160,0,0)*(293.06,34.11,185.66,0.1,stand01,238,0,0)*(275.31,34.11,185.07,1,stand01,202,0,0)	0	0,0	5	N100096102	N100096102	(5,M00000000,M00010269)	1	0	0
100096004	(275.31,34.11,185.07,9,stand01,202,0,0)*(275.31,34.11,185.07,1,stand02,202,0,0)	1	0,0	2	N100096104	N100096104	(5,M00000000,M00010269)	1	1100103,0	0
100096005	(275.31,34.11,185.07,1,stand01,202,0,0)*(264.95,34.11,166.81,0.1,stand01,225,0,0)*(258.03,34.11,151.63,0.1,stand01,214,0,0)*(252.8,34.11,142.41,2,stand01,264,0,0)*(238.85,34.11,140.46,1,stand01,23,0,0)	0	0,0	5	N100096106	N100096106	(5,M00000000,M00010269)	1	0	0
100096006	(238.85,34.11,140.46,0,stand01,23,0,0)	0	0,0	2	N100096101	N100096101	(5,M00000000,M00010269)	1	0	0
100097001	(264.25,34.11,83.63,1,stand01,0,0,0)*(260.04,34.11,140.81,30,stand01,337,0,0)*(262.54,34.11,165.47,0.1,stand01,47,0,0)*(280.67,34.11,181.98,0.1,stand01,87,0,0)*(294.97,34.11,186.33,0.1,stand01,14,0,0)*(302.64,34.11,214.13,30,stand01,321,0,0)	0	0,0	5	N100096102	N100096102	0	1	0	0
100097002	(459.56,34.23,690.02,0,stand01,345,0,0)	0	0,0	2	N100097001	N100097001	0	1	0	0
100097003	(301.63,34.11,214.72,1,stand01,160,0,0)*(293.28,34.11,186.66,0.1,stand01,238,0,0)*(274.9,34.11,186.01,1,stand01,202,0,0)	0	0,0	5	N100096102	N100096102	0	1	0	0
100097004	(274.9,34.11,186.01,0,stand01,202,0,0)	0	0,0	2	N100097002	N100097002	0	1	0	0
100097005	(274.9,34.11,186.01,1,stand01,202,0,0)*(264.93,34.11,167.83,0.1,stand01,225,0,0)*(257.8,34.11,152.63,0.1,stand01,214,0,0)*(253.42,34.11,143.22,2,stand01,264,0,0)*(239.57,34.11,139.71,1,stand01,346,0,0)	0	0,0	5	N100097003	N100097003	0	1	0	0
100097006	(239.57,34.11,139.71,0,stand01,346,0,0)	0	0,0	2	N100097004	N100097004	0	1	0	0
100101001	(324.66,34.11,151.84,0,stand01,153,0,0)	0	0,0	2	N100101001	0	(5,M00000000,M00010079)	0	0	0
100102001	(325.57,34.11,148.68,1,stand01,0,0,0)*(314.57,34.11,176.12,0.1,stand01,330,0,0)*(271.46,34.11,187.82,1,stand01,185,0,0)	0	0,0	5	N10010201	N10010201	0	1	0	0
100102002	(271.46,34.11,187.82,18,stand01,185,110036,0)*(271.46,34.11,187.82,2,stand02,185,0,0)*(271.46,34.11,187.82,3.5,stand07,185,110037,0)	0	0,0	2	N10010201	N10010201	0	1	0	0
100102003	(271.46,34.11,187.82,1,stand01,185,0,0)*(276.17,34.11,181.16,60,stand01,159,0,0)*(287.3,34.11,182.7,30,stand01,0,0,0)*(314.57,34.11,176.12,0.1,stand01,160,0,0)*(325.57,34.11,148.68,1,stand01,0,0,0)	0	0,0	5	N10010202	N10010202	0	1	0	0
100102004	(325.57,34.11,148.68,0,stand01,0,0,0)	0	0,0	2	N10010202	N10010202	0	1	0	0
100121001	(264.04,34.11,84.37,1,stand01,0,0,0)*(260.73,34.11,125.96,10,stand01,0,0,0)*(247.76,34.11,152.97,90,stand01,303,0,0)*(247.76,34.11,160.19,30,stand01,352,0,0)*(249.39,34.11,161.95,10,stand01,295,0,0)*(254.13,34.11,176.14,60,stand01,87,0,0)*(252.6,34.11,184.52,10,stand01,150,0,0)*(254.41,34.11,165.89,30,stand01,57,0,0)*(257.7,34.11,171.1,120,stand01,57,0,0)*(264.97,34.11,165.45,10,stand01,132,0,0)*(265.95,34.11,166.88,30,stand01,126,0,0)*(266.48,34.11,172.25,20,stand01,334,0,0)*(268.74,34.11,181.92,10,stand01,280,0,0)*(263.46,34.11,183.4,70,stand01,258,0,0)*(277.22,34.11,188.32,70,stand01,32,0,0)*(297.17,34.11,197.35,1,stand01,32,0,0)	0	0,0	5	N100112001	N100112001	0	1	0	0
100121002	(297.17,34.11,197.35,0,stand01,32,0,0)	0	0,0	2	N100112002	N100112002	0	1	0	0
100126001	(235.72,33.57,625.94,0,action04,45,0,0)	0	0,0	2	N100126001	N100126001	(5,M00000000,M00010296)	0	0	0
100127001	(384.98,34.26,687.44,3,action03,208,0,0)*(384.98,34.26,687.44,1,action04,208,0,0)	0	0,0	2	N100127001	N100127001	0	0	0	0
100128001	(122.93,35.17,634.01,0,stand01,185,0,0)*(122.93,35.17,634.01,0,stand02,185,0,0)	0	0,0	2	N100128001	N100128001	0	0	0	0
100129001	(119.93,35.17,635.01,0,stand01,185,0,0)*(119.93,35.17,635.01,0,stand02,185,0,0)	0	0,0	2	N100129002	N100129002	0	0	0	0
100134001	(200.98,34.21,832.48,5,action01,176,0,1)*(200.98,34.21,832.48,1,action02,176,0,1)	0	0,0	2	N10023701	N10023701	0	0	0	0
100137001	(241.3,34.11,228.53,1,stand01,179,0,0)*(240.94,34.11,218.69,0.1,stand01,262,0,0)*(233.58,34.1,217.35,0.1,stand01,267,0,0)*(224.84,34.78,217.46,1,stand01,323,0,0)	0	0,0	3	N100137002	N100137002	0	0	0	0
100137002	(299.58,41.3,861.28,7,stand01,88,0,0)*(299.58,41.3,861.28,1,action01,88,0,0)	0	0,0	2	N100137001	N100137001	0	0	0	0
100137003	(224.81,34.78,217.67,1,stand01,144,0,0)*(226.6,34.78,216.29,0.1,stand01,90,0,0)*(232,34.78,217.07,0.1,stand01,86,0,0)*(233.74,34.11,217.23,0.1,stand01,84,0,0)*(240.78,34.11,218.11,0.1,stand01,49,0,0)*(241.26,34.11,228.52,1,stand01,356,0,0)	0	0,0	3	N100137001	N100137001	0	0	0	0
100138001	(308.73,41.3,864.8,39,stand02,27,0,0)*(308.36,41.3,861.19,49,stand02,149,0,0)*(300.14,41.3,862.75,69,stand02,0,0,0)*(299.89,41.3,859.35,79,stand02,212,0,0)*(306.31,41.3,859.42,99,stand02,346,0,0)	0	0,0	4	N100138001	N100138001	0	0	0	0
100146001	(320.18,34.11,237.21,1,stand01,198,0,0)*(270.12,34.12,168.79,1,stand01,340,0,1)	0	0,0	5	N100146005	N100146004	0	1	0	0
100146002	(270.12,34.12,168.79,3,stand01,340,100026,1)*(270.12,34.12,168.79,1,stand02,340,100026,1)	1	0,0	2	N100146001	N100146001	(8,M00010060,0)*(5,M00000000,M00010043)*(8,M00010060,0)*(7,M00010060,M00010046)*(7,M00010046,M00010070)*(7,M00010087,M00010088)*(7,M00010089,M00010090)	1	1100003,0	0
100146003	(270.12,34.12,168.79,3,stand01,340,0,1)*(320.25,34.11,237.3,1,stand01,0,0,1)	0	0,0	3	N100146005	N100146006	0	1	0	0
100146004	(298.95,34.62,781.19,0,stand01,308,0,0)	0	0,0	2	N100146005	N100146006	0	1	0	0
100147001	(296.99,34.62,781.76,0,stand02,62,0,0)	0	0,0	2	N10014701	N10014701	(5,M00000000,M00010044)*(5,M00000000,M00010045)*(7,M00010045,M00010069)*(7,M00010070,M00010087)*(6,M00010087,N10014701)	0	0	0
100148001	(312.96,34.36,620.93,15,stand02,68,0,1)*(312.96,34.36,620.93,1,stand03,68,110018,1)	0	0,0	2	N10014801	N10014801	0	0	0	0
100150001	(294.65,34.11,179.71,1,stand01,0,0,0)*(263.51,34.11,181.6,1,stand01,0,0,0)	0	0,0	5	N100150004	N100150003	0	1	0	0
100150002	(262.96,34.11,179.08,1,stand01,44,100011,1)*(262.96,34.44,179.08,2,stand02,44,100012,1)*(262.96,34.44,179.08,2,stand03,44,100011,1)	1	0,0	2	N100150001	N100150001	(5,M00000000,M00010042)*(8,M00010299,0)	1	1100005,0	0
100150003	(263.51,34.11,181.6,1,stand01,18,0,0)*(294.65,34.11,179.71,1,stand01,0,0,0)	0	0,0	3	N100150007	N100150008	0	1	0	0
100151001	(199.16,34.18,698.07,4,stand01,181,0,1)*(199.16,34.18,698.07,2,stand02,181,0,1)	0	0,0	2	N100151001	N100151001	(5,M00000000,M00010041)	0	0	0
100152001	(317.91,34.11,181.59,1,stand01,0,0,0)*(255.78,34.11,172.83,1,stand01,68,0,0)	0	0,0	5	N100146003	N100146003	0	1	0	0
100152002	(258.84,34.12,173.1,5,stand01,210,100001,1)*(258.84,34.12,173.06,3,stand02,210,100002,1)	0	0,0	2	N100152001	N100152001	(7,M00010041,M00010040)*(7,M00010040,M00011001)	1	0	0
100152003	(255.78,34.11,172.83,1,stand01,187,0,0)*(317.91,34.11,181.59,1,stand01,0,0,0)	0	0,0	3	N100152004	N100152004	0	1	0	0
100152004	(200.49,34.18,697.35,0,stand01,271,0,0)	0	0,0	2	N100152004	N100152004	0	1	0	0
100153001	(312.39,34.11,124.71,0.1,stand01,0,0,0)*(313.69,34.11,176.84,0.1,stand01,327,0,0)*(297.01,34.11,186.5,0.1,stand01,0,0,0)*(315.04,34.11,256.95,0.1,stand01,0,0,0)	0	0,0	5	N10015303	N10015302	0	1	0	0
100153002	(315.04,34.11,256.95,0,stand01,122,110086,0)	0	0,0	2	N10015301	0	(5,M00000000,M00010032)*(7,M00010032,M00010571)*(7,M00010571,M00010572)*(7,M00010572,M00010573)*(7,M00010573,M00010574)	1	0	0
100153003	(315.04,34.11,256.95,0.1,stand01,0,0,0)*(297.12,34.11,185.71,0.1,stand01,0,0)*(313.2,34.11,177.59,0.1,stand01,134,0,0)*(312.39,34.11,124.71,0.1,stand01,0,0,0)	0	0,0	3	N10015302	N10015303	0	1	0	0
100154001	(358.31,39.86,947.86,29,stand01,57,0,0)*(358.31,39.86,947.86,1,stand02,57,0,0)	0	0,0	2	N10015401	N10015401	(5,M00000000,M00010008)	0	0	0
100155001	(457.18,34.52,692.74,0,stand02,89,100036,0)	1	0,0	2	N100155001	N100155001	(5,M00000000,M00010037)*(8,M00010286,0)	1	1100011,0	0
100156001	(168.5,33.86,633.6,6,stand01,190,0,1)*(168.5,33.86,633.6,1,stand02,190,100036,1)	1	0,0	2	N100156001	N100156001	(5,M00000000,M00010010)*(7,M00010010,M00011005)	0	1100013,0	0
100157001	(417.53,34.18,632.87,0,stand01,86,100036,1)	1	0,0	2	N10015701	0	0	1	1100012,0	0
100158001	(254.48,33.97,693.33,2,stand01,138,0,1)*(254.48,33.97,693.33,6,stand02,138,100036,1)*(254.48,33.97,693.33,2,stand03,138,0,1)	1	0,0	2	N100158001	N100158001	0	1	1100036,0	0
100159001	(242.69,34.11,777.88,10,stand02,89,100036,1)*(242.69,34.11,777.88,3,stand03,89,0,1)*(242.69,34.11,777.88,10,stand02,89,100036,1)*(242.69,34.11,777.88,3,stand03,89,0,1)*(240.87,34.11,779.39,10,stand02,357,100036,1)*(240.87,34.11,779.39,3,stand03,357,0,1)	1	0,0	2	N10015901	N10015901	0	1	1100010,0	0
100160001	(320.12,34.11,227.15,0.3,stand01,0,0,0)*(261.08,34.11,181.18,0.3,stand01,194,0,1)	0	0,0	5	N100160002	N100160002	0	1	0	0
100160002	(261.08,34.11,181.18,2,stand01,194,100016,1)*(261.08,34.11,181.18,6,stand02,194,100016,1)*(261.08,34.11,181.18,1,stand03,194,100016,1)	0	0,0	2	N100160001	N100160001	(7,M00011006,M00011007)	1	0	0
100160003	(261.08,34.11,181.18,0.3,stand01,194,0,1)*(320.12,34.11,227.15,0.3,stand01,0,0,0)	0	0,0	3	N100160003	N100160003	0	1	0	0
100161001	(231.83,33.6,630.6,12,stand01,80,0,1)*(231.83,33.6,630.6,1,stand02,80,100031,1)	0	0,0	2	N10016101	N10016101	0	1	0	0
100162001	(229.11,33.6,620.59,16,stand04,38,100031,1)*(229.11,33.6,620.59,1,stand05,38,0,1)	1	0,0	2	N10016201	N10016201	0	1	1100015,0	0
100163001	(224.98,33.56,640.49,5,stand02,321,0,0)*(224.98,33.56,640.49,1,stand03,321,0,0)	0	0,0	2	N100163002	N100163002	(7,M00010046,M00010061)*(7,M00010061,M00010062)*(6,M00010062,N10023301)*(7,M00010019,M00010073)*(7,M00010061,M00010072)*(6,M00010073,N100163002)*(6,M00010072,N100163002)	1	0	0
100164001	(250.46,34.64,143.16,0,stand01,93,0,0)	0	0,0	2	N100164011	N100164011	0	1	0	0
100165001	(260.66,34.11,113.97,9,stand01,161,0,0)*(260.66,34.11,113.97,1,stand02,161,0,0)	0	0,0	2	N100165001	N100165001	0	1	0	0
100166001	(264.26,34.11,84.07,0.3,stand01,0,0,0)*(266.61,34.11,177.64,0.3,stand01,249,0,0)	0	0,0	5	N100166003	N100166003	0	1	0	0
100166002	(263.27,34.12,175.7,0,stand01,99,100021,0)	1	0,0	2	N100166005	N100166005	0	1	1100004,0	0
100166003	(266.61,34.11,177.64,0.3,stand01,110,0,0)*(264.26,34.11,84.07,0.3,stand01,0,0,0)	0	0,0	3	N100166004	N100166004	0	1	0	0
100167001	(198.77,34.21,827.47,16,stand02,0,100031,1)*(198.77,34.21,827.47,0,stand03,0,0,1)	1	0,0	2	N100167001	N100167001	0	1	1100006,0	0
100168001	(322.32,34.11,258.2,1,stand01,233,0,0)*(262.86,34.11,169.3,1,stand01,342,0,0)	0	0,0	3	N10016805	N10016805	0	1	0	0
100168002	(262.23,34.11,173.32,2,stand01,165,100006,1)*(262.23,34.11,173.32,1,stand02,165,100006,1)	1	0,0	2	N10016801	0	(5,M00000000,M99000145)	1	1100002,0	0
100168003	(262.86,34.11,169.3,1,stand01,153,0,0)*(322.32,34.11,258.2,1,stand01,233,0,0)	0	0,0	3	N10016806	N10016806	0	1	0	0
100169001	(202.06,34.21,827.92,8,stand02,270,110005,1)*(202.06,34.21,827.92,1,stand03,270,0,1)	0	0,0	2	N10016901	0	(5,M00000000,M00010051)*(7,M00010051,M00010581)*(7,M00010581,M00010582)*(7,M00010582,M00011016)	0	0	0
100170001	(200.88,34.21,826.82,10,stand02,0,0,1)*(200.88,34.21,826.82,1,stand03,0,110006,1)	0	0,0	2	N10017001	0	(5,M00000000,M00010051)*(7,M00010051,M00010581)*(7,M00010581,M00010582)*(7,M00010582,M00011016)	0	0	0
100171001	(247.12,34.11,156.31,1,stand01,64,0,0)*(255.19,34.11,167.06,60,stand01,30,0,0)*(254.25,34.11,180.19,79,stand01,136,0,0)*(258.71,34.11,185.93,99,stand01,0,0,0)*(262.73,34.11,181.87,10,stand02,231,0,0)*(262.73,34.11,181.87,1,stand03,231,0,0)*(262.73,34.11,181.87,500,stand01,231,0,0)*(264.98,34.11,179.97,60,stand01,238,0,0)*(275.77,34.11,178.28,70,stand01,161,0,0)*(287.34,34.11,184.27,90,stand01,0,0,0)*(293.55,34.11,183.65,10,stand01,110,0,0)*(316.11,34.11,180.13,30,stand01,0,0)*(315.46,34.11,174.35,10,stand01,201,0,0)*(314.84,34.11,156.82,10,stand01,255,0,0)*(314.76,34.11,154,10,stand02,287,0,0)*(311.25,34.11,134.38,20,stand02,259,0,0)*(311.98,35.01,177.38,0.1,stand01,305,0,0)*(307.26,34.11,238.8,1,stand01,292,0,0)	0	0,0	3	N10017101	N10017101	0	0	0	0
100171002	(307.26,34.11,238.8,1,stand01,132,0,0)*(287.34,34.11,184.27,90,stand01,0,0,0)*(275.77,34.11,178.28,60,stand01,161,0,0)*(270.39,34.11,171.36,30,stand01,194,0,0)*(258.13,34.11,144.4,0.1,stand01,174,0,0)*(264.07,34.11,84.76,1,stand01,176,0,0)	0	0,0	3	N10017102	N10017102	0	0	0	0
100171003	(264.07,34.11,84.76,1,stand01,349,0,0)*(256.74,34.11,138.78,90,stand01,288,0,0)*(255.19,34.11,167.06,30,stand01,30,0,0)*(262.73,34.11,181.87,500,stand02,231,0,0)*(267.09,34.11,177.12,70,stand01,271,0,0)*(254.25,34.11,180.19,19,stand01,136,0,0)*(287.34,34.11,184.27,10,stand02,0,0,0)*(256.74,34.11,138.78,10,stand01,288,0,0)*(264.07,34.11,84.76,1,stand01,349,0,0)	0	0,0	3	N10017102	N10017102	0	0	0	0
100173001	(286.79,34.13,186.53,3,stand01,36,110003,1)*(286.79,34.13,186.53,2,stand02,36,0,1)*(286.79,34.13,186.53,1,stand03,36,110003,1)	0	0,0	2	N10017301	N10017301	0	1	0	0
100173002	(289.79,34.13,186.53,1,stand01,36,0,0)*(269.09,34.13,180.02,60,stand01,243,0,0)*(260.5,34.13,151.24,1,stand01,173,0,0)	0	0,0	5	N10017302	N10017302	0	1	0	0
100173003	(260.5,34.13,151.24,7,stand01,173,0,0)*(260.5,34.13,151.24,2,stand02,173,0,0)*(260.5,34.13,151.24,1,stand03,173,0,0)	0	0,0	2	N10017302	N10017302	0	1	0	0
100173004	(260.5,34.13,151.24,1,stand01,173,0,0)*(264.38,34.13,84.13,1,stand01,173,0,0)	0	0,0	3	N100173101	N100173101	0	1	0	0
100174001	(287.77,34.11,186.38,2,stand01,356,0,1)*(287.77,34.11,186.38,2,stand02,356,110004,1)*(287.77,34.11,186.38,1,stand03,356,0,1)	0	0,0	2	N10017301	N10017301	0	1	0	0
100174002	(287.77,34.11,186.38,1,stand01,356,0,1)*(269.56,34.11,179.32,60,stand01,272,0,0)*(260.98,34.11,150.53,1,stand01,304,0,0)	0	0,0	5	N10017302	N10017302	0	1	0	0
100174003	(260.98,34.11,150.53,3,stand01,304,0,0)*(260.98,34.11,150.53,2,stand02,304,0,0)*(260.98,34.11,150.53,1,stand03,304,0,0)	0	0,0	2	N10017302	N10017302	0	1	0	0
100174004	(260.98,34.11,150.53,1,stand01,304,0,0)*(264.86,34.11,83.43,1,stand01,304,0,0)	0	0,0	3	N100174101	N100174101	0	1	0	0
100184001	(264.49,34.11,83.68,1,stand01,357,0,0)*(263.36,34.11,103.35,0.1,stand01,357,0,0)*(260.83,34.11,158.51,0.1,stand01,16,0,0)*(264.58,34.11,167.37,0.1,stand01,52,0,0)*(279.24,34.11,183.21,0.1,stand01,86,0,0)*(316.14,34.11,178.08,0.1,stand01,103,0,0)*(343.34,34.11,174.44,0.1,stand01,96,0,0)*(347.85,34.11,174.6,0.1,stand01,94,0,0)*(349.26,34.11,174.8,0.1,stand01,34,0,0)	0	0,0	5	N10018401	N10018401	0	1	0	0
100184002	(349.26,34.11,174.8,0,stand01,34,0,0)	0	0,0	2	N10018410	N10018410	0	1	0	0
100184003	(349.26,34.11,174.8,1,stand01,34,0,0)*(345.39,34.11,173.9,0.1,stand01,272,0,0)*(281.84,34.11,184.19,0.1,stand01,279,0,0)*(248.27,34.11,182.81,0.1,stand01,307,0,0)*(237.34,34.11,188.88,0.1,stand01,307,0,0)*(227.68,34.11,197.07,0.1,stand01,307,0,0)*(226,34.11,199.23,0.1,stand01,339,0,0)*(223.59,34.11,211.38,120,stand01,359,0,0)*(223.62,34.11,210.35,0.1,stand01,176,0,0)*(225.07,34.11,201.89,0.1,stand01,160,0,0)*(226.7,34.11,198.18,0.1,stand01,142,0,0)*(236.5,34.11,189.83,0.1,stand01,126,0,0)*(248.42,34.11,181.19,0.1,stand01,135,0,0)*(252.96,34.11,165.54,0.1,stand01,170,0,0)*(254.62,34.11,147.28,30,stand01,208,0,0)*(260.68,34.11,136.92,0.1,stand01,179,0,0)*(263.92,34.11,84.75,1,stand01,179,0,0)	0	0,0	3	N10018411	N10018411	0	1	0	0
100185001	(261.1,34.11,188.47,1,stand01,173,0,0)*(247.93,34.11,182.51,0.1,stand01,311,0,0)*(237.57,34.11,189,0.1,stand01,311,0,0)*(224.47,34.11,200.12,1,stand01,168,0,0)	0	0,0	5	N10018502	N10018502	0	0	0	0
100185002	(224.47,34.11,200.12,2,stand01,168,0,0)*(224.47,34.11,200.12,39,stand02,168,0,0)	0	0,0	2	N10018501	N10018501	0	0	0	0
100185003	(224.47,34.11,200.12,1,stand01,168,0,0)*(237.57,34.11,189,0.1,stand01,122,0,0)*(247.93,34.11,182.51,19,stand01,121,0,0)*(255.38,34.11,169.58,99,stand01,40,0,0)*(268.53,34.11,170.42,19,stand01,332,0,0)*(266.89,34.11,174.28,39,stand01,274,0,0)*(261.1,34.11,188.47,1,stand01,333,0,0)	0	0,0	3	N10018503	N10018503	0	0	0	0
100186001	(265.13,34.11,84.15,1,stand01,356,0,0)*(264,34.11,103.82,0.1,stand01,356,0,0)*(261.6,34.11,158.73,0.1,stand01,14,0,0)*(265.33,34.11,167.1,0.1,stand01,51,0,0)*(279.71,34.11,182.57,0.1,stand01,85,0,0)*(316.4,34.11,177.33,0.1,stand01,102,0,0)*(343.69,34.11,173.72,0.1,stand01,95,0,0)*(348.08,34.11,173.61,0.1,stand01,60,0,0)*(350.23,34.11,174.52,1,stand01,0,0,0)	0	0,0	5	N10018601	N10018601	0	1	0	0
100186002	(350.23,34.11,174.52,9,stand01,0,0,0)*(350.23,34.11,174.52,1,stand02,0,0,0)	0	0,0	2	N10018610	N10018610	0	1	0	0
100186003	(350.23,34.11,174.52,1,stand01,0,0,0)*(345.1,34.11,174.68,0.1,stand01,267,0,0)*(281.65,34.11,185,0.1,stand01,274,0,0)*(248.48,34.11,183.62,0.1,stand01,302,0,0)*(237.55,34.11,189.69,0.1,stand01,302,0,0)*(227.89,34.11,197.88,0.1,stand01,302,0,0)*(226.61,34.11,199.8,0.1,stand01,334,0,0)*(224.35,34.11,211.71,120,stand01,353,0,0)*(224.43,34.11,210.35,0.1,stand01,175,0,0)*(225.84,34.11,202.1,0.1,stand01,160,0,0)*(227.37,34.11,198.63,0.1,stand01,141,0,0)*(237.02,34.11,190.45,0.1,stand01,125,0,0)*(249.03,34.11,181.72,0.1,stand01,135,0,0)*(253.76,34.11,165.62,0.1,stand01,170,0,0)*(255.3,34.11,146.85,30,stand01,208,0,0)*(261.48,34.11,136.88,0.1,stand01,178,0,0)*(264.73,34.11,84.71,1,stand01,178,0,0)	0	0,0	3	N10018605	N10018605	0	1	0	0
100187001	(359.79,34.11,166.45,1,stand01,352,0,0)*(284.36,34.11,183.46,0.1,stand01,269,0,0)*(248.19,34.14,183.53,0.1,stand01,302,0,0)*(236.92,34.11,188.79,3,stand01,309,0,0)*(224.57,34.11,198.22,1,stand01,15,0,0)	0	0,0	5	N10018704	N10018704	0	0	0	0
100187002	(224.57,34.11,198.22,2,stand01,15,0,0)*(224.57,34.11,198.22,19,stand02,15,0,0)	0	0,0	2	N10018701	N10018701	0	0	0	0
100187003	(224.57,34.11,198.22,1,stand01,15,0,0)*(236.92,34.11,188.79,0.1,stand01,119,0,0)*(249.0,34.11,183.01,9,stand01,152,0,0)*(251.98,34.11,177.1,29,stand01,256,0,0)*(258.95,34.11,183.76,0.1,stand01,85,0,0)*(277.1,34.11,186.36,69,stand01,11,0,0)*(312.75,34.11,177.89,3,stand01,41,0,0)*(315.39,34.11,180.82,19,stand01,16,0,0)*(359.79,34.11,166.45,1,stand01,197,0,0)	0	0,0	3	N10018704	N10018704	0	0	0	0
100189001	(301.73,41.29,860.3,3,stand01,0,110018,1)*(301.73,41.29,860.3,1,stand02,0,0,1)	0	0,0	2	N10018901	N10018901	0	1	0	0
100189002	(221.73,34.78,216.75,1,stand01,165,0,0)*(223.94,34.11,212.03,0.1,stand01,174,0,0)*(226.05,34.11,198.63,0.1,stand01,142,0,0)*(237.66,34.11,189.3,0.1,stand01,119,0,0)*(237.35,34.11,181.3,0.1,stand01,131,0,0)*(255.5,34.11,154.03,0.1,stand01,178,0,0)*(264.12,34.11,85.29,1,stand01,177,0,0)	0	0,0	3	N10018902	N10018902	0	1	0	0
100191001	(173.32,34.27,780.02,3,stand01,175,0,1)*(173.32,34.27,780.02,2,stand02,175,100036,1)*(173.32,34.27,780.02,1,stand03,175,0,1)	1	0,0	2	N100191001	N100191001	(5,M00000000,M00010009)	1	1100007,0	0
100194001	(120.93,35.17,634.01,0,stand01,185,0,0)	0	0,0	2	N100194001	N100194001	(5,M00000000,M00010295)	1	0	0
100195001	(118.23,35.17,627.98,9,stand02,51,0,0)*(118.23,35.17,627.98,1,stand03,51,0,0)	0	0,0	2	N100195001	N100195001	0	1	0	0
100196001	(118.87,35.17,626.6,3,stand01,32,0,0)*(118.87,35.17,626.6,5,stand02,32,0,0)*(118.87,35.17,626.6,1,stand03,32,0,0)	0	0,0	2	N100196001	N100196001	0	1	0	0
100197001	(118.72,35.17,633.58,7,stand01,146,0,0)*(118.72,35.17,633.58,3,stand02,146,0,0)*(118.72,35.17,633.58,1,stand03,146,0,0)	0	0,0	2	N100197001	N100197001	0	1	0	0
100198001	(122.35,35.17,627.56,1,stand01,322,0,0)*(122.35,35.17,627.56,7,stand02,322,0,0)*(122.35,35.17,627.56,1,stand03,322,0,0)	0	0,0	2	N100198001	N100198001	0	1	0	0
100199001	(124.12,35.17,630.33,11,stand02,272,0,0)*(124.12,35.17,630.33,1,stand03,272,0,0)	0	0,0	2	N100199001	N100199001	0	1	0	0
100200001	(352.36,34.11,169.97,1,stand01,0,0,0)*(349.16,34.11,175.37,1,stand01,15,0,1)	0	0,0	5	N10020002	N10020002	0	1	0	0
100200002	(349.16,34.11,175.37,5,stand01,15,0,1)*(349.16,34.11,175.37,2,stand02,15,0,1)*(349.16,34.11,175.37,1,stand03,15,0,1)*(349.16,34.11,175.37,2,action01,15,0,1)	0	0,0	2	N10020001	0	(3,action01,M00010016)*(6,M00010016,N10020005)	1	0	0
100200003	(348.52,34.11,174.67,5,stand01,15,0,1)*(352.36,34.11,169.97,1,stand01,188,0,0)	0	0,0	3	N10020003	N10020003	0	1	0	0
100201001	(96.33,34.09,777.93,12,stand02,0,110016,1)*(93.1,34.09,779.18,1,stand03,338,0,1)*(94.94,34.09,782.69,20,stand02,80,110017,1)*(98,34.09,784.76,12,stand02,1,0,1)*(98,34.09,781.65,1,stand02,205,0,1)	0	0,0	1	N10020101	N10020101	(5,M00000000,M00010022)*(7,M00010022,M00010021)*(7,M00010066,M00010024)*(7,M00010021,M00010023)	1	0	0
100206001	(316.68,34.11,160.79,1,stand01,0,0,0)*(314.73,34.11,176.39,0.1,stand01,323,0,0)*(255.31,34.11,177.75,1,stand01,262,0,0)	0	0,0	5	N100206001	N100206001	0	1	0	0
100206002	(255.31,34.11,177.75,0,stand01,262,0,0)	1	0,0	2	N100206002	N100206002	0	1	0	0
100206003	(255.31,34.11,177.75,0,stand01,262,0,0)*(314.73,34.11,176.39,0.1,stand01,186,0,0)*(316.68,34.11,160.79,1,stand01,105,0,0)	0	0,0	3	N100206003	N100206003	0	1	0	0
100209001	(263.69,34.11,136.46,0,stand01,263,0,0)	0	0,0	2	N100212001	N100212001	0	0	0	0
100209002	(263.69,34.11,136.46,1,stand01,263,0,0)*(265.46,34.11,137.94,1,stand01,63,0,0)	0	0,0	3	N100209002	N100209002	0	0	0	0
100210001	(246.55,34.11,143.11,0,stand02,165,0,0)	0	0,0	2	N100210001	N100210001	0	1	0	0
100211001	(262.52,34.11,135.69,0,stand01,35,0,0)	0	0,0	2	N100212001	N100212001	0	0	0	0
100211002	(262.52,34.11,135.69,1,stand01,35,0,0)*(258.48,34.11,170.85,60,stand01,18,0,0)*(265.51,34.11,166.48,30,stand01,87,0,0)*(266.77,34.11,173.67,70,stand01,281,0,0)*(264.77,34.11,180.06,30,stand01,225,0,0)*(277.06,34.11,188.28,10,stand01,13,0,0)*(293.14,34.11,186.35,0.1,stand01,48,0,0)*(294.93,34.11,187.98,0.1,stand01,7,0,0)*(299.06,34.11,208.24,30,stand01,299,0,0)*(303.61,34.11,218.44,70,stand01,263,0,0)*(308.43,34.11,229.55,10,stand01,112,0,0)*(326.32,34.11,232.02,0.1,stand01,57,0,0)*(327.94,34.11,234.35,1,stand01,18,0,0)	0	0,0	3	N100211002	N100211002	0	0	0	0
100212001	(262.67,34.11,137.21,0,stand01,149,0,0)	0	0,0	2	N100212001	N100212001	0	0	0	0
100212002	(262.67,34.11,137.21,1,stand01,149,0,0)*(256.4,34.11,133.44,20,stand01,237,0,0)*(258.12,34.11,128.35,5,stand01,206,0,0)*(261.24,34.11,125.72,0.1,stand01,175,0,0)*(264.61,34.11,84.25,1,stand01,175,0,0)	0	0,0	3	N100212002	N100212002	0	0	0	0
100219001	(379.56,34.11,175.17,3,stand01,207,0,0)*(378.71,34.11,172.73,0.1,stand01,230,0,0)*(338.1,34.11,174.42,0.1,stand01,280,0,0)*(298.03,34.11,185.81,0.1,stand01,344,0,0)*(297.35,34.11,192.94,0.1,stand01,13,0,0)*(316.05,34.11,256.51,1,stand01,296,0,0)	0	0,0	5	N100219001	N100219001	0	1	0	0
100219002	(316.05,34.11,256.51,19,stand01,296,0,0)*(316.05,34.11,256.51,1,stand02,296,0,0)	0	0,0	2	N100219002	N100219002	0	1	0	0
100219003	(316.05,34.11,256.51,1,stand01,296,0,0)*(314.54,34.11,247.35,20,stand01,296,0,0)*(308.78,34.11,232.57,30,stand01,140,0,0)*(305.06,34.11,220.29,10,stand01,234,0,0)*(294.15,34.11,187.47,0.1,stand01,233,0,0)*(281.04,34.11,184.45,10,stand01,263,0,0)*(263.5,34.11,188.46,30,stand01,347,0,0)*(266.35,34.11,181.32,60,stand01,229,0,0)*(260.73,34.11,185.23,90,stand01,189,0,0)*(258.19,34.11,185.7,30,stand01,2,0,0)*(254.24,34.11,177.91,60,stand01,95,0,0)*(255.35,34.11,170.87,5,stand01,39,0,0)*(257.46,34.11,171.63,40,stand01,39,0,0)*(262.17,34.11,165.96,0.1,stand01,55,0,0)*(273.67,34.11,177.75,10,stand01,154,0,0)*(281.23,34.11,180.68,0.1,stand01,92,0,0)*(299.4,34.11,180.28,0.1,stand01,99,0,0)*(330.23,34.11,175.18,0.1,stand01,93,0,0)*(378.57,34.11,171.85,0.1,stand01,38,0,0)*(379.6,34.11,174.9,1,stand01,16,0,0)	0	0,0	3	N100219003	N100219003	0	1	0	0
100225001	(282.58,34.65,188.37,0,stand01,206,0,0)	0	0,0	2	N100225001	N100225001	0	0	0	0
100226001	(265.06,34.11,114.68,9,stand01,193,0,0)*(265.06,34.11,114.68,1,stand02,193,0,0)	0	0,0	2	N100226001	N100226001	0	1	0	0
100227001	(309.4,34.11,135.33,0,stand01,231,0,0)	0	0,0	2	N100227001	N100227001	0	1	0	0
100228001	(302.9,34.11,123.58,1,idle01,177,0,1)*(302.9,34.11,123.58,2,skill02,177,0,1)	0	0,0	2	N10022801	N10022801	0	1	0	0
100229001	(264.76,34.11,84.7,1,stand01,0,0,0)*(264.46,34.11,107.7,10,stand01,292,0,0)*(261.7,34.11,133.78,10,stand01,33,0,0)*(261.1,34.11,142.73,10,stand01,300,0,0)*(263.05,34.11,166.18,10,stand01,336,0,0)*(286.3,34.11,183.84,10,stand01,31,0,0)*(316.23,34.11,180.03,10,stand01,11,0,0)*(349.67,34.11,174.35,60,stand01,21,0,0)*(266.53,34.11,170.9,1,stand01,258,0,0)	0	0,0	5	N10008901	N10008901	0	0	0	0
100229002	(265.54,34.11,170.33,1,action01,273,0,0)*(265.54,34.11,170.33,1,action02,273,0,0)	0	0,0	2	N100229001	N100229001	0	1	0	0
100229003	(262.94,34.11,169.1,2,stand01,204,0,0)*(256.64,34.11,166.47,2,stand01,332,0,0)*(248.93,34.11,183.36,2,stand01,297,0,0)*(227.94,34.11,197.56,0.1,stand01,321,0,0)*(225.14,34.11,206.57,90,stand01,356,0,0)	0	0,0	5	N100229002	N100229002	0	1	0	0
100229004	(225.14,34.11,206.57,1,stand01,356,0,0)*(225.02,34.11,198.02,0.1,stand01,144,0,0)*(236.13,34.11,189.19,0.1,stand01,124,0,0)*(249.45,34.11,179.94,0.1,stand01,163,0,0)*(252.84,34.11,147.31,0.1,stand01,195,0,0)*(253.28,34.11,143.28,3,stand01,259,0,0)*(235.63,34.11,146.61,1,stand01,259,0,0)	0	0,0	5	N100229003	N100229003	0	1	0	0
100229005	(235.63,34.11,146.61,0,stand01,259,0,0)	0	0,0	2	N100229004	N100229004	0	1	0	0
100231001	(382.01,34.26,693.09,3,stand01,205,0,0)*(382.01,34.26,693.09,9,stand02,205,0,0)*(382.01,34.26,639.09,1,stand03,0,0)	1	0,0	2	N100231001	N100231001	(5,M00000000,M00010601)	1	1100009,0	0
100232001	(380.06,34.27,691.52,5,stand01,175,0,1)*(380.06,34.27,691.52,1,stand02,175,0,1)*(380.06,34.27,691.52,1,stand03,175,100031,1)	1	0,0	2	N100232001	N100232001	0	1	1100008,0	0
100233001	(387.54,34.1,699.91,9,stand02,292,0,0)*(387.54,34.11,699.91,1,stand03,292,0,0)	0	0,0	2	N100233001	N100233001	0	1	0	0
100234001	(327.64,34.11,172.35,1,stand01,20,0,0)*(348.4,34.11,175.53,1,stand01,20,0,0)	0	0,0	5	N10023401	0	0	1	0	0
100234002	(348.4,34.11,175.53,0,stand01,20,0,0)	0	0,0	2	N10023401	0	0	1	0	0
100234003	(348.4,34.11,175.53,1,stand01,20,0,0)*(341.13,34.11,174,0.1,stand01,282,0,0)*(307.24,34.11,180.32,0.1,stand01,282,0,0)*(279.82,34.11,183.33,5,stand01,268,0,0)*(267.55,34.11,181,30,stand01,234,0,0)*(268.47,34.11,175.1,10,stand01,279,0,0)*(257.46,34.11,170.08,50,stand01,28,0,0)*(258.52,34.11,151.77,0.1,stand01,179,0,0)*(260.09,34.11,124.28,0.1,stand01,171,0,0)*(264.66,34.11,84.64,1,stand01,171,0,0)	0	0,0	3	N10023401	0	0	1	0	0
100235001	(303.56,34.11,157.95,3,skill01,118,0,0)*(303.56,34.11,157.95,1,skill02,118,0,0)	0	0,0	2	N10023501	N10023501	0	1	0	0
100236001	(305.01,34.11,156.78,3,skill01,303,0,0)*(305.01,34.11,156.78,1,skill02,303,0,0)	0	0,0	2	N10023501	N10023501	0	1	0	0
100242001	(300.02,34.11,123.44,1,idle01,176,0,1)*(300.02,34.11,123.44,2,skill02,176,0,1)	0	0,0	2	N10024201	N10024201	0	1	0	0
100243001	(296.94,34.11,123.33,1,idle01,177,0,1)*(296.94,34.11,123.33,2,skill02,177,0,1)	0	0,0	2	N100243001	N100243001	0	1	0	0
100245001	(134.49,34.28,829.08,0,action01,45,0,0)	0	0,0	2	N10024501	N10024501	(5,M00000000,M00010294)*(7,M00011006,M00011008)	0	0	0
100245002	(232.2321,34.11856,144.3427,3,stand01,270,0,0)*(232.2321,34.11856,144.3427,7,stand02,270,0,0)	0	0,0	2	N10024502	N10024502	0	0	0	0
100246001	(250.12,34.11,165.44,11,stand01,317,0,0)*(250.12,34.11,165.44,1,idle01,131,0,0)*(250.12,34.11,165.44,1,skill01,131,0,0)	0	0,0	2	N100246001	0	(5,M00000000,M00011006)	1	0	0
100250001	(316.37,34.11,227.51,1,stand01,0,0,0)*(312.71,34.11,230.1,1,stand01,339,0,0)	0	0,0	3	N10025002	N10025002	0	1	0	0
100250002	(312.71,34.11,230.4,7,stand01,339,110060,0)*(312.71,34.11,230.4,3,stand02,339,110061,0)	0	0,0	2	N10025001	0	0	1	0	0
100250003	(312.71,34.11,230.1,1,stand01,339,0,0)*(316.62,34.11,228.01,1,stand01,179,0,0)	0	0,0	3	N10025003	N10025003	0	1	0	0
100261001	(345.84,34.11,226.14,1700,stand02,188,110018,0)*(336.91,34.11,226.58,300,stand02,188,110018,0)*(327.17,34.11,230.54,100,stand02,11,110018,0)*(309.81,34.11,238.97,50,stand01,301,110018,0)*(317.51,34.11,251.84,70,stand02,111,110018,0)*(303.29,34.11,210.54,300,stand02,111,110018,0)*(294.27,34.11,183.97,60,stand02,165,110018,0)*(315.81,34.11,169.13,100,stand02,106,110018,0)*(360.27,34.11,169.24,60,stand02,190,110018,0)*(369.04,34.11,164.79,1,stand01,190,110018,0)	0	0,0	2	N10026101	0	(5,M00000000,M00011002)*(7,M00011002,M00011003)	0	0	0
100262001	(238.24,34.11,199.41,1,stand01,1860,0)*(281.08,34.11,186.1,7,stand01,220,0,0)*(266.77,34.11,184.97,19,stand01,190,0,0)*(247.84,34.11,181,17,stand01,147,0,0)*(231.98,34.11,193.61,30,stand01,18,0,0)*(224.14,34.11,203.49,60,stand01,286,0,0)*(254.77,34.11,161.88,60,stand01,355,0,0)*(263.34,34.11,110.44,19,stand01,355,0,0)*(259.55,34.11,138.82,10,stand01,126,0,0)*(271.18,34.11,175.16,7,stand01,248,0,0)*(286.54,34.11,182.65,30,stand01,355,0,0)*(304.33,34.11,214.07,7,stand01,355,0,0)*(321.2,34.11,265.76,1,stand01,355,0,0)	0	0,0	3	N10026201	N10026201	0	0	0	0
100262002	(321.2,34.11,265.76,1,stand01,355,0,0)*(313.75,34.11,236.04,39,stand01,163,0,0)*(336.08,34.11,228.12,7,stand01,355,0,0)*(313.75,34.11,236.01,2,stand01,163,0,0)*(297.32,34.11,183.91,17,stand01,86,0,0)*(315.26,34.11,177.58,9,stand01,186,0,0)*(315.45,34.11,166.46,29,stand01,291,0,0)*(314.94,34.11,152.18,5,stand01,307,0,0)*(313.05,34.11,136.2,9,stand01,236,0,0)*(337.33,34.11,174.76,11,stand01,15,0,0)*(354.32,34.11,170.13,7,stand01,355,0,0)*(372.69,34.11,172.86,29,stand01,26,0,0)*(286.54,34.11,182.65,7,stand01,355,0,0)*(283.24,34.11,199.41,1,stand01,186,0,0)	0	0,0	3	N10026201	N10026201	0	0	0	0
100280001	(352.18,34.11,169.88,1,stand01,0,0,0)*(351.22,34.11,173.69,1,stand01,0,0,0)	0	0,0	5	N100280001	N100280001	0	1	0	0
100280002	(351.22,34.11,173.69,9,stand01,0,0,0)*(351.22,34.11,173.69,1,stand02,0,0,0)	0	0,0	2	N100280002	N100280002	0	1	0	0
100280003	(351.22,34.11,173.69,1,stand01,189,0,0)*(352.18,34.11,169.88,1,stand01,191,0,0)	0	0,0	3	N100280003	N100280003	0	1	0	0
100286001	(380.08,34.26,683.77,1,stand01,26,0,0)*(380.08,34.26,683.77,3,stand01,26,0,0)*(380.08,34.26,683.77,1,satnd02,26,0,0)*(380.08,34.26,683.77,1,stand01,196,0,0)	0	0,0	3	N100286001	N100286001	0	0	0	0
100290001	(310.55,34.11,248.86,0,stand02,197,0,0)	0	0,0	2	N10029002	0	0	0	0	0
100290002	(311.93,34.11,248.53,1,stand01,112,0,0)*(318.33,34.11,249.59,1,stand01,112,0,0)	0	0,0	3	N10029002	N10029002	0	0	0	0
100291001	(309.59,34.11,246.49,0,stand02,21,0,0)	0	0,0	2	N10029102	0	0	0	0	0
100291002	(310.91,34.11,245.55,1,stand01,126,0,0)*(311.16,34.11,22.69,0.1,stand01,193,0,0)*(310.41,34.11,241.17,0.1,stand01,243,0,0)*(307.45,34.11,239.69,0.1,stand01,290,0,0)	0	0,0	3	N10029103	N10029103	0	0	0	0
100299001	(229.44,34.11,145.97,0,stand01,161,0,0)	0	0,0	2	N100299101	N100299101	(5,M00000000,M00010274)	1	0	0
100299004	(303.59,34.11,137.27,5,stand01,318,0,0)	0	0,0	4	N100299101	N100299101	(5,M00000000,M00010274)	1	0	0
100299005	(303.12,34.14,132.87,1,stand01,86,0,0)*(310,34.14,133,3,stand01,71,0,0)*(313,34.14,139,0.1,stand01,2,0,0)*(314,34.14,176,0.1,stand01,334,0,0)*(282.2,34.11,182.85,3,stand01,272,0,0)*(266.75,34.11,168.73,0.1,stand01,230,0,0)*(258.62,34.11,159.43,0.1,stand01,206,0,0)*(253,34.11,142,6,stand01,264,0,0)*(229.44,34.11,145.97,1,stand01,328,0,0)	0	0,0	5	N100299101	N100299101	(5,M00000000,M00010274)	1	0	0
100300001	(304.11,34.13,232.79,150,stand02,155,0,0)*(301.88,34.13,232.5,150,stand02,229,0,0)*(302.64,34.13,233.71,150,stand02,76,0,0)	0	0,0	4	N100300002	N100300002	0	1	0	0
100303001	(310.38,34.11,245.48,9,stand01,6,0,0)*(310.38,34.11,245.48,1,stand02,6,0,0)	0	0,0	2	N100303001	0	0	0	0	0
100303002	(310.38,34.11,245.48,1,stand01,6,0,0)*(309.54,34.11,232.79,30,stand01,143,0,0)*(308.06,34.11,230.08,0.1,stand01,194,0,0)*(294.01,34.11,186.61,0.1,stand01,227,0,0)*(276.66,34.11,179.73,60,stand01,143,0,0)*(267.63,34.11,173.14,10,stand01,277,0,0)*(261.42,34.11,167.39,10,stand01,4,0,0)*(249.6,34.11,161.51,20,stand01,284,0,0)*(246.91,34.11,158.98,5,stand01,265,0,0)*(260.64,34.11,145.13,30,stand01,265,0,0)*(264.3,34.11,84.72,1,stand01,174,0,0)	0	0,0	3	N100303002	N100303002	0	0	0	0
100304001	(264.13,34.11,181.22,0,stand01,44,110098,0)	0	1,M00010062	2	N100304001	N100304001	(7,M00010088,M00010089)	1	0	0
100304002	(264.13,34.11,181.22,1,stand01,44,0,0)*(284.19,34.11,182.18,0.1,stand01,88,0,0)*(295.65,34.11,180.04,1,stand01,172,0,0)	0	1,M00010062	3	N100304002	N100304002	0	1	0	0
100321001	(254.59,34.11,137.68,0,stand02,316,120001,0)	0	0,0	2	N100321002	N100321002	0	0	0	0
100401001	(253.03,34.11,137.81,1,Eating,318,0,0)*(253.03,34.11,137.81,1,Idle01,318,0,0)*(253.03,34.11,137.81,11,Idle03,318,0,0)	0	0,0	2	N100321002	N100321002	0	0	0	0
100402001	(253.54,34.11,138.93,1,Eating,284,0,0)*(253.54,34.11,138.93,1,Idle01,284,0,0)*(253.54,34.11,138.93,19,Idle03,284,0,0)	0	0,0	2	N100321002	N100321002	0	0	0	0
100403001	(241.78,34.11,138.35,0,stand02,354,110106,0)	0	0,0	2	N100403001	N100403001	0	1	0	0
100404001	(224.47,34.7,139.64,0,stand02,79,110106,0)	0	0,0	2	N100404001	N100404001	0	1	0	0
100405001	(223.38,34.56,145.31,0,stand01,87,110106,0)	0	0,0	2	N100405001	N100405001	0	1	0	0
100407001	(130.54,34.79,834.63,0,stand02,138,0,0)	0	0,0	2	N100405001	N100405001	0	1	0	0
100408001	(135.38,34.79,838.74,0,stand02,147,0,0)	0	0,0	2	N100405001	N100405001	0	1	0	0
110001001	(253.5,34.5,128.47,1,stand03,63,0,0)*(253.14,34.5,130.2,1,stand03,354,0,0)	0	0,0	5	N110001001	N110001001	0	1	0	0
110001002	(252.77,34.5,131.08,0,stand01,86,0,0)	0	0,0	2	N110001001	N110001001	0	0	0	0
110001003	(253.14,34.5,130.2,1,stand03,170,0,0)*(253.15,34.5,129.09,1,stand03,0,0)	0	0,0	3	N110001001	N110001001	0	1	0	0
110002001	(253.28,34.5,128.55,1,stand01,37,0,0)*(253.45,34.11,135.53,1,stand01,82,0,0)	0	0,0	5	N110002001	N110002001	0	0	0	0
110002002	(253.45,34.11,135.53,19,stand01,82,0,0)*(253.5,34.11,135.53,1,stand02,82,0,0)	0	0,0	2	N110002001	N110002001	0	0	0	0
110002003	(253.45,34.11,135.53,1,stand01,82,0,0)*(253.28,34.5,128.55,1,stand01,268,0,0)	0	0,0	3	N110002001	N110002001	0	0	0	0
110003001	(388.48,34.26,698.26,7,stand01,334,0,0)*(385.01,34.26,693.64,7,stand01,200,0,0)*(385.01,34.26,693.64,1,stand02,200,0,0)*(385.67,34.26,691.03,5,action07,111,0,0)*(382.3,34.26,688.83,5,action07,291,0,0)*(383.67,34.26,686.67,5,action07,110,0,0)*(378.06,34.26,687.25,5,action07,291,0,0)	0	0,0	4	N110003001	N110003001	0	1	0	0
110004001	(458,34.51,697.3,19,stand02,355,0,0)*(458,34.51,697.3,1,stand03,355,0,0)	1	0,0	2	0	0	0	1	0	0
110006001	(263.16,34.11,128.82,0,stand01,273,0,0)	0	0,0	2	N110006001	N110006001	0	0	0	0
110007001	(306.97,34.11,156.15,1,stand01,102,0,0)*(314.25,34.11,158.87,0.1,stand01,13,0,0)*(313.89,34.11,176.84,0.1,stand01,337,0,0)*(310.28,34.11,178.39,0.1,stand01,289,0,0)*(281.48,34.11,182.42,0.1,stand01,257,0,0)*(262.19,34.11,164.84,0.1,stand01,245,0,0)*(258.92,34.11,145.82,0.1,stand01,186,0,0)*(262.22,34.11,126.2,0.1,stand01,175,0,0)*(265.67,34.11,84.15,1,stand01,185,0,0)	0	0,0	3	N110007001	N110007001	0	1	0	0
110008001	(305.69,34.11,155.15,1,stand01,90,0,0)*(315.21,34.11,157.56,0.1,stand01,1,0,0)*(315.45,34.11,176.38,0.1,stand01,325,0,0)*(311.67,34.11,179.22,0.1,stand01,277,0,0)*(282.22,34.11,183.86,0.1,stand01,245,0,0)*(262.6,34.11,166.42,0.1,stand01,233,0,0)*(257.79,34.11,146.98,0.1,stand01,173,0,0)*(261.07,34.11,127.34,0.1,stand01,172,0,0)*(264.51,34.11,85.29,0.1,stand01,172,0,0)	0	0,0	3	N110008001	N110008001	0	1	0	0
110009001	(305.56,34.11,154.36,1,stand01,91,0,0)*(316,34.11,157.4,0.1,stand01,2,0,0)*(316.16,34.11,176.73,0.1,stand01,326,0,0)*(311.89,34.11,179.99,0.1,stand01,278,0,0)*(282,34.11,184.64,0.1,stand01,246,0,0)*(262.23,34.11,167.12,0.1,stand01,234,0,0)*(256.99,34.11,147.02,0.1,stand01,174,0,0)*(260.27,34.11,127.37,0.1,stand01,173,0,0)*(263.71,34.11,85.32,0.1,stand01,173,0,0)	0	0,0	3	N110009001	N110009001	0	0	0	0
110010001	(264.95,34.11,84.27,1,stand01,0,0,0)*(261.64,34.11,125.86,10,stand01,0,0,0)*(247.94,34.11,153.82,90,stand01,247,0,0)*(248.51,34.11,160.62,30,stand01,295,0,0)*(249.45,34.11,162.82,10,stand01,239,0,0)*(254.47,34.11,175.34,60,stand01,31,0,0)*(252.04,34.11,183.85,10,stand01,94,0,0)*(255.1,34.11,165.37,30,stand01,1,0,0)*(258.39,34.11,170.57,120,stand01,1,0,0)*(264.65,34.11,164.64,10,stand01,76,0,0)*(265.71,34.11,166.04,30,stand01,70,0,0)*(267.07,34.11,172.88,20,stand01,278,0,0)*(268.57,34.11,182.78,10,stand01,223,0,0)*(262.98,34.11,184.13,70,stand01,202,0,0)*(278.07,34.11,188.14,70,stand01,337,0,0)*(297.31,34.11,198.82,1,stand01,179,0,0)	0	0,0	5	N100112001	N100112001	(7,M00010605,M00011004)	1	0	0
110010002	(297.31,34.11,198.82,0,stand01,179,0,0)	0	0,0	2	N100112002	N100112002	0	1	0	0
110011001	(248.33,34.11,164.27,0,action01,16,0,0)	0	0,0	2	N100246002	0	0	0	0	0
110012001	(247.17,34.11,164.88,0,action01,60,0,0)	0	0,0	2	N100246003	0	0	0	0	0
110014001	(360.25,34.11,166.18,1,stand01,355,0,0)*(355.14,34.11,174.11,1,stand01,316,0,0)	0	0,0	5	N110014001	N110014001	0	1	0	0
110014002	(360.25,34.11,166.18,19,stand01,355,0,0)*(360.25,34.11,166.18,1,stand01,355,0,0)	0	0,0	2	N110014002	N110014002	0	1	0	0
110014003	(360.25,34.11,166.18,1,stand01,355,0,0)*(343.32,34.11,173.92,0.1,stand01,278,0,0)*(285.68,34.11,185.36,2,stand01,59,0,0)*(248.45,34.11,182.79,0.1,stand01,299,0,0)*(237.18,34.11,189.54,0.1,stand01,307,0,0)*(227.01,34.11,197.81,0.1,stand01,323,0,0)*(225.81,34.11,199.5,0.1,stand01,349,0,0)*(224.01,34.11,212.03,0.1,stand01,359,0,0)*(224.87,34.76,215.6,0.1,stand01,35,0,0)*(232.13,34.76,216.74,0.1,stand01,80,0,0)*(234.24,34.11,217.11,0.1,stand01,80,0,0)*(243.24,34.11,217.33,2,stand01,166,0,0)*(241.41,34.11,228.46,1,stand01,354,0,0)	0	0,0	3	N110014003	N110014003	0	1	0	0
110015001	(302.22,34.11,202.4,1,stand01,219,0,0)*(293.46,34.11,187.16,0.1,stand01,243,0,0)*(218.22,34.11,180.87,0.1,stand01,243,0,0)*(275.64,34.11,174.1,8,stand01,313,0,0)	0	0,0	2	N110015002	N110015002	0	0	0	0
110015002	(275.64,34.11,174.1,8,stand01,313,0,0)*(275.64,34.11,174.1,1,stand02,313,110062,0)	0	0,0	2	N110015001	N110015001	(8,M00010077,0)	0	0	0
110015003	(275.64,34.11,174.1,1,stand01,313,0,0)*(281.62,34.11,181.41,0.1,stand01,87,0,0)*(295.75,34.11,186.62,0.1,stand01,38,0,0)*(302.32,34.11,202.88,1,stand01,70,0,0)	0	0,0	2	N110015003	N110015003		0	0	0
110017001	(248.97,34.11,167.31,0,stand01,130,0,0)	0	0,0	2	N100246004	0	0	1	0	0
300001001	(343.44,34.11,170.21,1,stand01,41,0,0)*(352.84,34.11,173.51,1,stand01,343,0,0)	0	0,0	5	N300001101	N300001101	0	1	0	0
300001002	(343.44,34.11,170.21,0,stand01,41,0,0)	0	0,0	2	N300001102	N300001102	0	1	0	0
300001003	(343.44,34.11,170.21,0,stand01,41,0,0)*(340.41,34.11,175.28,0.1,stand01,276,0,0)*(320.15,34.11,177.21,0.1,stand01,276,0,0)*(291,34.11,185.66,20,stand01,300,0,0)*(263.34,34.11,182.13,60,stand01,246,0,0)*(266.59,34.11,179.7,30,stand01,246,0,0)*(255.21,34.11,180.43,60,stand01,142,0,0)*(258.17,34.11,170.96,70,stand01,32,0,0)*(264.44,34.11,167.12,10,stand01,121,0,0)*(276.22,34.11,177.57,15,stand01,116,0,0)*(281.89,34.11,180.75,0.1,stand01,85,0,0)*(298.56,34.11,181.62,0.1,stand01,103,0,0)*(343.19,34.11,171.38,1,stand01,194,0,0)	0	0,0	3	N300001103	N300001103	0	1	0	0
300006001	(368.77,34.11,165.48,300,stand01,0,0,0)*(357.63,34.11,174.95,60,stand01,289,0,0)*(324.56,34.11,176.97,30,stand01,309,0,0)*(316.43,34.11,180.75,50,stand01,330,0,0)*(307.2,34.11,181.51,10,stand01,2,0,0)*(279.07,34.11,182.46,10,stand01,25,0,0)*(278.34,34.11,177.08,30,stand01,88,0,0)*(267.54,34.11,175.33,60,stand01,271,0,0)*(259.75,34.11,185.33,30,stand01,340,0,0)*(250.08,34.11,179.5,20,stand01,230,0,0)*(237.67,34.11,189.63,0.1,stand01,302,0,0)*(227.02,34.11,197.39,0.1,stand01,317,0,0)*(225.38,34.11,202.12,120,stand01,280,0,0)*(223.18,34.11,212.11,10,stand01,295,0,0)*(218.13,34.8,215.92,120,stand01,267,0,0)*(225.13,34.11,209.34,5,stand01,88,0,0)*(225.18,34.11,202.73,0.1,stand01,166,0,0)*(225.59,34.11,199.33,0.1,stand01,149,0,0)*(236.9,34.11,189.2,0.1,stand01,124,0,0)*(253.52,34.11,178.14,20,stand01,100,0,0)*(255.67,34.11,168.02,10,stand01,38,0,0)*(260.78,34.11,167.03,0.1,stand01,81,0,0)*(279.07,34.11,182.46,10,stand01,25,0,0)*(289.04,34.11,184.91,10,stand01,2,0,0)*(299.83,34.11,185.3,10,stand01,22,0,0)*(368.14,34.11,165.58,1,stand01,159,0,0)	0	0,0	3	N300006601	N300006601	0	1	0	0
300009001	(320.17,34.11,227.08,1,stand01,337,0,0)*(312.36,34.11,231.81,60,stand01,198,0,0)*(308.03,34.11,229.52,0.1,stand01,198,0,0)*(303.66,34.11,218.09,90,stand01,268,0,0)*(294.01,34.11,185.64,0.1,stand01,268,0,0)*(265.1,34.11,186.95,60,stand01,323,0,0)*(260.04,34.11,186.19,130,stand01,323,0,0)*(258.83,34.11,182.95,300,stand01,140,0,0)*(254.88,34.11,178.46,60,stand01,126,0,0)*(256.39,34.11,171.49,90,stand01,60,0,0)*(262.15,34.11,166.1,0.1,stand01,60,0,0)*(267.7,34.11,169.63,0.1,stand01,348,0,0)*(274.19,34.11,173.83,90,stand01,119,0,0)*(281.69,34.11,181.85,0.1,stand01,85,0,0)*(299.46,34.11,181.29,0.1,stand01,101,0,0)*(319.98,34.11,176.82,0.1,stand01,105,0,0)*(340.16,34.11,174.06,0.1,stand01,183,0,0)*(359.54,34.11,166.87,1,stand01,170,0,0)	0	0,0	5	N300009602	N300009601	0	1	0	0
300009002	(359.54,34.11,166.87,1,stand01,337,0,0)*(356.24,34.11,171.48,0.1,stand01,278,0,0)*(336.36,34.11,175.07,0.1,stand01,278,0,0)*(317.37,34.11,177.27,0.1,stand01,278,0,0)*(295.76,34.11,182.79,0.1,stand01,278,0,0)*(278.94,34.11,180.7,0.1,stand01,244,0,0)*(264.8,34.11,167.45,0.1,stand01,244,0,0)*(260.37,34.11,159.01,0.1,stand01,185,0,0)*(262.39,34.11,123.46,0.1,stand01,185,0,0)*(264.66,34.11,83.19,0.1,stand01,185,0,0)	0	0,0	5	N300009602	N300009601	0	1	0	0
300021001	(311.62,34.11,247.64,7,stand01,303,0,0)*(311.62,34.11,247.64,1,stand02,303,0,0)	0	0,0	2	N300021001	0	0	0	0	0
300021002	(311.99,34.11,248.47,1,stand01,255,0,0)*(314.16,34.11,249.04,0.1,stand01,27,0,0)*(322.53,34.11,268.69,1,stand01,27,0,0)	0	0,0	3	N300021002	N300021002	0	0	0	0
300041001	(311.99,34.11,248.47,13,stand01,255,0,0)*(311.99,34.11,248.47,1,stand02,255,0,0)	0	0,0	2	N300041001	0	0	0	0	0
300041002	(311.99,34.11,248.47,1,stand01,255,0,0)*(312.06,34.11,245.94,0.1,stand01,179,0,0)*(308.11,34.11,229.88,0.1,stand01,194,0,0)*(297.16,34.11,186.19,0.1,stand01,151,0,0)*(303.9,34.11,180.51,0.1,stand01,101,0,0)*(316.27,34.11,174.65,0.1,stand01,166,0,0)*(316.38,34.11,168.43,1,stand01,105,0,0)	0	0,0	3	N300041703	N300041703	0	0	0	0
300085001	(246.84,34.11,140.69,0,stand02,29,0,0)	0	0,0	2	N300085611	N300085611	0	1	0	0
300094001	(235.79,33.57,626.06,0,action01,43,0,0)	0	0,0	2	N300094001	N300094001	(5,M00000000,M00010562)	0	0	0
300094002	(327.61,34.11,177.97,1,stand01,221,0,0)*(317.17,34.11,174.47,0.1,stand01,221,0,0)*(311.27,34.11,132.93,0.1,stand01,260,0,0)*(310.3,34.11,130.51,1,stand01,65,0,0)	0	0,0	5	N300094002	N300094002	0	1	0	0
300094003	(310.3,34.11,130.51,0,stand01,65,0,0)	0	0,0	2	N300094002	N300094002	0	1	0	0
300095001	(237.42,33.57,627.62,0,action01,229,0,0)	0	0,0	2	N300095001	N300095001	(5,M00000000,M00010562)	0	0	0
300095002	(327.4,34.24,178.68,1,stand01,231,0,0)*(316.97,34.11,175.18,0.1,stand01,231,0,0)*(311.55,34.11,133.61,0.1,stand01,270,0,0)*(2988.59,34.11,139.15,1,stand01,123,0,0)	0	0,0	5	N300095001	N300095001	0	1	0	0
300095003	(298.59,34.11,139.15,3,idle01,123,0,0)*(298.59,34.11,139.15,1,skill01,123,0,0)*(298.59,34.11,139.15,1,skill02,123,0,0)	0	0,0	2	N300095001	N300095001	0	1	0	0
300115001	(264.87,34.11,84,1,stand01,0,0,0)*(260.34,34.11,125.41,0.1,stand01,0,0,0)*(251.37,34.11,149.78,1,stand01,82,0,0)	0	0,0	5	N300115001	N300115001	0	0	0	0
300115002	(251.37,34.11,149.78,1,stand01,82,0,0)*(251.37,34.11,149.78,3,stand02,82,0,0)	0	0,0	2	N300115002	N300115002	0	0	0	0
300115003	(251.37,34.11,149.78,1,stand01,82,0,0)*(260.34,34.11,125.41,0.1,stand01,173,0,0)*(264.87,34.11,84,1,stand01,178,0,0)	0	0,0	3	N300115003	N300115003	0	0	0	0
300136001	(223.14,33.56,638.76,1,stand01,315,0,0)*(223.14,33.56,638.76,2,stand02,315,0,0)*(223.14,33.56,638.76,2,stand03,315,0,0)	0	0,0	2	N300136001	N300136001	0	1	0	0
360004001	(300.16,34.81,215.59,1,stand01,92,0,0)*(302.9,34.11,217.54,0,stand02,291,0,0)	0	0,0	5	N360004601	N360004601	0	0	0	0
360004002	(302.9,34.11,217.54,0,stand02,291,0,0)	0	0,0	2	N360004601	N360004601	0	0	0	0
360004003	(302.9,34.11,217.54,0,stand02,291,0,0)*(300.16,34.81,215.59,1,stand01,279,0,0)	0	0,0	3	N360004601	N360004601	0	0	0	0
360027001	(264.71,34.11,84.16,6,stand01,0,0,0)*(261.74,34.11,166.27,60,stand01,0,0,0)*(269.91,34.11,177.03,10,stand01,287,0,0)*(259.95,34.11,185.79,30,stand01,334,0,0)*(259.4,34.11,184.4,60,stand01,157,0,0)*(248.57,34.11,181.84,10,stand01,307,0,0)*(227.17,34.11,196.36,0.1,stand01,325,0,0)*(223.77,34.11,209.06,1,stand01,62,0,0)	0	0,0	5	N360027101	N360027101	0	1	0	0
360027002	(223.77,34.11,209.06,0,stand01,62,0,0)	0	0,0	2	N360027102	N360027102	0	1	0	0
360027003	(223.77,34.11,209.06,0,stand01,62,0,0)*(226.66,34.11,198.76,0.1,stand01,151,0,0)*(250.02,34.11,182.51,3,stand01,122,0,0)*(255.92,34.11,156.29,20,stand01,265,0,0)*(254.07,34.11,142.58,1,stand01,254,0,0)*(236.68,34.11,139.16,1,stand01,70,0,0)	0	0,0	5	N360027103	N360027103	0	1	0	0
360027004	(236.68,34.11,139.16,0,stand01,70,0,0)	0	0,0	2	N360027104	N360027104	0	1	0	0
360028001	(265.56,34.11,84.64,6,stand01,0,0,0)*(262.59,34.11,166.75,60,stand01,0,0,0)*(269.69,34.11,177.98,10,stand01,287,0,0)*(260.5,34.11,186.6,30,stand01,334,0,0)*(258.81,34.11,183.62,60,stand01,157,0,0)*(248.69,34.11,182.81,10,stand01,307,0,0)*(227.58,34.11,197.25,0.1,stand01,325,0,0)*(224.61,34.11,209.56,1,stand01,221,0,0)	0	0,0	5	N360027101	N360027101	0	1	0	0
360028002	(224.61,34.11,209.56,0,stand01,221,0,0)	0	0,0	2	N360028101	N360028101	0	1	0	0
360028003	(224.61,34.11,209.56,0,stand01,221,0,0)*(226.15,34.11,197.93,0.1,stand01,151,0,0)*(249.97,34.11,181.51,3,stand01,122,0,0)*(254.96,34.11,156.49,20,stand01,92,0,0)*(253.36,34.11,142.26,1,stand01,254,0,0)*(237.75,34.11,139.81,1,stand01,233,0,0)	0	0,0	5	N360028102	N360028102	0	1	0	0
360028004	(237.75,34.11,139.81,0,stand01,233,0,0)	0	0,0	2	N360028103	N360028103	0	1	0	0