#iNpcID	sCoordinate	iNpcType	sSCondition	iMovieType	sDialogueQID	sMobileQID	sSpecialSet	iTalkSteer	iStoreID	iMaxTalk
100096001	(189.73,102.13,171.8,10,stand01,97,0,1)*(189.73,102.13,171.8,2,stand02,97,0,1)	1	0	2	N100096999	N100096999	(7,M00340013,M00340002)	1	0	0
100089001	(182.10,102.13,167.85,7,stand01,-101,0,1)*(182.10,102.13,167.85,2,stand02,-101,0,1)	0	0	2	N100089999	N100089999	(7,M00340013,M00340012)	1	0	0
100078001	(164.84,111.53,135.96,10,stand01,98,0,1)*(164.84,111.53,135.96,2,stand02,98,0,1)	0	0	2	N100078999	N100078999	0	1	0	0
100085001	(142.27,119.99,116.95,0,idle01,110,0,1)	0	0	2	N100085999	N100085999	0	0	0	0
100299001	(190.97,105.25,130.60,0,stand01,172,0,1)	0	0	2	N100299999	N100299999	0	1	0	0
100092001	(178.93,104.49,129.33,10,stand01,-173,0,1)*(178.93,104.49,129.33,2,stand02,-173,0,1)	0	0	2	N100092999	N100092999	(7,M00340013,M00340006)	1	0	0
100060001	(166.85,111.29,135.98,10,stand01,-84,0,1)*(166.85,111.29,135.98,2,stand02,-84,0,1)	0	0	2	N100060999	N100060999	(7,M00340013,M00340011)	1	0	0
100098001	(186.50,102.13,160.97,15,stand01,43,0,1)*(186.50,102.13,160.97,3,stand02,43,0,1)	0	0	2	N100098999	N100098999	(7,M00340013,M00340007)	1	0	0
100075001	(146.94,119.91,113.49,10,stand01,-60,0,1)*(146.94,119.91,113.49,2,stand02,-60,0,1)	0	0	2	N100075999	N100075999	(7,M00340013,M00340005)	1	0	0
100297001	(188.31,102.13,161.65,8,stand01,-102,0,1)*(188.31,102.13,161.65,2,stand02,-102,0,1)	0	0	2	N100297999	N100297999	0	1	0	0
100057001	(189.32,99.78,181.99,5,stand01,-23,0,1)*(185.11,98.03,190.49,2,stand02,-40,0,1)*(170.03,94.12,195.95,5,stand01,97,0,1)	0	0	4	N100057999	N100057999	(7,M00340013,M00340010)	1	0	0
100043001	(166.8,94.01,196.28,0,stand02,-89,0,1)	0	0	2	N100043999	N100043999	(0,M00000000,M00340009)	0	0	0
100072001	(144.26,119.97,115.79,0,idle01,-55,0,1)	0	0	2	N100072999	N100072999	0	0	0	0
100082001	(181.02,102.13,154.69,10,stand01,-89,0,1)*(181.02,102.13,154.69,3,stand02,-89,0,1)	0	0	2	N100082999	N100082999	0	1	0	0
100081001	(180.08,102.21,167.61,8,stand01,82,0,1)*(180.08,102.21,167.61,2,stand02,82,0,1)	0	0	2	N100081999	N100081999	0	1	0	0
100120001	(171.97,102.13,166.85,10,stand01,-84,0,1)*(171.97,102.13,166.85,2,stand02,-84,0,1)	0	0	2	N100120999	N100120999	0	1	0	0
100037001	(148.40,120,114.84,10,stand01,-76,0,1)*(148.40,120,114.84,2,stand02,-76,0,1)	0	0	2	N100037999	N100037999	(5,M00000000,M00340004)	1	0	0
100036001	(135.73,120.31,119.88,10,skill01,-64,0,1)*(135.73,120.31,119.88,10,skill02,-64,0,1)*(135.73,120.31,119.88,10,skill03,-64,0,1)	0	0	2	N100036999	N100036999	0	0	0	0
100094001	(186.50,102.13,162.76,12,stand01,152,0,1)*(186.50,102.13,162.76,3,stand02,152,0,1)	0	0	2	N100094999	N100094999	(7,M00340013,M00340008)	1	0	0
100246001	(193.25,102.13,157.62,0,stand01,81,0,1)	0	0	2	N100246999	N100246999	0	1	0	0
100246002	(193.25,102.13,163.41,0,stand01,90,0,1)	0	0	2	N100246998	N100246998	0	1	0	0
100246003	(172.24,102.13,157.23,0,stand01,85,0,1)	0	0	2	N100246997	N100246997	0	1	0	0
100246004	(172.24,102.13,163.99,0,stand01,89,0,1)	0	0	2	N100246996	N100246996	0	1	0	0
100125001	(179.42,102.13,153.94,10,stand01,13,0,1)*(179.42,102.13,153.94,2,stand02,13,0,1)	0	0	2	N100125999	N100125999	0	1	0	0
100021001	(179.66,102.13,155.50,8,stand01,169,0,1)*(179.66,102.13,155.50,3,stand02,169,0,1)	0	0	2	N100021999	N100021999	(7,M00340013,M00340003)	1	0	0
100245001	(-1251.36,41.88,13.87,10,stand01,13,0,1)*(-1251.36,41.88,13.87,1,stand02,13,0,1)	0	0	2	N100245999	N100245999	0	1	0	0
100044001	(-1248.89,41.60,18.28,9,stand01,108,0,1)*(-1248.89,41.60,18.28,1,stand02,108,0,1)	0	0	2	N100044999	N100044999	0	0	0	0
100038001	(-1247.94,41.61,16.79,11,stand01,-25,0,1)*(-1247.94,41.61,16.79,1,stand02,-25,0,1)	0	0	2	N100044999	N100044999	0	0	0	0
100246005	(-1247.55,41.86,12.17,0,stand01,31,0,1)	0	0	2	N100246995	N100246995	0	1	0	0
100246006	(-1253.93,41.84,16.81,0,stand01,26,0,1)	0	0	2	N100246994	N100246994	0	1	0	0