#iNpcID	sCoordinate	iNpcType	sSCondition	iMovieType	sDialogueQID	sMobileQID	sSpecialSet	iTalkSteer	iStoreID	iMaxTalk
100089001	(55.34,83.49,63.95,6,stand01,198,260063,1)*(38.89,83.24,65.51,22,stand01,20,260063,1)*(55.34,83.49,63.95,16,stand01,198,260063,1)*(38.89,83.24,65.51,22,stand01,20,260063,1)	0	0	1	N100089501	N100089501	0	1	0	0
100085001	(51.26,83.55,65.5,1,stand01,185,260064,1)*(47.24,83.34,50.11,20,stand01,141,260064,1)*(51.26,83.55,65.5,20,stand01,185,260064,1)	0	0	1	N100085501	N100085501	0	1	0	2
100123001	(39.56,83.35,70.63,0,stand01,151,260065,0)	0	0	2	N100123501	0	(8,M00180002,0)	0	0	0
100124001	(57.8,83.51,66.81,0,stand01,200,260066,0)	0	0	2	N100124501	0	(8,M00180007,0)	1	0	0
360027001	(65.24,83.41,59.35,0,stand01,228,260067,0)	0	0	2	N360027501	0	0	1	0	0
360029001	(38.2,83.24,51.1,0,stand01,210,260068,0)	0	0	2	N360029501	0	0	1	0	0
360030001	(35.29,83.24,65.33,0,stand01,108,260069,0)	0	0	2	N360030501	0	(8,M00180004,0)	1	0	0
360031001	(50.24,83.38,56.87,0,stand01,90,260070,0)	0	0	2	N360031501	0	0	1	0	0
100122001	(41.86,85.47,94.75,0,stand01,169,260071,0)	0	4,M00180006	2	N100122501	0	0	0	0	0
100098001	(36.98,83.32,68.91,25,stand01,112,260072,1)*(60.6,84.07,64.1,18,stand01,184,260072,1)	0	0	1	N100098501	N100098502	(6,M00180013,100098502)*(8,M00180013,0)	1	0	0
100075001	(45.79,83.42,54.94,16,stand01,354,260073,1)*(61.53,85.03,51.01,12,stand01,179,260073,1)*(71.46,82.69,66.56,24,stand01,0,260073,1)	0	0	1	N100075501	N100075501	0	1	0	0
100047001	(45.61,83.39,68.47,0,stand01,224,260074,0)	0	0	2	N100047501	0	0	1	0	0
100072001	(40.99,83.41,58.9,0,stand01,187,260075,0)	0	0	2	N100072501	0	0	0	0	0
100094001	(40.53,83.31,57.37,0,stand01,17,260076,0)	0	0	2	N100072501	0	0	0	0	0
100081001	(44.57,83.6,61.48,0.1,stand01,173,260077,1)*(57.45,83.35,54.68,8,stand01,320,260077,1)*(34.64,83.35,53.3,15,stand01,13,260077,1)*(38.86,83.32,59.98,0.1,stand01,19,260077,1)*(44.57,83.6,61.48,10,stand01,173,260077,1)	0	0	4	N100081501	N100081501	0	1	0	0
100037001	(34.83,83.31,56.24,0,stand01,122,260078,0)	0	0	2	N100037501	0	0	1	0	0
100128001	(62.17,88.5,114.69,1,stand01,197,0,0)*(60.59,88.5,113.71,3,idle01,197,0,0)	0	1,M00180002	1	N100128501	0	(3,idle01,M00180005)	0	0	0