#iNpcID	sCoordinate	iNpcType	sSCondition	iMovieType	sDialogueQID	sMobileQID	sSpecialSet	iTalkSteer	iStoreID	iMaxTalk
100022001	(247.91,34.11,178.65,3,stand01,127,0,1)*(247.91,34.11,178.65,1,stand02,127,0,1)	0	0,0	2	N10002201	N10002202	(5,M00000000,M00010526)	1	0	0
100022002	(247.91,34.11,178.65,1,stand01,127,0,1)*(254.47,34.11,165.56,0.1,stand01,186,0,0)*(266.94,34.11,84.01,1,stand01,186,0,0)	0	0,0	3	N10002202	N10002202	0	1	0	0
100023001	(247.81,34.11,177.61,4,stand01,107,0,1)*(247.81,34.11,177.61,1,stand02,107,0,1)	0	0,0	2	N10002301	N10002302	(5,M00000000,M00010526)	1	0	0
100023002	(247.81,34.11,177.61,1,stand01,107,0,1)*(253.99,34.11,167.14,0.1,stand01,190,0,0)*(266.45,34.11,85.6,1,stan01,190,0,0)	0	0,0	3	N10002302	N10002302	0	1	0	0
100024001	(247.59,34.11,176.59,2,stand01,104,0,1)*(247.59,34.11,176.59,1,stand02,104,0,1)	0	0,0	2	N10002401	N10002402	(5,M00000000,M00010526)	1	0	0
100024002	(247.59,34.11,176.59,1,stand01,104,0,1)*(252.95,34.11,167.23,0.1,stand01,187,0,0)*(265.41,34.11,85.68,1,stand01,187,0,0)	0	0,0	3	N10002402	N10002402	0	1	0	0
100025001	(248.37,34.11,175.53,6,stand01,31,0,1)*(248.37,34.11,175.53,1,stand02,31,0,1)	0	0,0	2	N10002501	N10002502	(5,M00000000,M00010526)	1	0	0
100025002	(248.37,34.11,175.53,1,stand01,31,0,1)*(253.44,34.11,166.25,0.1,stand01,174,0,0)*(265.9,34.11,84.71,1,stand01,174,0,0)	0	0,0	3	N10002502	N10002502	0	1	0	0
100137001	(241.3,34.11,228.53,1,stand01,179,0,0)*(240.94,34.11,218.69,0.1,stand01,262,0,0)*(233.58,34.1,217.35,0.1,stand01,267,0,0)*(224.84,34.78,217.46,1,stand01,323,0,0)	0	0,0	3	N100137002	N100137002	0	0	0	0
100137002	(299.58,41.3,861.28,7,stand01,88,0,0)*(299.58,41.3,861.28,1,action01,88,0,0)	0	0,0	2	N100137001	N100137001	0	0	0	0
100137003	(224.81,34.78,217.67,1,stand01,144,0,0)*(226.6,34.78,216.29,0.1,stand01,90,0,0)*(232,34.78,217.07,0.1,stand01,86,0,0)*(233.74,34.11,217.23,0.1,stand01,84,0,0)*(240.78,34.11,218.11,0.1,stand01,49,0,0)*(241.26,34.11,228.52,1,stand01,356,0,0)	0	0,0	3	N100137001	N100137001	0	0	0	0
100138001	(308.73,41.3,864.8,39,stand02,27,0,0)*(308.36,41.3,861.19,49,stand02,149,0,0)*(300.14,41.3,862.75,69,stand02,0,0,0)*(299.89,41.3,859.35,79,stand02,212,0,0)*(306.31,41.3,859.42,99,stand02,346,0,0)	0	0,0	4	N100138001	N100138001	0	0	0	0
100146001	(320.18,34.11,237.21,1,stand01,198,0,0)*(270.12,34.12,168.79,1,stand01,340,0,1)	0	0,0	5	N100146005	N100146004	0	1	0	0
100146002	(270.12,34.12,168.79,3,stand01,340,100026,1)*(270.12,34.12,168.79,1,stand02,340,100026,1)	1	0,0	2	N100146001	N100146001	(8,M00010060,0)*(5,M00000000,M00010043)*(8,M00010060,0)*(7,M00010060,M00010046)*(7,M00010046,M00010070)*(7,M00010087,M00010088)*(7,M00010089,M00010090)	1	1100003,90001001	0
100146003	(270.12,34.12,168.79,3,stand01,340,0,1)*(320.25,34.11,237.3,1,stand01,0,0,1)	0	0,0	3	N100146005	N100146006	0	1	0	0
100150001	(294.65,34.11,179.71,1,stand01,0,0,0)*(263.51,34.11,181.6,1,stand01,0,0,0)	0	0,0	5	N100150004	N100150003	0	1	0	0
100150002	(262.96,34.11,179.08,1,stand01,44,100011,1)*(262.96,34.44,179.08,2,stand02,44,100012,1)*(262.96,34.44,179.08,2,stand03,44,100011,1)	1	0,0	2	N100150001	N100150001	(5,M00000000,M00010042)	1	1100005,0	0
100150003	(263.51,34.11,181.6,1,stand01,18,0,0)*(294.65,34.11,179.71,1,stand01,0,0,0)	0	0,0	3	N100150007	N100150008	0	1	0	0
100151001	(199.16,34.18,698.07,4,stand01,181,0,1)*(199.16,34.18,698.07,2,stand02,181,0,1)	0	0,0	2	N100151001	N100151001	(5,M00000000,M00010041)	0	0	0
100152001	(317.91,34.11,181.59,1,stand01,0,0,0)*(255.78,34.11,172.83,1,stand01,68,0,0)	0	0,0	5	N100146003	N100146003	0	1	0	0
100152002	(258.84,34.12,173.1,5,stand01,210,100001,1)*(258.84,34.12,173.06,3,stand02,210,100002,1)	1	0,0	2	N100152001	N100152001	(5,M00000000,M00010040)	1	1100001,0	0
100152003	(255.78,34.11,172.83,1,stand01,187,0,0)*(317.91,34.11,181.59,1,stand01,0,0,0)	0	0,0	3	N100152004	N100152004	0	1	0	0
100153001	(312.39,34.11,124.71,0.1,stand01,0,0,0)*(313.69,34.11,176.84,0.1,stand01,327,0,0)*(297.01,34.11,186.5,0.1,stand01,0,0,0)*(315.04,34.11,256.95,0.1,stand01,0,0,0)	0	0,0	5	N10015303	N10015302	0	1	0	0
100153002	(315.04,34.11,256.95,0,stand01,122,110086,0)	0	0,0	2	N10015301	0	(5,M00000000,M00010032)*(7,M00010032,M00010571)*(7,M00010571,M00010572)*(7,M00010572,M00010573)*(7,M00010573,M00010574)	1	0	0
100153003	(315.04,34.11,256.95,0.1,stand01,0,0,0)*(297.12,34.11,185.71,0.1,stand01,0,0)*(313.2,34.11,177.59,0.1,stand01,134,0,0)*(312.39,34.11,124.71,0.1,stand01,0,0,0)	0	0,0	3	N10015302	N10015303	0	1	0	0
100154001	(358.31,39.86,947.86,29,stand01,57,0,0)*(358.31,39.86,947.86,1,stand02,57,0,0)	0	0,0	2	N10015401	N10015401	0	0	0	0
100155001	(457.18,34.52,692.74,0,stand02,89,100036,0)	1	0,0	2	N100155001	N100155001	(5,M00000000,M00010037)	1	1100011,0	0
100156001	(168.5,33.86,633.6,6,stand01,190,0,1)*(168.5,33.86,633.6,1,stand02,190,100036,1)	1	0,0	2	N100156001	N100156001	(5,M00000000,M00010010)	0	1100013,0	0
100157001	(417.53,34.18,632.87,0,stand01,86,100036,1)	1	0,0	2	N10015701	0	0	1	1100012,0	0
100158001	(254.48,33.97,693.33,2,stand01,138,0,1)*(254.48,33.97,693.33,6,stand02,138,100036,1)*(254.48,33.97,693.33,2,stand03,138,0,1)	1	0,0	2	N100158001	N100158001	(5,M00000000,M00010038)*(7,M00010038,M00010039)*(6,M00010039,N100158001)	1	1100036,0	0
100159001	(242.69,34.11,777.88,10,stand02,89,100036,1)*(242.69,34.11,777.88,3,stand03,89,0,1)*(242.69,34.11,777.88,10,stand02,89,100036,1)*(242.69,34.11,777.88,3,stand03,89,0,1)*(240.87,34.11,779.39,10,stand02,357,100036,1)*(240.87,34.11,779.39,3,stand03,357,0,1)	1	0,0	2	N10015901	N10015901	0	1	1100010,0	0
100160001	(320.12,34.11,227.15,0.3,stand01,0,0,0)*(261.08,34.11,181.18,0.3,stand01,194,0,1)	0	0,0	5	N100160002	N100160002	0	1	0	0
100160002	(261.08,34.11,181.18,2,stand01,194,100016,1)*(261.08,34.11,181.18,6,stand02,194,100016,1)*(261.08,34.11,181.18,1,stand03,194,100016,1)	0	0,0	2	N100160001	N100160001	0	1	0	0
100160003	(261.08,34.11,181.18,0.3,stand01,194,0,1)*(320.12,34.11,227.15,0.3,stand01,0,0,0)	0	0,0	3	N100160003	N100160003	0	1	0	0
100161001	(231.83,33.6,630.6,12,stand01,80,0,1)*(231.83,33.6,630.6,1,stand02,80,100031,1)	0	0,0	2	N10016101	N10016101	0	1	0	0
100162001	(229.11,33.6,620.59,16,stand04,38,100031,1)*(229.11,33.6,620.59,1,stand05,38,0,1)	1	0,0	2	N10016201	N10016201	0	1	1100015,90001005	0
100163001	(224.98,33.56,640.49,5,stand02,321,0,0)*(224.98,33.56,640.49,1,stand03,321,0,0)	0	0,0	2	N100163002	N100163002	0	1	0	0
100165001	(260.66,34.11,113.97,9,stand01,161,0,0)*(260.66,34.11,113.97,1,stand02,161,0,0)	0	0,0	2	N100165001	N100165001	0	1	0	0
100166001	(264.26,34.11,84.07,0.3,stand01,0,0,0)*(266.61,34.11,177.64,0.3,stand01,249,0,0)	0	0,0	5	N100166003	N100166003	0	1	0	0
100166002	(263.27,34.12,175.7,0,stand01,99,100021,0)	1	0,0	2	N100166005	N100166005	0	1	1100004,0	0
100166003	(266.61,34.11,177.64,0.3,stand01,110,0,0)*(264.26,34.11,84.07,0.3,stand01,0,0,0)	0	0,0	3	N100166004	N100166004	0	1	0	0
100167001	(198.77,34.21,827.47,16,stand02,0,100031,1)*(198.77,34.21,827.47,0,stand03,0,0,1)	1	0,0	2	N100167001	N100167001	0	1	1100006,90001004	0
100168001	(322.32,34.11,258.2,1,stand01,233,0,0)*(262.86,34.11,169.3,1,stand01,342,0,0)	0	0,0	3	N10016805	N10016805	0	1	0	0
100168002	(262.23,34.11,173.32,2,stand01,165,100006,1)*(262.23,34.11,173.32,1,stand02,165,100006,1)	1	0,0	2	N10016801	0	0	1	1100002,90001002	0
100168003	(262.86,34.11,169.3,1,stand01,153,0,0)*(322.32,34.11,258.2,1,stand01,233,0,0)	0	0,0	3	N10016806	N10016806	0	1	0	0
100191001	(173.32,34.27,780.02,3,stand01,175,0,1)*(173.32,34.27,780.02,2,stand02,175,100036,1)*(173.32,34.27,780.02,1,stand03,175,0,1)	1	0,0	2	N100191001	N100191001	(5,M00000000,M00010009)	1	1100007,0	0
100194001	(120.93,35.17,634.01,0,stand01,185,0,0)	0	0,0	2	N100194001	N100194001	0	1	0	0
100195001	(118.23,35.17,627.98,9,stand02,51,0,0)*(118.23,35.17,627.98,1,stand03,51,0,0)	0	0,0	2	N100195001	N100195001	0	1	0	0
100196001	(118.87,35.17,626.6,3,stand01,32,0,0)*(118.87,35.17,626.6,5,stand02,32,0,0)*(118.87,35.17,626.6,1,stand03,32,0,0)	0	0,0	2	N100196001	N100196001	0	1	0	0
100197001	(118.72,35.17,633.58,7,stand01,146,0,0)*(118.72,35.17,633.58,3,stand02,146,0,0)*(118.72,35.17,633.58,1,stand03,146,0,0)	0	0,0	2	N100197001	N100197001	0	1	0	0
100198001	(122.35,35.17,627.56,1,stand01,322,0,0)*(122.35,35.17,627.56,7,stand02,322,0,0)*(122.35,35.17,627.56,1,stand03,322,0,0)	0	0,0	2	N100198001	N100198001	0	1	0	0
100199001	(124.12,35.17,630.33,11,stand02,272,0,0)*(124.12,35.17,630.33,1,stand03,272,0,0)	0	0,0	2	N100199001	N100199001	0	1	0	0
100201001	(96.33,34.09,777.93,12,stand02,0,110016,1)*(93.1,34.09,779.18,1,stand03,338,0,1)*(94.94,34.09,782.69,20,stand02,80,110017,1)*(98,34.09,784.76,12,stand02,1,0,1)*(98,34.09,781.65,1,stand02,205,0,1)	0	0,0	1	N10020101	N10020101	(5,M00000000,M00010022)*(7,M00010022,M00010021,0)*(7,M00010066,M00010024)*(7,M00010021,M00010023)	1	0	0
100206001	(316.68,34.11,160.79,1,stand01,0,0,0)*(314.73,34.11,176.39,0.1,stand01,323,0,0)*(255.31,34.11,177.75,1,stand01,262,0,0)	0	0,0	5	N100206001	N100206001	0	1	0	0
100206002	(255.31,34.11,177.75,0,stand01,262,0,0)	1	0,0	2	N100206002	N100206002	0	1	0	0
100206003	(255.31,34.11,177.75,0,stand01,262,0,0)*(314.73,34.11,176.39,0.1,stand01,186,0,0)*(316.68,34.11,160.79,1,stand01,105,0,0)	0	0,0	3	N100206003	N100206003	0	1	0	0
100209001	(263.69,34.11,136.46,0,stand01,263,0,0)	0	0,0	2	N100212001	N100212001	0	0	0	0
100209002	(263.69,34.11,136.46,1,stand01,263,0,0)*(265.46,34.11,137.94,1,stand01,63,0,0)	0	0,0	3	N100209002	N100209002	0	0	0	0
100211001	(262.52,34.11,135.69,0,stand01,35,0,0)	0	0,0	2	N100212001	N100212001	0	0	0	0
100211002	(262.52,34.11,135.69,1,stand01,35,0,0)*(258.48,34.11,170.85,60,stand01,18,0,0)*(265.51,34.11,166.48,30,stand01,87,0,0)*(266.77,34.11,173.67,70,stand01,281,0,0)*(264.77,34.11,180.06,30,stand01,225,0,0)*(277.06,34.11,188.28,10,stand01,13,0,0)*(293.14,34.11,186.35,0.1,stand01,48,0,0)*(294.93,34.11,187.98,0.1,stand01,7,0,0)*(299.06,34.11,208.24,30,stand01,299,0,0)*(303.61,34.11,218.44,70,stand01,263,0,0)*(308.43,34.11,229.55,10,stand01,112,0,0)*(326.32,34.11,232.02,0.1,stand01,57,0,0)*(327.94,34.11,234.35,1,stand01,18,0,0)	0	0,0	3	N100211002	N100211002	0	0	0	0
100212001	(262.67,34.11,137.21,0,stand01,149,0,0)	0	0,0	2	N100212001	N100212001	0	0	0	0
100212002	(262.67,34.11,137.21,1,stand01,149,0,0)*(256.4,34.11,133.44,20,stand01,237,0,0)*(258.12,34.11,128.35,5,stand01,206,0,0)*(261.24,34.11,125.72,0.1,stand01,175,0,0)*(264.61,34.11,84.25,1,stand01,175,0,0)	0	0,0	3	N100212002	N100212002	0	0	0	0
100225001	(282.58,34.65,188.37,0,stand01,206,0,0)	0	0,0	2	N100225001	N100225001	0	0	0	0
100226001	(265.06,34.11,114.68,9,stand01,193,0,0)*(265.06,34.11,114.68,1,stand02,193,0,0)	0	0,0	2	N100226001	N100226001	0	1	0	0
100231001	(382.01,34.26,693.09,3,stand01,205,0,0)*(382.01,34.26,693.09,9,stand02,205,0,0)*(382.01,34.26,639.09,1,stand03,0,0)	1	0,0	2	N100231001	N100231001	0	1	1100009,0	0
100232001	(380.06,34.27,691.52,5,stand01,175,0,1)*(380.06,34.27,691.52,1,stand02,175,0,1)*(380.06,34.27,691.52,1,stand03,175,100031,1)	1	0,0	2	N100232001	N100232001	0	1	1100008,90001003	0
100233001	(387.54,34.1,699.91,9,stand02,292,0,0)*(387.54,34.11,699.91,1,stand03,292,0,0)	0	0,0	2	N100233001	N100233001	0	1	0	0
100262001	(238.24,34.11,199.41,1,stand01,1860,0)*(281.08,34.11,186.1,7,stand01,220,0,0)*(266.77,34.11,184.97,19,stand01,190,0,0)*(247.84,34.11,181,17,stand01,147,0,0)*(231.98,34.11,193.61,30,stand01,18,0,0)*(224.14,34.11,203.49,60,stand01,286,0,0)*(254.77,34.11,161.88,60,stand01,355,0,0)*(263.34,34.11,110.44,19,stand01,355,0,0)*(259.55,34.11,138.82,10,stand01,126,0,0)*(271.18,34.11,175.16,7,stand01,248,0,0)*(286.54,34.11,182.65,30,stand01,355,0,0)*(304.33,34.11,214.07,7,stand01,355,0,0)*(321.2,34.11,265.76,1,stand01,355,0,0)	0	0,0	3	N10026201	N10026201	0	0	0	0
100262002	(321.2,34.11,265.76,1,stand01,355,0,0)*(313.75,34.11,236.04,39,stand01,163,0,0)*(336.08,34.11,228.12,7,stand01,355,0,0)*(313.75,34.11,236.01,2,stand01,163,0,0)*(297.32,34.11,183.91,17,stand01,86,0,0)*(315.26,34.11,177.58,9,stand01,186,0,0)*(315.45,34.11,166.46,29,stand01,291,0,0)*(314.94,34.11,152.18,5,stand01,307,0,0)*(313.05,34.11,136.2,9,stand01,236,0,0)*(337.33,34.11,174.76,11,stand01,15,0,0)*(354.32,34.11,170.13,7,stand01,355,0,0)*(372.69,34.11,172.86,29,stand01,26,0,0)*(286.54,34.11,182.65,7,stand01,355,0,0)*(283.24,34.11,199.41,1,stand01,186,0,0)	0	0,0	3	N10026201	N10026201	0	0	0	0
110001001	(253.5,34.5,128.47,1,stand03,63,0,0)*(253.14,34.5,130.2,1,stand03,354,0,0)	0	0,0	5	N110001001	N110001001	0	1	0	0
110001002	(252.77,34.5,131.08,0,stand01,86,0,0)	0	0,0	2	N110001001	N110001001	0	0	0	0
110001003	(253.14,34.5,130.2,1,stand03,170,0,0)*(253.15,34.5,129.09,1,stand03,0,0)	0	0,0	3	N110001001	N110001001	0	1	0	0
110002001	(253.28,34.5,128.55,1,stand01,37,0,0)*(253.45,34.11,135.53,1,stand01,82,0,0)	0	0,0	5	N110002001	N110002001	0	0	0	0
110002002	(253.45,34.11,135.53,19,stand01,82,0,0)*(253.5,34.11,135.53,1,stand02,82,0,0)	0	0,0	2	N110002001	N110002001	0	0	0	0
110002003	(253.45,34.11,135.53,1,stand01,82,0,0)*(253.28,34.5,128.55,1,stand01,268,0,0)	0	0,0	3	N110002001	N110002001	0	0	0	0
110003001	(388.48,34.26,698.26,7,stand01,334,0,0)*(385.01,34.26,693.64,7,stand01,200,0,0)*(385.01,34.26,693.64,1,stand02,200,0,0)*(385.67,34.26,691.03,5,action07,111,0,0)*(382.3,34.26,688.83,5,action07,291,0,0)*(383.67,34.26,686.67,5,action07,110,0,0)*(378.06,34.26,687.25,5,action07,291,0,0)	0	0,0	4	N110003001	N110003001	0	1	0	0
110006001	(263.16,34.11,128.82,0,stand01,273,0,0)	0	0,0	2	N110006001	N110006001	0	0	0	0
110015001	(302.22,34.11,202.4,1,stand01,219,0,0)*(293.46,34.11,187.16,0.1,stand01,243,0,0)*(218.22,34.11,180.87,0.1,stand01,243,0,0)*(275.64,34.11,174.1,8,stand01,313,0,0)	0	0,0	2	N110015002	N110015002	0	0	0	0
110015002	(275.64,34.11,174.1,8,stand01,313,0,0)*(275.64,34.11,174.1,1,stand02,313,110062,0)	0	0,0	2	N110015001	N110015001	(8,M00010077,0)	0	0	0
110015003	(275.64,34.11,174.1,1,stand01,313,0,0)*(281.62,34.11,181.41,0.1,stand01,87,0,0)*(295.75,34.11,186.62,0.1,stand01,38,0,0)*(302.32,34.11,202.88,1,stand01,70,0,0)	0	0,0	2	N110015003	N110015003		0	0	0
300009001	(320.17,34.11,227.08,1,stand01,337,0,0)*(312.36,34.11,231.81,60,stand01,198,0,0)*(308.03,34.11,229.52,0.1,stand01,198,0,0)*(303.66,34.11,218.09,90,stand01,268,0,0)*(294.01,34.11,185.64,0.1,stand01,268,0,0)*(265.1,34.11,186.95,60,stand01,323,0,0)*(260.04,34.11,186.19,130,stand01,323,0,0)*(258.83,34.11,182.95,300,stand01,140,0,0)*(254.88,34.11,178.46,60,stand01,126,0,0)*(256.39,34.11,171.49,90,stand01,60,0,0)*(262.15,34.11,166.1,0.1,stand01,60,0,0)*(267.7,34.11,169.63,0.1,stand01,348,0,0)*(274.19,34.11,173.83,90,stand01,119,0,0)*(281.69,34.11,181.85,0.1,stand01,85,0,0)*(299.46,34.11,181.29,0.1,stand01,101,0,0)*(319.98,34.11,176.82,0.1,stand01,105,0,0)*(340.16,34.11,174.06,0.1,stand01,183,0,0)*(359.54,34.11,166.87,1,stand01,170,0,0)	0	0,0	5	N300009602	N300009601	0	1	0	0
300009002	(359.54,34.11,166.87,1,stand01,337,0,0)*(356.24,34.11,171.48,0.1,stand01,278,0,0)*(336.36,34.11,175.07,0.1,stand01,278,0,0)*(317.37,34.11,177.27,0.1,stand01,278,0,0)*(295.76,34.11,182.79,0.1,stand01,278,0,0)*(278.94,34.11,180.7,0.1,stand01,244,0,0)*(264.8,34.11,167.45,0.1,stand01,244,0,0)*(260.37,34.11,159.01,0.1,stand01,185,0,0)*(262.39,34.11,123.46,0.1,stand01,185,0,0)*(264.66,34.11,83.19,0.1,stand01,185,0,0)	0	0,0	5	N300009602	N300009601	0	1	0	0
300136001	(223.14,33.56,638.76,1,stand01,315,0,0)*(223.14,33.56,638.76,2,stand02,315,0,0)*(223.14,33.56,638.76,2,stand03,315,0,0)	0	0,0	2	N300136001	N300136001	0	1	0	0
360004001	(300.16,34.81,215.59,1,stand01,92,0,0)*(302.9,34.11,217.54,0,stand02,291,0,0)	0	0,0	5	N360004601	N360004601	0	0	0	0
360004002	(302.9,34.11,217.54,0,stand02,291,0,0)	0	0,0	2	N360004601	N360004601	0	0	0	0
360004003	(302.9,34.11,217.54,0,stand02,291,0,0)*(300.16,34.81,215.59,1,stand01,279,0,0)	0	0,0	3	N360004601	N360004601	0	0	0	0