#iNpcID	sCoordinate	iNpcType	sSCondition	iMovieType	sDialogueQID	sMobileQID	sSpecialSet	iTalkSteer	iStoreID	iMaxTalk
100116001	(56.06,29.99,52.08,2,idle01,-92,0,1)*(56.06,29.99,52.08,8,skill01,-92,0,1)	0	0,0	2	0	0	0	0	0	0
100116002	(50.70,29.99,41.49,1,idle01,-66,0,1)*(50.70,29.99,41.49,1,skill01,-66,0,1)	0	0,0	2	0	0	0	0	0	0
100116003	(50.29,29.99,44.18,0,skill01,-113,0,0)	0	0,0	2	0	0	0	0	0	0
100116004	(51.02,29.99,49.95,0,skill01,124,0,0)	0	0,0	2	0	0	0	0	0	0
100116005	(54.90,29.99,38.64,0,skill01,-15,0,1)	0	0,0	2	0	0	0	0	0	0
100116006	(55.59,29.99,45.18,0,skill01,-136,0,0)	0	0,0	2	0	0	0	0	0	0
100116007	(45.62,29.99,47.67,0,skill01,37,0,0)	0	0,0	2	0	0	0	0	0	0
100116008	(43.54,29.99,42.40,3,idle01,125,0,1)*(43.54,29.99,42.40,9,skill01,125,0,1)	0	0,0	2	0	0	0	0	0	0
100116009	(37.81,29.99,43.62,0,skill01,78,0,0)	0	0,0	2	0	0	0	0	0	0
100101001	(48.42,29.99,42.65,5,skill02,77,0,1)*(48.42,29.99,42.65,2,skill03,77,0,1)	0	0,0	2	0	0	0	0	0	0
100102001	(54.35,29.99,52.01,0,skill02,95,0,0)	0	0,0	2	0	0	0	0	0	0
100102002	(54.71,29.99,40.36,0,skill01,150,0,0)	0	0,0	2	0	0	0	0	0	0
100102003	(47.44,29.99,49.07,2,idle01,-130,0,1)*(47.44,29.99,49.07,6,skill01,-130,0,1)	0	0,0	2	0	0	0	0	0	0
100102004	(45.29,29.99,40.88,3,idle01,-52,0,1)*(45.29,29.99,40.88,9,skill01,-52,0,1)	0	0,0	2	0	0	0	0	0	0
100102005	(39.96,29.99,44.05,0,skill02,-99,0,0)	0	0,0	2	0	0	0	0	0	0
100103001	(52.67,29.99,49.03,0,skill02,-67,0,0)	0	0,0	2	0	0	0	0	0	0
100103002	(54.17,29.99,43.92,0,skill01,45,0,0)	0	0,0	2	0	0	0	0	0	0
100116010	(61.09,30.93,887.30,0,idle01,134,0,1)	0	0,0	2	0	0	0	0	0	0
100116011	(62.10,30.93,888.73,0,idle01,130,0,1)	0	0,0	2	0	0	0	0	0	0
100116012	(67.21,30.93,892.41,0,idle01,168,0,1)	0	0,0	2	0	0	0	0	0	0
100116013	(64.99,30.93,891.96,0,idle01,153,0,1)	0	0,0	2	0	0	0	0	0	0
100116014	(59.62,30.93,889.36,0,idle01,128,0,1)	0	0,0	2	0	0	0	0	0	0
100144001	(64.15,30.93,889.61,0,stand01,136,0,1)	0	0,0	2	0	0	0	0	0	0