#iNpcID	sCoordinate	iNpcType	sSCondition	iMovieType	sDialogueQID	sMobileQID	sSpecialSet	iTalkSteer	iStoreID	iMaxTalk
110010001	(68.96,11,76.6,0,stand01,81,0,0)	0	0	2	22261001	0	0	1	0	0
110010002	(76.38,11,63.92,0,stand01,236,0,0)	0	0	2	22261002	0	0	1	0	0
110010003	(95.78,11.3,80.28,0,stand01,54,0,0)	0	0	2	22261003	0	0	1	0	0
100120001	(-110.68,0.35,218.84,0,stand01,1,0,0)	0	1,M00076001	2	22261014	0	0	1	0	0
100121001	(107.16,8.25,83.05,0,stand01,0,0,0)	0	0	2	22261004	0	0	1	0	0
100121002	(71.86,11.02,92.82,0,stand01,0,0,0)	0	0	2	22261005	0	0	1	0	0
100121003	(83.15,10.63,57.65,0,action02,60,0,0)	0	4,M00225003	2	22261006	0	0	1	0	0
100121004	(70.26,11,72.8,0,stand01,63,0,0)	0	0	2	22261008	0	0	1	0	0
100121005	(96.14,11.07,66.52,0,stand01,81,0,0)	0	0	2	22261009	0	(7,M00225004,M00225005)*(7,M00225004,M00225010)	1	0	0
100118001	(-112.17,0.35,221.06,0,stand01,42,0,0)	0	1,M00076001	2	22261012	0	(6,M00996001,22261012)*(5,M00000000,M00225001)	1	0	0
100119001	(-114.13,0.35,221.4,0,stand01,54,0,0)	0	1,M00076001	2	22261011	0	(6,M00996001,22261013)*(6,M00225001,22261013)	1	0	0
100121006	(83.15,10.63,57.65,0,stand01,60,0,0)	0	1,M00225003	2	22261015	0	(6,20000036,22261020)*(7,20000035,20000036)*(7,M00225008,M00225009)*(7,M00225006,M00225007)	1	0	0
100036001	(84.77,10.63,57.07,0,stand01,330,0,0)	0	1,M00996001	2	22261021	0	(7,M00996001,M99000003)	1	0	3