#iNpcID	sCoordinate	iNpcType	sSCondition	iMovieType	sDialogueQID	sMobileQID	sSpecialSet	iTalkSteer	iStoreID	iMaxTalk
110013001	(63.64,114.43,95.99,0,stand02,13,0,0)	0	0	2	N110013011	N110013011	(5,M00000000,M00196007)*(7,M00196007,M00196008)	0	0	2
110013002	(63.64,114.43,95.99,1,stand02,13,0,0)*(79.19,114.18,105.9,0.1,stand01,73,0,0)*(116.74,114.12,98.26,0.1,stand01,92,0,0)*(130.44,108.63,86.71,0.1,stand01,95,0,0)*(144.32,108.6,99.67,0.1,stand01,148,0,0)*(147.08,103.71,87.1,0.1,stand01,136,0,0)*(151.97,103.52,78.79,0.1,stand01,91,0,0)*(174.29,103.36,74.4,0.1,stand01,98,0,0)*(211.38,103.18,68.57,1,stand01,106,0,0)	0	0	3	N110013012	N110013012	0	0	0	0
300001001	(63.64,114.12,98.75,0,stand01,195,0,0)	0	0	2	N300001001	N300001001	0	0	0	0
300001002	(63.64,114.12,98.75,2,stand01,195,0,0)*(78.53,114.28,107.55,0.1,stand01,84,0,0)*(99.69,114.12,106.96,0.1,stand01,97,0,0)*(116.57,114.12,97.86,0.1,stand01,101,0,0)*(130.12,108.63,95.82,0.1,stand01,109,0,0)*(134.16,108.63,101.73,77,stand01,0,0,0)*(143.97,108.61,100.23,0.1,stand01,125,0,0)*(147.51,103.73,87.23,0.1,stand01,147,0,0)*(143.1,103.28,62.52,0.1,stand01,225,0,0)*(128.83,103.01,52.78,97,stand01,340,0,0)*(140.45,103.27,57.31,0.1,stand01,35,0,0)*(149.26,103.52,76.71,0.1,stand01,41,0,0)*(169.6,103.37,77.04,0.1,stand01,109,0,0)*(214.11,103.18,67.71,1,stand01,90,0,0)	0	0	3	N300001002	N300001002	0	0	0	0
300057001	(62.97,114.12,97.56,21,stand01,167,0,0)*(62.97,114.12,97.56,1,stand02,167,0,0)	0	0	2	N300057001	N300057001	0	0	0	0
300057002	(62.97,114.12,97.56,1,stand01,167,0,0)*(82.32,114.23,108.19,0.1,stand01,85,0,0)*(100.51,114.12,106.7,0.1,stand01,102,0,0)*(116.55,114.12,97.79,0.1,stand01,90,0,0)*(131.26,108.63,96.59,0.1,stand01,88,0,0)*(144.955,108.67,100.31,0.1,stand01,164,0,0)*(147,103.73,87.31,0.1,stand01,155,0,0)*(131.5,103.14,54.46,111,stand01,317,0,0)*(147.28,103.31,67.71,1,stand01,97,0,0)	0	0	3	N300057002	N300057002	0	0	0	0
300059001	(65.21,114.12,97.71,17,stand01,218,0,0)*(65.21,114.12,97.71,1,stand02,218,0,0)	0	0	2	N300059001	N300059001	0	0	0	0
300059002	(65.21,114.12,97.71,1,stand01,218,0,0)*(77.56,114.26,106.73,0.1,stand01,66,0,0)*(93.3,114.12,110.6,0.1,stand01,68,0,0)*(101.27,113.95,113.34,65,stand01,93,0,0)*(106.02,114.32,123.69,0.1,stand01,0,0,0)*(105.28,117.32,143.35,0.1,stand01,9,0,0)*(110.94,120.6,149.62,0.1,stand01,9,0,0)*(116.48,120.27,156,0.1,stand01,0,0,0)*(116.3,123.92,164.12,0.1,stand01,327,0,0)*(109.61,122.12,165.01,1,stand01,276,0,0)	0	0	3	N300059002	N300059002	0	0	0	0
100056002	(142.74,108.63,106.35,0,stand01,0,0,0)	0	1,M99000100	2	N9000058	0	(7,9999999,M99000008)	1	0	0
100056002	(107.6,115.62,130.26,1,stand02,8,0,0)*(107.6,115.62,130.26,39,stand01,8,0,0)	0	0	2	N100056501	N100056501	0	0	0	0
100056003	(107.6,115.62,130.26,1,stand01,8,0,0)*(106.87,114.32,123.14,0.1,stand01,155,0,0)*(115.76,114.25,114.73,0.1,stand01,167,0,0)*(115.92,114.12,98.59,0.1,stand01,103,0,0)*(130.46,108.63,96.96,0.1,stand01,81,0,0)*(143.58,108.63,100.64,0.1,stand01,120,0,0)*(147.42,103.73,87.02,0.1,stand01,164,0,0)*(151.73,103.53,78.32,0.1,stand01,95,0,0)*(173.45,103.36,74.57,0.1,stand01,104,0,0)*(214.93,105,66.99,1,stand01,99,0,0)	0	0	3	N100056501	N100056501	0	0	0	0
100080001	(3740.44,20.26,934.37,19,stand01,341,0,0)*(3740.44,20.26,934.37,1,stand02,341,0,0)	0	1,M00160026	2	N100080501	N100080501	0	1	0	0
100081001	(3949.31,20,942.68,0,stand01,177,0,0)	0	1,M00160026	2	N100081601	0	0	1	0	0
100082001	(175.88,127.8,190.08,0,stand01,252,0,0)	0	1,M99000100	2	N100082012	0	(7,M00160026,M99000018)*(6,M00160026,N100082013)	1	0	0
100082002	(182.19,127.86,196.57,3,stand01,205,0,0)*(176.05,128.12,179.41,0.1,stand01,199,0,0)*(170.3,127.45,163.74,0.1,stand01,214,0,0)*(155.23,123.13,161.88,0.1,stand01,161,0,0)*(164.1,123.01,155.35,0.1,stand01,164,0,0)*(163.35,122.12,150.89,0.1,stand01,263,0,0)*(154.06,120.83,147.79,0.1,stand01,167,0,0)*(154.5,114.22,132.07,0.1,stand01,169,0,0)*(151.56,114.26,125.34,0.1,stand01,238,0,0)*(114.38,114.23,113.55,35,stand01,243,0,0)*(113.18,114.2,108.33,70,stand01,300,0,0)*(112.1,114.12,102.69,35,stand01,188,0,0)*(103.02,114.05,108.03,70,stand01,46,0,0)*(105.3,114.32,122.41,0.1,stand01,0,0,0)*(106.29,115.64,130.16,0.1,stand01,0,0,0)*(105.22,117.32,143.99,0.1,stand01,52,0,0)*(111.01,120.63,149.51,0.1,stand01,53,0,0)*(116.8,120.28,156.27,0.1,stand01,4,0,0)*(117.75,123.92,163.8,0.1,stand01,47,0,0)*(123.57,123.68,166.57,0.1,stand01,99,0,0)*(135.93,124.65,168.15,0.1,stand01,37,0,0)*(144.28,127.62,179.59,0.1,stand01,26,0,0)*(156.76,127.62,180.2,0.1,stand01,90,0,0)*(174.86,127.62,177.78,0.1,stand01,61,0,0)*(183.04,127.97,196.36,1,stand01,0,0,0)	0	0	3	N100082502	N100082502	0	1	0	0
100096001	(124.53,103.22,70.12,17,stand01,163,0,0)*(124.53,103.22,70.12,1,stand02,163,0,0)	0	1,M99000109	2	N100096002	N100096002	(7,M99000109,M99000110)	1	0	0
100096002	(124.53,103.22,70.12,1,stand01,163,0,0)*(122.62,103.22,70.63,1,stand01,0,0,0)	0	0	3	N100096002	N100096002	0	0	0	0
100134001	(3248.52,20.25,1062.1,7,action01,196,0,0)*(3248.52,20.25,1062.1,1,action02,196,0,0)	0	0	2	N100134001	0	0	0	0	0
100135001	(3249.05,20.25,1060.58,1,action02,290,0,0)*(3249.05,20.25,1060.58,11,action01,290,0,0)	0	0	2	N100135001	0	0	1	0	0
100204001	(3058.82,20.23,1054.52,0,stand01,136,200144,0)	0	0	2	N100204601	0	0	1	0	0
100205001	(3062.16,20.2,1053.25,35,stand01,101,0,0)*(3060.28,20.21,1055.03,0.1,stand01,298,0,0)*(3057.64,20.22,1055.51,75,stand01,315,0,0)*(3061.36,20.24,1059.06,65,stand01,144,0,0)*(3062.48,20.24,1057.38,0.1,stand01,140,0,0)*(3065.01,20.23,1055.74,35,stand01,227,0,0)	0	0	4	N100205001	0	0	1	0	0
100205002	(97.49,114.16,117.02,1,stand01,146,0,0)*(102.8,113.87,110.35,50,stand01,89,0,0)*(106.71,114.12,106.49,50,stand01,6,0,0)*(110.74,114.12,105.59,50,stand01,65,0,0)*(112.45,114.16,107.62,50,stand01,318,0,0)*(114.43,114.23,112.06,30,stand01,305,0,0)*(121.54,114.29,116.6,0.1,stand01,67,0,0)*(153.19,114.24,125.81,0.1,stand01,10,0,0)*(152.68,120.69,148.37,0.1,stand01,338,0,0)*(150.07,120.54,151.77,0.1,stand01,306,0,0)*(110.68,120.47,150.59,10,stand01,278,0,0)*(103.28,120.47,151.21,60,stand01,0,0,0)*(90.44,120.48,146.06,0.1,stand01,210,0,0)*(84.5,117.25,138.93,0.1,stand01,156,0,0)*(85.52,117.32,133.7,0.1,stand01,192,0,0)*(83.76,114.27,124.51,0.1,stand01,191,0,0)*(82.51,114.22,113.14,0.1,stand01,137,0,0)*(93.37,114.12,110.51,0.1,stand01,64,0,0)*(96.71,114.16,116.45,1,stand01,0,0,0)	0	0	3	N100205001	0	0	1	0	0
100154001	(91.76,120.51,152.03,1,stand03,220,0,0)*(90.08,120.47,151.05,1,stand03,179,0,0)	0	0	5	N10015411	0	(7,M99000050,M99000052)	1	0	0
100154002	(90.08,120.47,151.05,0,stand03,179,190006,0)	0	0	2	N10015405	0	0	0	0	0
100154003	(90.08,120.47,151.05,1,stand03,179,0,0)*(91.76,120.51,152.03,1,stand03,8,0,0)	0	0	3	N10015412	0	0	0	0	0
110001001	(94.26,120.72,152.68,0,stand01,224,0,0)	0	0	2	N10015413	0	0	0	0	0
400007001	(3847.73,20.34,844.44,0,stand01,106,190007,0)	0	0	2	N400007001	0	0	1	0	0
400008001	(130.57,108.63,95.67,0.1,stand01,281,0,0)*(115.91,114.12,98.24,0.1,stand01,299,0,0)*(91.86,114.12,108.87,0.1,stand01,268,0,0)*(60.88,114.12,95.81,0.1,stand01,293,0,0)*(83.47,114.22,123.81,0.1,stand01,9,0,0)*(84.08,117.3,138.3,0.1,stand01,33,0,0)*(90.5,120.47,146.43,0.1,stand01,73,0,0)*(111.13,120.47,150.48,0.1,stand01,76,0,0)*(116.5,120.2,155.85,0.1,stand01,357,0,0)*(122.66,123.63,166.45,0.1,stand01,100,0,0)*(131.48,123.63,165.12,0.1,stand01,54,0,0)*(144.22,127.62,179.82,0.1,stand01,35,0,0)*(156.57,127.62,180.25,0.1,stand01,107,0,0)*(171.43,127.56,165.07,0.1,stand01,218,0,0)*(155.35,123.11,161.67,0.1,stand01,164,0,0)*(164.82,122.89,155.3,0.1,stand01,176,0,0)*(153.85,120.72,149.87,0.1,stand01,286,0,0)*(111.71,120.47,149.75,0.1,stand01,238,0,0)*(105.02,117.32,143.64,0.1,stand01,185,0,0)*(106.16,114.32,123.71,0.1,stand01,173,0,0)*(120.45,114.29,117.44,0.1,stand01,83,0,0)*(157.99,114.32,122.53,0.1,stand01,175,0,0)*(157.4,108.63,108.37,0.1,stand01,241,0,0)	0	0	4	N400008501	N400008501	0	1	0	0
100232001	(3433.22,20.65,1054.85,7,stand01,143,190008,0)*(3433.22,20.65,1054.85,1,stand02,143,0,0)*(3433.22,20.65,1054.85,9,stand01,143,190008,0)*(3433.22,20.65,1054.85,1,stand03,143,0,0)	0	0	2	N100232031	0	0	1	0	0
100232002	(3433.22,20.65,1054.85,1,stand01,143,0,0)*(3436.75,20.65,1052.28,1,action07,64,0,0)*(3434.47,20.65,1051.29,1,action07,336,0,0)*(3438.57,20.65,1050.83,1,stand01,240,0,0)	0	0	5	N100232035	N100232035	0	1	0	0
100232003	(3438.57,20.65,1050.83,7,stand01,240,190008,0)*(3438.57,20.65,1050.83,1,stand02,240,0,0)*(3438.57,20.65,1050.83,9,stand01,240,190008,0)*(3438.57,20.65,1050.83,1,stand03,240,0,0)	0	0	2	N100232031	0	0	1	0	0
100232004	(3438.57,20.65,1050.83,1,stand01,240,0,0)*(3434.47,20.65,1051.29,1,action07,336,0,0)*(3436.75,20.65,1052.28,1,action07,64,0,0)*(3433.22,20.65,1054.85,1,stand01,143,0,0)	0	0	5	N100232035	N100232035	0	1	0	0
100232031	(103.22,117.67,136.29,0,stand03,94,190003,0)	0	0	2	N100232021	0	0	1	0	0
100232051	(3438.23,20.65,1055.91,7,stand01,202,0,0)*(3438.23,20.65,1055.91,1,stand02,202,0,0)*(3438.23,20.65,1055.91,9,stand01,202,0,0)*(3438.23,20.65,1055.91,1,stand03,202,0,0)	0	0	2	N100232018	0	0	1	0	0
100162001	(3635.56,20.40,1048.03,19,stand04,198,190009,0)*(3635.56,20.40,1048.03,1,stand05,198,0,0)	1	0	2	N10016211	N10016211	0	1	1120002,99000205	0
100232011	(3637.68,20.4,1046.02,7,stand01,209,190008,0)*(3637.68,20.4,1046.02,1,stand02,209,0,0)*(3637.68,20.4,1046.02,9,stand01,209,190008,0)*(3637.68,20.4,1046.02,1,stand03,209,0,0)	0	0	2	N100232011	0	0	1	0	0
100232012	(3637.68,20.4,1046.02,1,stand01,209,0,0)*(3634.27,20.38,1043.85,1,action07,41,0,0)*(3631.94,20.37,1044.57,1,action07,5,0,0)*(3630.27,20.36,1043.99,1,stand01,107,0,0)	0	0	5	N100232018	N100232018	0	1	0	0
100232013	(3630.27,20.36,1043.99,7,stand01,107,190008,0)*(33630.27,20.36,1043.99,1,stand02,107,0,0)*(3630.27,20.36,1043.99,9,stand01,107,190008,0)*(3630.27,20.36,1043.99,1,stand03,107,0,0)	0	0	2	N100232011	0	0	1	0	0
100232014	(3630.27,20.36,1043.99,1,stand01,107,0,0)*(3631.94,20.37,1044.57,1,action07,5,0,0)*(3634.27,20.38,1043.85,1,action07,41,0,0)*(3637.68,20.4,1046.02,1,stand01,209,0,0)	0	0	5	N100232018	N100232018	0	1	0	0
100232021	(84.03,120.47,151.77,0,stand03,185,190002,0)	0	0	2	N100232041	0	0	1	0	0
100232061	(3633.02,20.38,1049.28,7,stand01,104,0,0)*(3633.02,20.38,1049.28,1,stand02,104,0,0)*(3633.02,20.38,1049.28,9,stand01,104,0,0)*(3633.02,20.38,1049.28,1,stand03,104,0,0)	0	0	2	N100232018	0	0	1	0	0
400015001	(3636.17,20.44,1042.6,0,action02,99,200150,0)	0	0	2	N40015001	0	0	0	0	0
400016001	(3637.68,20.42,1043.48,0,action02,202,200151,0)	0	0	2	N40015001	0	0	0	0	0
400017001	(101.59,114.12,84.51,0,stand01,65,190001,0)	1	0	2	N400017001	0	0	0	1120003,99000207	0
400017002	(101.59,114.12,84.51,1,stand01,65,0,0)*(100.75,114.12,89.56,1,stand01,286,0,0)	0	0	3	N400017002	N400017002	0	0	0	0
400018001	(111.13,114.18,110.22,1,stand01,121,100011,1)*(111.13,114.18,110.22,2,stand02,121,100012,1)*(111.13,114.18,110.22,2,stand03,121,100011,1)	1	0	2	N400018001	0	0	0	1120004,0	0
400018002	(111.13,114.118,110.22,1,stand01,121,0,0)*(112.63,114.22,111.13,0.1,stand01,91,0,0)*(116.71,114.12,98.08,0.1,stand01,95,0,0)*(130.65,108.63,96.3,0.1,stand01,104,0,0)*(144.72,108.65,100.2,0.1,stand01,141,0,0)*(147.79,103.77,87.25,0.1,stand01,133,0,0)*(152.64,103.53,79.46,0.1,stand01,96,0,0)*(215.08,103.2,67.75,1,stand01,108,0,0)	0	0	3	N400018002	N400018002	0	0	0	0
100168001	(105.98,114.08,112.87,2,stand01,283,190021,1)*(105.98,114.08,112.87,1,stand02,283,190021,1)	1	0	2	N100168011	0	0	0	1120005,99000208	0
100168002	(105.98,114.08,112.87,2,stand01,283,0,1)*(105.83,114.02,115.51,0.1,stand01,320,0,0)*(92.93,114.12,110.76,0.1,stand01,270,0,0)*(82.59,114.21,113.03,0.1,stand01,341,0,0)*(78.77,114.1,122.17,1,stand01,333,0,0)	0	0	3	N100168012	N100168012	0	0	0	0
400020001	(105.99,120.66,152.07,1,stand01,188,0,0)*(104.79,120.51,151.5,1,stand01,182,0,0)	0	0	5	N400020012	0	0	0	0	0
400020002	(104.79,120.51,151.5,0,stand01,182,190010,0)	1	0	2	N400020011	0	(7,M00192003,M00190016)*(7,9999999,M99000158)*(7,M99000159,M99000161)*(7,M99000159,M99000160)	0	1120006,0	0
400020003	(104.79,120.51,151.5,1,staand01,182,0,0)*(105.98,120.66,152.07,1,stand01,1,0,0)	0	0	3	N400020013	N400020013	0	0	0	0
100167001	(3243.67,20.22,1062.41,17,stand02,104,190011,0)*(3243.67,20.22,1062.41,1,stand03,104,0,0)	1	0	2	N100167011	N100167011	0	0	1120007,99000202	0
300058001	(82.98,117.32,135.09,1,stand01,92,0,0)*(83.56,114.26,124.57,0.1,stand01,184,0,0)*(82.73,114.23,112.82,0.1,stand01,133,0,0)*(115.63,114.12,103.21,1,stand01,106,0,0)	0	0	5	N300058001	N300058001	0	1	0	0
300058002	(115.63,114.12,103.21,5,stand01,106,0,0)*(115.63,114.12,103.21,1,stand02,106,0,0)	0	0	2	N300058002	N300058002	0	0	0	0
300058003	(115.63,114.12,103.21,1,stand01,106,0,0)*(82.79,114.23,112.7,0.1,stand01,353,0,0)*(83.54,114.26,124.43,0.1,stand01,8,0,0)*(83.12,117.32,135.08,1,stand01,274,0,0)	0	0	3	N300058003	N300058003	0	1	0	0
400023001	(126.71,114.43,123.61,1,stand01,185,0,0)*(112.04,114.12,106.79,0.1,stand01,257,0,0)*(109.67,114.12,107.08,1,stand01,334,0,0)	0	0	5	N400023001	N400023001	0	1	0	0
400023002	(109.37,114.12,107.16,0,stand01,193,190005,0)	0	0	2	N400023002	N400023002	0	0	0	0
400023003	(109.6,114.12,107.25,1,stand01,162,0,0)*(111.86,114.12,106.72,0.1,stand01,64,0,0)*(126.71,114.43,123.42,1,stand01,0,0,0)	0	0	3	N400023004	N400023004	0	1	0	0
100185001	(116.74,114.12,102.84,0,stand02,311,0,0)	0	0	2	N100185011	0	0	0	0	0
100185002	(109.15,122.12,164.98,1,stand01,93,0,0)*(116.87,123.92,164.27,0.1,stand01,162,0,0)*(115.23,120.44,152.15,0.1,stand01,242,0,0)*(105.36,117.32,142.57,0.1,stand01,173,0,0)*(110.46,114.32,121.22,0.1,stand01,148,0,0)*(116.74,114.12,102.84,0.1,stand01,311,0,0)	0	0	5	N100185012	N100185012	0	1	0	0
100185003	(116.74,114.12,102.84,2,stand01,311,0,0)*(110.54,114.32,121.05,0.1,stand01,342,0,0)*(105.34,117.32,142.39,0.1,stand01,7,0,0)*(115.12,120.44,152.01,0.1,stand01,17,0,0)*(116.97,123.92,164.12,0.1,stand01,306,0,0)*(109.33,122.12,164.97,1,stand01,279,0,0)	0	0	3	N100185012	N100185012	0	1	0	0
300007001	(125.61,103.27,46.19,1,stand01,0,0,0)*(143.18,103.28,62.4,0.1,stand01,18,0,0)*(147.49,103.7,86.86,0.1,stand01,351,0,0)*(143.76,108.63,100.5,0.1,stand01,301,0,0)*(130.27,108.63,95.82,0.1,stand01,275,0,0)*(116.33,114.12,98.44,0.1,stand01,316,0,0)*(117.14,114.15,104.66,1,stand01,276,0,0)	0	0	2	N300007001	N300007001	0	1	0	0
300007002	(117.14,114.15,104.66,0,stand02,276,0,0)	0	0	2	N300007001	N300007001	0	0	0	0
300007003	(117.14,114.15,104.66,1,stand01,276,0,0)*(116.2,114.12,98.55,0.1,stand01,117,0,0)*(130.11,108.63,95.88,0.1,stand01,108,0,0)*(143.62,108.63,100.6,0.1,stand01,126,0,0)*(147.46,103.7,87.03,0.1,stand01,165,0,0)*(143.28,103.28,62.53,0.1,stand01,225,0,0)*(125.65,103.27,46.36,0.1,stand01,171,0,0)	0	0	2	N300007002	N300007002	0	1	0	0
100166001	(103.53,113.92,111.73,0,stand01,256,100021,0)	1	0	2	N100166001	N100166001	0	1	1100004,0	0
100166002	(103.53,113.92,111.73,1,stand01,256,0,0)*(104.54,114.12,106.19,0.1,stand01,111,1,1)*(116.39,114.12,97.96,0.1,stand01,100,0,0)*(132.51,108.63,97.92,0.1,stand01,76,0,0)*(144.45,108.61,100.58,0.1,stand01,148,0,0)*(147.96,103.67,86.86,0.1,stand01,162,0,0)*(152.21,103.53,79.43,0.1,stand01,103,0,0)*(213.24,103.19,68.15,1,stand01,107,0,0)	0	0	3	N100166003	N100166003	0	0	0	0
100155001	(3339.5,20.42,951.13,0,stand02,92,0,0)	1	0	2	N100155011	N100155011	0	0	1120008,0	0
100097001	(117.16,103.22,69.11,1,stand01,146,0,0)*(128.94,103.21,55.94,0.1,stand01,114,0,0)*(143.82,103.28,65.74,0.1,stand01,21,0,0)*(144.57,108.63,100.31,0.1,stand01,323,0,0)*(116.35,114.12,97.82,0.1,stand01,298,0,0)*(111.27,114.12,101.59,1,stand01,0,0,0)	0	0	5	N100097011	N100097011	0	1	0	0
100097002	(111.27,114.12,101.59,0,action03,0,190012,0)	0	0	2	N100097011	N100097011	0	0	0	0
100097003	(111.27,114.12,101.59,1,stand01,0,0,0)*(116.49,114.12,97.71,0.1,stand01,93,0,0)*(144.36,108.63,100.57,0.1,stand01,132,0,0)*(143.94,103.28,66.06,0.1,stand01,193,0,0)*(129.36,103.21,55.93,0.1,stand01,317,0,0)*(117.29,103.22,68.8,1,stand01,340,0,0)	0	0	3	N100097012	N100097012	0	0	0	0
100097011	(127.9,103.83,58.63,0,stand01,179,0,0)	0	0	2	N100097014	N100097014	(7,M99000100,M99000108)	1	0	0
100097021	(104.72,102.95,52.73,0,stand01,140,0,0)	0	0	2	N100097015	N100097015	0	1	0	0
100097031	(129.83,103.22,68.63,1,stand01,55,0,0)*(128.59,103.05,54.8,1,stand01,156,0,0)	0	0	5	N100097016	N100097016	0	1	0	0
100097032	(128.59,103.05,54.8,5,stand01,156,0,0)*(128.59,103.05,54.8,0,action03,156,190012,0)	0	0	2	N100097017	N100097017	0	0	0	0
100097033	(128.59,103.05,54.8,1,stand01,156,0,0)*(130.11,103.24,67.52,1,stand01,46,0,0)	0	0	3	N100097019	N100097019	0	0	0	0
100097041	(129.83,103.22,68.63,1,stand01,55,0,0)*(129.92,103.22,55,1,stand01,154,0,0)	0	0	5	N100097016	N100097016	0	1	0	0
100097042	(129.92,103.22,55,0,action03,154,190012,0)	0	0	2	N100097018	N100097018	0	0	0	0
100097043	(129.92,103.22,55,1,stand01,154,0,0)*(130.11,103.24,67.52,1,stand01,46,0,0)	0	0	3	N100097020	N100097020	0	0	0	0
100097051	(136.44,103.22,65.78,0,action03,66,0,0)	0	0	2	N100097021	N100097021	0	1	0	0
100097061	(117.84,103.22,58.12,35,action03,247,0,0)*(116.97,103.22,60.47,35,action03,247,0,0)*(113.8,103.22,60.03,35,action03,247,0,0)*(115.19,103.22,56.83,35,action03,247,0,0)	0	0	4	N100097022	N100097022	0	0	0	0
100097101	(105.96,103.22,67.45,25,action01,66,0,0)*(101.43,102.95,69.54,90,action02,161,0,0)*(97.78,102.95,68.49,90,action02,160,0,0)*(92.34,102.93,67.09,90,action02,162,0,0)	0	0	4	N100097023	N100097023	0	0	0	0
100097111	(96.66,102.92,65.89,65,action02,164,0,0)*(93.7,102.92,64.68,65,action02,164,0,0)*(91.13,102.92,63.9,65,action02,148,0,0)*(100.57,102.94,67.06,65,action02,162,0,0)*(106.36,103.22,66.55,35,action03,66,0,0)	0	0	4	N100097023	N100097023	0	0	0	0
100097121	(107.55,103.22,63.31,35,action03,66,0,0)*(93.01,103.01,58.35,55,action02,172,0,0)*(98.49,102.92,59.9,75,action02,172,0,0)*(101.82,102.92,60.72,45,action02,172,0,0)	0	0	4	N100097023	N100097023	0	0	0	0
100097131	(108.65,103.22,60.52,7,action03,66,0,0)*(101.82,102.92,60.72,65,action02,172,0,0)*(98.49,102.92,59.9,25,action02,172,0,0)*(93.01,103.01,58.35,65,action02,172,0,0)	0	0	4	N100097023	N100097023	0	0	0	0
100097141	(102.7,102.96,56.82,33,action02,353,0,0)*(101.48,102.96,56.66,45,action02,353,0,0)*(97.54,102.96,55.31,75,action02,345,0,0)*(94.8,102.96,54.03,35,action02,345,0,0)*(109.03,103.22,59.64,45,action03,66,0,0)	0	0	4	N100097023	N100097023	0	0	0	0
100097201	(129.92,103.04,69.16,1,stand01,186,0,0)*(127.22,102.82,54.38,0.1,stand01,165,0,0)*(141.88,103.1,58.3,0.1,stand01,30,0,0)*(149.23,103.32,77.26,0.1,stand01,65,0,0)*(211.73,103.07,68.9,1,stand01,104,0,0)	0	0	3	N100097024	N100097024	0	0	0	0
100097202	(213.35,103.07,68.39,1,stand01,285,0,0)*(150.71,103.32,77.98,0.1,stand01,248,0,0)*(143.18,103.1,59.36,0.1,stand01,252,0,0)*(127.64,102.82,52.79,0.1,stand01,352,0,0)*(129.75,103.04,67.56,1,stand01,359,0,0)	0	0	3	N100097024	N100097024	0	0	0	0
100097211	(129.58,103.04,69.45,1,stand01,173,0,0)*(130.39,103.09,56.12,0.1,stand01,67,0,0)*(147.85,103.41,84.41,0.1,stand01,359,0,0)*(158.08,108.45,107.83,0.1,stand01,13,0,0)*(155.42,113.99,129.3,0.1,stand01,346,0,0)*(151.62,120.47,150.3,0.1,stand01,316,0,0)*(123.27,119.85,151.09,0.1,stand01,269,0,0)*(67.18,120.29,150.29,1,stand01,272,0,0)	0	0	3	N100097024	N100097024	0	0	0	0
100097212	(65.61,120.29,150.39,1,stand01,92,0,0)*(121.72,119.85,150.91,0.1,stand01,85,0,0)*(150.29,120.47,151.47,0.1,stand01,128,0,0)*(155.01,113.99,130.83,0.1,stand01,171,0,0)*(158.69,108.45,109.5,0.1,stand01,207,0,0)*(147.62,103.41,85.98,0.1,stand01,172,0,0)*(131.87,103.09,56.86,0.1,stand01,246,0,0)*(129.66,103.04,67.91,1,stand01,0,0,0)	0	0	3	N100097024	N100097024	0	0	0	0
100083001	(171.56,127.71,184.13,1,skill01,289,0,0)*(171.56,127.71,184.13,1,skill02,289,0,0)	0	0	2	N100083001	N100083001	0	0	0	0
100083011	(172.59,127.71,186.7,1,skill01,289,0,0)*(172.59,127.71,186.7,1,skill02,289,0,0)	0	0	2	N100083001	N100083001	0	0	0	0
100083021	(173.37,127.71,189.08,1,skill01,289,0,0)*(173.37,127.71,189.08,1,skill02,289,0,0)	0	0	2	N100083001	N100083001	0	0	0	0
100083051	(3742.71,20.26,929.78,0,stand01,39,0,0)	0	0	2	N100083101	N100083101	0	0	0	0
100083061	(3745.45,20.26,933.06,0,stand01,219,0,0)	0	0	2	N100083101	N100083101	0	0	0	0
100169001	(105.3,114.12,84.86,0,action02,78,0,1)	0	0	2	N100169021	N100169021	0	0	0	0
100169002	(105.22,114.12,84.83,0.1,stand01,256,0,1)*(103.07,114.42,85.27,0.1,stand01,287,0,1)*(113.1,114.12,90.94,0.1,stand01,87,0,1)*(117.46,114.12,117.85,0.1,stand01,13,0,1)*(136.52,114.12,120.7,0.1,stand01,82,0,1)*(136.93,114.52,123.01,0.1,stand01,356,0,1)	0	0	3	N100169022	N100169022	0	0	0	0
100170001	(108,114.12,85.28,0,action02,262,0,1)	0	0	2	N100170001	N100170001	0	0	0	0
100170002	(107.98,114.12,85.11,0.1,stand01,73,0,1)*(110.18,114.12,85.76,0.1,stand01,73,0,1)*(111.52,114.12,90.46,0.1,stand01,10,0,1)*(117.14,114.3,121.37,1,stand01,0,0,1)	0	0	3	N100170001	N100170001	0	0	0	0
100195001	(107.36,114.12,88.87,0,action02,54,0,1)	0	0	2	N100195011	N100195011	0	0	0	0
100195002	(107.25,114.12,88.95,0.1,stand01,237,0,1)*(104.77,114.12,89.13,0.1,stand01,282,0,1)*(104.6,114.12,91.26,0.1,stand01,9,0,1)*(112.99,114.12,91.78,0.1,stand01,102,0,1)*(114.45,114.12,105.46,0.1,stand01,358,0,1)*(78.34,114.12,110.72,0.1,stand01,278,0,1)*(84.93,117.3,134.82,0.1,stand01,7,0,1)*(83.5,117.3,135.44,1,stand01,274,0,1)	0	0	3	N100195012	N100195012	0	0	0	0
100196001	(109.4,114.12,88.22,0,action02,325,0,1)	0	0	2	N100196011	N100196011	0	0	0	0
100196002	(109.28,114.12,88.23,0.1,stand01,141,0,1)*(113.61,114.12,91.19,0.1,stand01,49,0,1)*(114.86,114.12,98.36,0.1,stand01,279,0,1)*(117.24,114.12,117.26,0.1,stand01,7,0,1)*(105.77,114.12,118.47,0.1,stand01,274,0,1)*(70.54,120.27,150.07,1,stand01,270,0,1)	0	0	3	N100196012	N100196012	0	0	0	0
100199001	(114.52,114.12,87.94,0,action02,262,0,1)	0	0	2	N100199011	N100199011	0	0	0	0
100199003	(114.52,114.12,87.94,0.1,stand01,262,0,1)*(114.73,114.12,98.71,0.1,stand01,16,0,1)*(133.91,108.68,92.2,0.1,stand01,110,0,1)*(140.02,108.68,104.03,0.1,stand01,24,0,1)*(140.1,108.68,107.03,0.1,stand01,349,0,1)	0	0	3	N100199012	N100199012	0	0	0	0
100220001	(109.02,122.12,165.74,0.1,stand01,89,0,1)*(116.07,123.88,165.01,0.1,stand01,89,0,1)*(115.89,120.34,150.85,0.1,stand01,281,0,1)*(154.31,120.69,149.52,0.1,stand01,87,0,1)*(159.45,108.41,108.51,0.1,stand01,178,0,1)*(149.67,108.41,107.61,0.1,stand01,257,0,1)*(149.09,108.41,109.69,1,stand01,345,0,1)	0	0	3	N100220001	N100220001	0	1	0	0
400097001	(3434.87,20.65,1056.73,17,stand01,198,190013,0)*(3434.87,20.65,1056.73,1,stand02,198,0,0)	1	0	2	N400097001	N400097001	(7,M99000080,M99000081)	1	0	0
100158001	(3547.81,20.21,934.04,3,stand02,293,190014,0)*(3547.81,20.21,934.04,1,stand03,293,190014,0)	1	0	2	N100158011	N100158011	0	0	1120010,0	0
400099001	(3648.01,20.21,834.96,0,stand01,175,190015,0)	0	0	2	N400099001	N400099001	0	1	0	0
100157001	(3144.46,20.27,951.44,0,stand02,87,190016,0)	1	0	2	N10015711	N10015711	0	1	1120011,0	0
100159001	(2960.33,20.28,958.56,0,stand03,189,190017,0)	1	0	2	N10015911	N10015911	0	1	1120012,0	0
100225001	(126.27,117.35,137.86,0,action01,262,0,0)	0	0	2	N100225501	N100225501	0	0	0	0
100225011	(126.69,117.35,137.86,1,stand01,267,0,0)*(104.6,117.32,143.91,0.1,stand01,49,0,0)*(115.3,120.43,152.24,0.1,stand01,11,0,0)*(123.38,123.58,166.7,0.1,stand01,117,0,0)*(131.7,123.63,165.02,0.1,stand01,73,0,0)*(144.2,127.62,179.96,0.1,stand01,38,0,0)*(156.26,127.62,180.21,0.1,stand01,107,0,0)*(170.94,127.57,165.51,0.1,stand01,199,0,0)*(155.1,123.1,161.07,0.1,stand01,156,0,0)*(164.79,122.96,154.8,0.1,stand01,173,0,0)*(154.29,120.81,147.98,0.1,stand01,173,0,0)*(157.92,114.33,122.46,0.1,stand01,170,0,0)*(156.93,108.63,108.71,0.1,stand01,236,0,0)*(147.17,103.66,86.45,0.1,stand01,168,0,0)*(152.56,103.51,78.66,0.1,stand01,109,0,0)*(173.81,103.36,74.66,0.1,stand01,107,0,0)*(212.81,103.19,68.55,1,stand01,104,0,0)	0	0	3	N100225011	N100225011	0	0	0	0
100225012	(212.7,103.18,68.4,1,stand01,288,0,0)*(152.13,103.53,79.26,0.1,stand01,317,0,0)*(147.39,103.72,87.08,0.1,stand01,348,0,0)*(143.8,108.63,100.72,0.1,stand01,292,0,0)*(130.47,108.63,95.87,0.1,stand01,271,0,0)*(116.21,114.12,98.14,0.1,stand01,327,0,0)*(115.8,114.25,113.93,0.1,stand01,348,0,0)*(106.1,114.32,123.43,0.1,stand01,0,0,0)*(105.03,117.32,143.57,0.1,stand01,31,0,0)*(109.84,120.52,150.2,0.1,stand01,304,0,0)*(63.6,120.47,150.36,1,stand01,267,0,0)	0	0	3	N100225011	N100225011	0	0	0	0
100225013	(64.62,120.47,150.43,1,stand01,88,0,0)*(89.87,120.5,146.18,0.1,stand01,167,0,0)*(84.11,117.29,138.56,0.1,stand01,187,0,0)*(83.64,114.26,124.55,0.1,stand01,193,0,0)*(74.13,114.14,107.08,35,stand01,276,0,0)*(97.36,114.12,108.68,65,stand01,83,0,0)*(111.61,114.12,104.6,0.1,stand01,58,0,0)*(123.01,114.36,117.53,0.1,stand01,72,0,0)*(155.81,114.23,130.96,0.1,stand01,348,0,0)*(153.44,120.74,148.72,0.1,stand01,335,0,0)*(111.7,120.47,149.76,0.1,stand01,221,0,0)*(104.93,117.32,143.69,0.1,stand01,194,0,0)*(108.17,117.31,137.28,0.1,stand01,82,0,0)*(126.5,117.35,137.65,1,stand01,88,0,0)	0	0	3	N100225011	N100225011	0	0	0	0
100225021	(126.69,117.35,137.86,1,stand01,267,0,0)*(104.6,117.32,143.91,0.1,stand01,49,0,0)*(115.3,120.43,152.24,0.1,stand01,11,0,0)*(123.38,123.58,166.7,0.1,stand01,117,0,0)*(131.7,123.63,165.02,0.1,stand01,73,0,0)*(144.2,127.62,179.96,0.1,stand01,38,0,0)*(156.26,127.62,180.21,0.1,stand01,107,0,0)*(170.94,127.57,165.51,0.1,stand01,199,0,0)*(155.1,123.1,161.07,0.1,stand01,156,0,0)*(164.79,122.96,154.8,0.1,stand01,173,0,0)*(154.29,120.81,147.98,0.1,stand01,173,0,0)*(157.92,114.33,122.46,0.1,stand01,170,0,0)*(156.93,108.63,108.71,0.1,stand01,236,0,0)*(147.17,103.66,86.45,0.1,stand01,168,0,0)*(152.56,103.51,78.66,0.1,stand01,109,0,0)*(173.81,103.36,74.66,0.1,stand01,107,0,0)*(212.81,103.19,68.55,1,stand01,104,0,0)	0	0	3	N100225011	N100225011	0	0	0	0
100225022	(212.7,103.18,68.4,1,stand01,288,0,0)*(152.13,103.53,79.26,0.1,stand01,317,0,0)*(147.39,103.72,87.08,0.1,stand01,348,0,0)*(143.8,108.63,100.72,0.1,stand01,292,0,0)*(130.47,108.63,95.87,0.1,stand01,271,0,0)*(116.21,114.12,98.14,0.1,stand01,327,0,0)*(115.8,114.25,113.93,0.1,stand01,348,0,0)*(106.1,114.32,123.43,0.1,stand01,0,0,0)*(105.03,117.32,143.57,0.1,stand01,31,0,0)*(109.84,120.52,150.2,0.1,stand01,304,0,0)*(63.6,120.47,150.36,1,stand01,267,0,0)	0	0	3	N100225011	N100225011	0	0	0	0
100225023	(64.62,120.47,150.43,1,stand01,88,0,0)*(89.87,120.5,146.18,0.1,stand01,167,0,0)*(84.11,117.29,138.56,0.1,stand01,187,0,0)*(83.64,114.26,124.55,0.1,stand01,193,0,0)*(74.13,114.14,107.08,35,stand01,276,0,0)*(97.36,114.12,108.68,65,stand01,83,0,0)*(111.61,114.12,104.6,0.1,stand01,58,0,0)*(123.01,114.36,117.53,0.1,stand01,72,0,0)*(155.81,114.23,130.96,0.1,stand01,348,0,0)*(153.44,120.74,148.72,0.1,stand01,335,0,0)*(111.7,120.47,149.76,0.1,stand01,221,0,0)*(104.93,117.32,143.69,0.1,stand01,194,0,0)*(108.17,117.31,137.28,0.1,stand01,82,0,0)*(126.5,117.35,137.65,1,stand01,88,0,0)	0	0	3	N100225011	N100225011	0	0	0	0
100163001	(140.95,103.28,54.68,1,stand01,0,0,0)*(147.47,103.77,87.37,0.1,stand01,354,0,0)*(143.96,108.63,100.9,0.1,stand01,295,0,0)*(129.57,108.63,95.27,0.1,stand01,297,0,0)*(116.95,114.12,97.64,0.1,stand01,260,0,0)*(100.77,114.12,83.04,1,stand01,220,0,0)	0	0	5	N100164021	N100164021	0	0	0	0
100163002	(100.27,114.12,82.47,5,stand02,210,0,0)*(100.27,114.12,82.47,1,stand03,210,0,0)	0	0	2	N100164022	N100164022	0	0	0	0
100163003	(100.75,114.12,83.05,1,stand01,39,0,0)*(116.75,114.12,97.61,0.1,stand01,82,0,0)*(129.39,108.63,95.38,0.1,stand01,116,0,0)*(143.81,108.63,101.04,0.1,stand01,137,0,0)*(147.44,103.77,87.56,0.1,stand01,167,0,0)*(140.94,103.28,54.84,1,stand01,155,0,0)	0	0	3	N100164023	N100164023	0	0	0	0
400105001	(126.88,114.43,123.54,1,stand01,195,0,0)*(102.53,114.12,82.03,1,stand01,208,0,0)	0	0	5	N400105001	N400105001	0	0	0	0
400105002	(102.39,114.12,81.72,1,stand01,196,0,0)*(102.39,114.12,81.72,2,stand02,196,0,0)*(102.39,114.12,81.72,2,stand03,196,0,0)	0	0	2	N400105002	N400105002	0	0	0	0
400105003	(102.48,114.12,82.05,1,stand01,29,0,0)*(126.85,114.43,123.54,1,stand01,12,0,0)	0	0	3	N400105003	N400105003	0	0	0	0
360024001	(71.77,114.12,107.35,3,stand02,300,0,0)*(71.77,114.12,107.35,1,stand03,300,0,0)	0	0	2	N360024011	N360024011	0	0	0	0
100160001	(66.94,120.47,150.47,1,stand01,87,0,0)*(90.08,120.55,145.56,0.1,stand01,170,0,0)*(84.43,117.34,138,0.1,stand01,181,0,0)*(83.69,114.25,124.2,0.1,stand01,184,0,0)*(83.68,114.24,112.45,0.1,stand01,137,0,0)*(93.69,114.12,110.94,0.1,stand01,65,0,0)*(106.36,114.22,117.48,0.1,stand01,83,0,0)*(112.97,114.24,114.42,1,stand01,244,0,0)	0	0	5	N100160002	N100160002	0	0	0	0
100160002	(112.53,114.24,114.2,2,stand01,244,100016,1)*(112.53,114.24,114.2,6,stand02,244,100016,1)*(112.53,114.24,114.2,1,stand03,244,100016,1)	0	0	2	N100160001	N100160001	0	0	0	0
100160003	(112.97,114.42,114.41,1,stand01,64,0,0)*(106.36,114.22,117.48,0.1,stand01,239,0,0)*(93.69,114.12,110.96,0.1,stand01,246,0,0)*(83.7,114.24,112.42,0.1,stand01,325,0,0)*(83.69,114.25,124.2,0.1,stand01,6,0,0)*(84.43,117.34,138,0.1,stand01,23,0,0)*(90.09,120.55,145.57,0.1,stand01,335,0,0)*(66.94,120.47,150.47,1,stand01,272,0,0)	0	0	3	N100160003	N100160003	0	0	0	0
400106001	(145.92,127.62,183.96,1,stand01,194,0,0)*(132.23,123.63,165.32,0.1,stand01,260,0,0)*(118.34,123.89,164.81,0.1,stand01,211,0,0)*(117.17,119.94,155.32,0.1,stand01,156,0,0)*(153.38,120.7,148.93,0.1,stand01,174,0,0)*(158.22,114.32,122.98,0.1,stand01,163,0,0)*(147.33,108.63,106.41,0.1,stand01,213,0,0)*(147.77,103.74,87.18,0.1,stand01,134,0,0)*(151.06,103.57,80.08,0.1,stand01,123,0,0)*(174.01,103.36,75.1,0.1,stand01,102,0,0)*(212.88,103.19,67.94,1,stand01,104,0,0)	0	0	3	N400106001	N400106001	0	0	0	0
400106002	(212.65,103.19,67.74,1,stand01,284,0,0)*(173.8,103.36,74.91,0.1,stand01,294,0,0)*(150.76,103.57,79.93,0.1,stand01,333,0,0)*(147.47,103.74,87.01,0.1,stand01,340,0,0)*(147.18,108.63,106.71,0.1,stand01,62,0,0)*(158,114.32,122.77,0.1,stand01,347,0,0)*(153.22,120.7,148.81,0.1,stand01,345,0,0)*(116.91,119.94,155.15,0.1,stand01,0,0,0)*(118.13,123.89,165.08,0.1,stand01,36,0,0)*(131.99,123.63,165.04,0.1,stand01,100,0,0)*(145.74,127.62,184.2,1,stand01,23,0,0)	0	0	3	N400106001	N400106001	0	0	0	0
300009001	(109.21,122.12,165.24,1,stand01,93,0,0)*(117.04,123.95,164.01,0.1,stand01,188,0,0)*(109.93,120.45,151.11,65,stand01,328,0,0)*(90.8,120.5,145.85,0.1,stand01,215,0,0)*(84.78,117.33,135.4,0.1,stand01,178,0,0)*(83.83,114.29,123.54,0.1,stand01,196,0,0)*(75.32,114.29,108.13,35,stand01,266,0,0)*(102.04,114.29,110.59,75,stand01,89,0,0)*(106.4,114.29,105.91,45,stand01,12,0,0)*(112.89,114.29,107.86,55,stand01,303,0,0)*(119.14,114.29,119.71,25,stand01,4,0,0)*(151.61,114.29,125.32,0.1,stand01,49,0,0)*(154.63,114.29,131.24,0.1,stand01,0,0,0)*(153.57,120.96,148.73,0.1,stand01,342,0,0)*(116.99,120.01,154.67,0.1,stand01,347,0,0)*(116.24,123.95,163.93,0.1,stand01,340,0,0)*(109.26,122.12,164.4,1,stand01,282,0,0)	0	0	3	N300009001	N300009001	0	0	0	0
300018001	(109.21,122.12,165.24,1,stand01,93,0,0)*(117.04,123.95,164.01,0.1,stand01,188,0,0)*(109.4,120.5,150.88,65,stand01,337,0,0)*(90.8,120.5,145.85,0.1,stand01,215,0,0)*(84.78,117.33,135.4,0.1,stand01,178,0,0)*(83.83,114.29,123.54,0.1,stand01,196,0,0)*(75.32,114.29,108.13,35,stand01,266,0,0)*(101.99,114.29,109.73,75,stand01,83,0,0)*(107.24,114.29,105.67,45,stand01,5,0,0)*(113.4,114.29,108.56,55,stand01,296,0,0)*(120,114.29,119.59,25,stand01,358,0,0)*(152.13,114.29,124.62,0.1,stand01,42,0,0)*(155.49,114.29,131.2,0.1,stand01,353,0,0)*(154.41,120.96,148.95,0.1,stand01,335,0,0)*(117.85,120.01,154.82,0.1,stand01,340,0,0)*(117.07,123.95,164.18,0.1,stand01,333,0,0)*(109.48,122.12,165.24,1,stand01,275,0,0)	0	0	3	N300009001	N300009001	0	0	0	0
400107001	(125.36,119.96,154.95,1,stand01,182,0,0)*(111.73,120.47,149.95,0.1,stand01,226,0,0)*(105.23,117.32,143.3,0.1,stand01,168,0,0)*(105.88,114.32,123.86,0.1,stand01,183,0,0)*(103.13,113.94,109.03,95,stand01,62,0,0)*(106.53,114.12,106.19,45,stand01,18,0,0)*(112.73,114.17,107.8,65,stand01,303,0,0)*(116.77,114.12,97.76,0.1,stand01,100,0,0)*(131.26,108.63,100.5,35,stand01,342,0,0)*(143.26,108.63,107.07,45,stand01,81,0,0)*(144.74,108.67,100.2,0.1,stand01,147,0,0)*(147.66,103.78,87.31,0.1,stand01,159,0,0)*(142.04,103.28,61.49,0.1,stand01,216,0,0)*(129.42,103.04,53.42,95,stand01,338,0,0)*(143.85,103.28,62.7,0.1,stand01,16,0,0)*(146.78,103.72,87.51,0.1,stand01,0,0,0)*(145.02,108.64,101.17,0.1,stand01,20,0,0)*(159.2,108.63,109.79,0.1,stand01,0,0,0)*(157.83,114.32,123.06,0.1,stand01,323,0,0)*(106.81,114.32,122.7,0.1,stand01,348,0,0)*(105.16,117.32,142.35,0.1,stand01,0,0,0)*(112.41,120.47,149.84,0.1,stand01,71,0,0)*(124.47,120.01,154.47,1,stand01,0,0,0)	0	0	3	N400107001	N400107001	0	0	0	0
400108001	(128.33,108.63,88.36,1,stand01,355,0,0)*(129.57,108.63,94.36,0.1,stand01,294,0,0)*(116.84,114.12,97.66,0.1,stand01,288,0,0)*(107.86,114.12,106.48,75,stand01,14,0,0)*(103.43,113.9,110.8,95,stand01,35,0,0)*(113.35,114.32,119.79,65,stand01,18,0,0)*(157.54,114.32,122.83,0.1,stand01,157,0,0)*(158.26,108.63,109.36,0.1,stand01,213,0,0)*(140.3,108.63,98.99,0.1,stand01,227,0,0)*(128.28,108.63,88.4,1,stand01,172,0,0)	0	0	3	N400108001	N400108001	0	0	0	0
400109001	(129.39,108.63,102.7,120,stand02,333,0,0)*(129.39,108.63,102.7,150,stand02,333,0,0)	0	0	4	N400109001	N400109001	0	0	0	0
400110001	(150.25,108.63,108.84,2,stand01,169,0,0)*(150.25,108.63,108.84,9,stand02,169,190004,0)	0	0	2	N400110001	N400110001	0	0	0	0
400110002	(150.25,108.63,108.84,1,stand01,169,0,0)*(148.78,108.63,109.44,1,stand01,355,0,0)	0	0	3	N400110002	N400110002	0	0	0	0
400110003	(3647.67,20.21,832.36,0,stand01,359,0,0)	0	0	2	N400110003	N400110003	0	0	0	0
400111001	(78.67,114.12,122.04,1,stand03,125,0,0)*(83.3,114.24,112.46,0.1,stand03,130,0,0)*(93.35,114.12,110.45,0.1,stand03,67,0,0)*(107.7,114.28,118.92,0.1,stand03,93,0,0)*(157.32,114.32,126.09,1,stand03,52,0,0)	0	0	5	N400111001	N400111001	0	0	0	0
400111002	(157.65,114.32,126.42,11,stand01,212,0,0)*(157.65,114.32,126.42,1,stand02,212,0,0)	0	0	2	N400111002	N400111002	0	0	0	0
400111003	(157.21,114.32,126.31,1,stand03,236,0,0)*(107.66,114.28,118.78,0.1,stand03,261,0,0)*(93.24,114.12,110.56,0.1,stand03,279,0,0)*(83.64,114.24,112.49,0.1,stand03,332,0,0)*(78.57,114.12,122.39,1,stand03,299,0,0)	0	0	3	N400111001	N400111001	0	0	0	0
100286001	(132.53,108.63,87.98,1,stand01,0,0,0)*(130.33,108.63,95.57,0.1,stand01,298,0,0)*(116.6,114.12,98.03,0.1,stand01,293,0,0)*(113.48,114.2,108.92,95,stand01,296,0,0)*(114.41,114.21,112.19,35,stand01,303,0,0)*(111.77,114.12,104.34,0.1,stand01,285,0,0)*(106.73,114.12,106.57,65,stand01,12,0,0)*(103.08,113.93,109.2,75,stand01,73,0,0)*(103.07,114.13,116.32,0.1,stand01,54,0,0)*(114.12,114.27,117.64,0.1,stand01,145,0,0)*(115.82,114.12,99.07,0.1,stand01,113,0,0)*(129.19,108.63,94.52,0.1,stand01,107,0,0)*(131.77,108.63,88.06,1,stand01,178,0,0)	0	0	3	N100286011	N100286011	0	0	0	0
400112001	(159,127.62,179.3,1,stand01,109,0,0)*(171.42,127.57,165.15,0.1,stand01,200,0,0)*(155.31,123.21,161.58,0.1,stand01,181,0,0)*(164.74,122.91,155.32,0.1,stand01,188,0,0)*(163.35,122.1,150.99,0.1,stand01,253,0,0)*(151.84,120.6,150.61,11,stand01,277,0,0)*(90.55,120.57,144.58,0.1,stand01,230,0,0)*(83.54,114.27,124.49,0.1,stand01,188,0,0)*(84.22,114.26,110.99,13,stand01,97,0,0)*(100.87,113.96,111.01,17,stand01,108,0,0)*(105.59,114.12,106.9,25,stand01,36,0,0)*(115.84,114.27,107.73,0.1,stand01,29,0,0)*(127.79,114.36,118.86,0.1,stand01,76,0,0)*(152.85,114.24,125.09,0.1,stand01,55,0,0)*(154.81,114.24,132.27,0.1,stand01,352,0,0)*(153.74,120.79,148.3,0.1,stand01,349,0,0)*(116.92,119.96,155.01,0.1,stand01,354,0,0)*(122.72,123.73,166.55,0.1,stand01,102,0,0)*(133.4,123.63,165.06,0.1,stand01,46,0,0)*(144.25,127.62,180.08,0.1,stand01,35,0,0)	0	0	4	N400112001	N400112001	0	0	0	0
400113001	(104.33,114.12,91.84,1,stand01,169,0,0)*(114.9,114.12,95.42,0.1,stand01,0,0,0)*(110.92,114.12,101.72,0.1,stand01,0,0,0)*(103.78,113.93,110.81,75,stand01,89,0,0)*(104.04,114.07,114.43,35,stand01,125,0,0)*(108.94,114.28,117.57,0.1,stand01,93,0,0)*(113.59,114.26,115.58,55,stand01,221,0,0)*(115.38,114.12,101.48,0.1,stand01,182,0,0)*(111.21,114.12,90.84,0.1,stand01,284,0,0)*(105.39,114.12,91.66,1,stand01,341,0,0)	0	0	3	N400113001	N400113001	0	0	0	0
100187001	(137.68,108.63,92.78,0,stand02,1,0,0)	0	0	2	N100187001	N100187001	0	0	0	0
100187002	(137.68,108.63,92.78,1,stand01,1,0,0)*(130.08,108.63,94.74,0.1,stand01,290,0,0)*(115.32,114.12,99.74,0.1,stand01,336,0,0)*(105.64,114.32,123.47,0.1,stand01,2,0,0)*(104.64,117.32,143.98,0.1,stand01,53,0,0)*(110.25,120.57,150,0.1,stand01,314,0,0)*(105.92,120.65,151.94,1,stand01,358,0,0)	0	0	3	N100187002	N100187002	0	0	0	0
300033001	(138.24,108.63,94.11,0,stand02,210,0,0)	0	0	2	N300033001	N300033001	0	0	0	0
300033002	(138.24,108.63,94.11,1,stand01,210,0,0)*(145.08,108.64,100.1,0.1,stand01,149,0,0)*(147.67,103.8,87.51,0.1,stand01,146,0,0)*(157.41,103.55,75.76,1,stand01,187,0,0)	0	0	3	N300033002	N300033002	0	0	0	0
100149001	(3848.69,20.33,844.79,0,stand01,272,0,0)	0	0	2	N100149011	N100149011	0	0	0	0
100149002	(139.82,108.63,107.69,1,stand01,166,0,0)*(130.33,108.63,96.13,0.1,stand01,272,0,0)*(116.46,114.12,97.95,0.1,stand01,309,0,0)*(113.15,114.19,108.9,68,stand01,307,0,0)*(106.67,114.12,104.07,25,stand01,0,0,0)*(102.46,113.86,110.06,33,stand01,82,0,0)*(105.72,114.32,123.19,0.1,stand01,0,0,0)*(104.72,117.32,143.64,0.1,stand01,51,0,0)*(110,120.6,149.98,0.1,stand01,309,0,0)*(66.97,120.47,150.38,1,stand01,273,0,0)	0	0	3	N100149012	N100149012	0	0	0	0
100177001	(212.04,103.18,68.35,1,stand01,287,0,0)*(147.63,103.75,87.14,0.1,stand01,345,0,0)*(145.01,108.61,100.53,0.1,stand01,0,0,0)*(158.99,108.63,109.62,0.1,stand01,0,0,0)*(157.45,114.32,122.82,0.1,stand01,344,0,0)*(155.45,114.23,132.04,0.1,stand01,0,0,0)*(152.7,120.66,148.97,0.1,stand01,334,0,0)*(66.84,120.47,150.31,1,stand01,276,0,0)	0	0	3	N100177001	N100177001	0	0	0	0
100177002	(65.48,120.47,150.4,1,stand01,89,0,0)*(90.07,120.52,145.61,0.1,stand01,199,0,0)*(84.2,117.27,138.83,0.1,stand01,214,0,0)*(83.68,114.27,124.4,0.1,stand01,198,0,0)*(81.54,114.24,111.52,0.1,stand01,119,0,0)*(98.7,113.95,111.74,0.1,stand01,50,0,0)*(110.53,114.31,118.86,0.1,stand01,104,0,0)*(157.3,114.32,122.56,0.1,stand01,154,0,0)*(158.11,108.63,109.04,0.1,stand01,212,0,0)*(147.35,108.63,106.5,0.1,stand01,208,0,0)*(145.28,108.55,99.4,0.1,stand01,164,0,0)*(147.97,103.69,86.81,0.1,stand01,150,0,0)*(174.34,103.36,74.57,0.1,stand01,98,0,0)*(212.11,103.18,68.46,1,stand01,102,0,0)	0	0	3	N100177001	N100177001	0	0	0	0
310003001	(64.88,120.47,150.44,1,stand01,92,0,0)*(89.71,120.47,147.46,0.1,stand01,92,0,0)*(110.67,120.68,149.13,0.1,stand01,221,0,0)*(105,117.59,142.25,0.1,stand01,187,0,0)*(106.52,114.35,122.1,0.1,stand01,163,0,0)*(135.31,114.35,120.51,0.1,stand01,91,0,0)*(158.08,114.33,122.23,0.1,stand01,169,0,0)*(149.92,108.77,07.22,0.1,stand01,235,0,0)*(144.61,108.69,100.08,0.1,stand01,148,0,0)*(147.74,103.84,86.81,0.1,stand01,146,0,0)*(175.09,103.4,74.54,0.1,stand01,98,0,0)*(214.83,103.2,67.88,1,stand01,98,0,0)	0	0	3	N310003011	N310003011	0	1	0	0
310007001	(64.37,120.47,149.58,1,stand01,94,0,0)*(89.2,120.47,146.61,0.1,stand01,94,0,0)*(110.48,120.68,149.89,0.1,stand01,209,0,0)*(104.43,117.59,142.77,0.1,stand01,174,0,0)*(105.78,114.35,122.35,0.1,stand01,151,0,0)*(134.85,114.35,119.88,0.1,stand01,78,0,0)*(157.37,114.33,122.55,0.1,stand01,156,0,0)*(149.92,108.77,108,0.1,stand01,222,0,0)*(143.83,108.66,100.14,0.1,stand01,136,0,0)*(146.96,103.81,86.84,0.1,stand01,134,0,0)*(174.55,103.37,73.97,0.1,stand01,85,0,0)*(214.3,103.17,67.32,0.1,stand01,85,0,0)	0	0	3	N310007011	N310007011	0	1	0	0
300111001	(65.15,120.47,151.45,1,stand01,99,0,0)*(89.98,120.47,148.47,0.1,stand01,99,0,0)*(111.4,120.68,149,0.1,stand01,228,0,0)*(105.69,117.59,142.54,0.1,stand01,194,0,0)*(107.03,114.35,122.64,0.1,stand01,170,0,0)*(134.95,114.35,121.16,0.1,stand01,98,0,0)*(158.65,114.33,122.72,0.1,stand01,176,0,0)*(150.6,108.77,106.91,0.1,stand01,242,0,0)*(144.97,108.69,100.74,0.1,stand01,155,0,0)*(148.07,103.84,87.47,0.1,stand01,153,0,0)*(174.81,103.4,75.23,0.1,stand01,105,0,0)*(214.56,103.2,68.57,1,stand01,105,0,0)	0	0	3	N300111001	N300111001	0	1	0	0
400114001	(155.87,103.51,87.79,5,action01,83,190018,0)*(155.87,103.51,87.79,1,action02,83,0,0)*(155.87,103.51,87.79,3,action01,83,190019,0)*(155.87,103.51,87.79,1,action02,83,0,0)	0	0	2	N400114001	N400114001	0	0	0	0
310005001	(155.5,103.51,89.47,0,stand01,147,0,0)	0	0	2	N310005011	N310005011	0	1	0	0
400112011	(156.28,103.49,89.18,9,stand01,166,190020,0)*(156.28,103.49,89.18,1,stand02,166,0,0)	0	0	2	N400112011	N400112011	0	1	0	0
400090001	(155.74,103.54,86.44,0,stand01,31,0,0)	0	0	2	N400090001	N400090001	0	1	0	0
100174001	(156.51,103.52,86.35,0,stand01,0,0,0)	0	0	2	N100174011	N100174011	0	1	0	0
300014001	(157.42,103.51,86.71,0,stand01,332,0,0)	0	0	2	N300014011	N300014011	0	1	0	0
100234001	(215.79,103.2,68.45,1,stand01,0,0,0)*(173.97,103.36,74.87,0.1,stand01,292,0,0)*(152.92,103.53,79.08,0.1,stand01,305,0,0)*(147.42,103.73,87.02,0.1,stand01,342,0,0)*(144.75,108.63,100.17,0.1,stand01,303,0,0)*(130.12,108.63,98.68,0.1,stand01,276,0,0)*(116.69,114.12,97.76,0.1,stand01,294,0,0)*(111.49,114.12,98.18,55,stand01,191,0,0)*(112.24,114.2,108.03,35,stand01,300,0,0)*(110.56,114.12,106.23,75,stand01,311,0,0)*(102.88,113.91,109.68,65,stand01,64,0,0)*(102.21,114.14,116.65,25,stand01,314,0,0)*(113.84,114.23,120.25,35,stand01,4,0,0)*(118.87,114.3,120.18,35,stand01,357,0,0)*(105.84,114.32,123.7,0.1,stand01,358,0,0)*(105.27,117.32,144.03,0.1,stand01,47,0,0)*(109.14,120.48,150.95,75,stand01,3,0,0)*(142.53,120.39,153.78,25,stand01,359,0,0)*(154.85,120.86,148.07,0.1,stand01,199,0,0)*(154.88,114.23,132.52,0.1,stand01,179,0,0)*(153.3,114.24,125.85,0.1,stand01,221,0,0)*(121.92,114.27,114.25,0.1,stand01,218,0,0)*(115.31,114.12,99.95,0.1,stand01,133,0,0)*(130.97,108.63,97.34,0.1,stand01,86,0,0)*(144.2,108.62,100.02,0.1,stand01,118,0,0)*(148.23,103.73,87.16,0.1,stand01,145,0,0)*(152.17,103.55,79.81,0.1,stand01,92,0,0)*(172.67,103.36,75.66,0.1,stand01,93,0,0)*(212.97,103.18,68.13,0.1,stand01,93,0,0)	0	0	3	N100234011	N100234011	0	1	0	0
100181001	(213.91,103.19,67.86,1,stand01,286,0,0)*(174.61,103.36,74.8,1,stand03,290,0,0)*(151.64,103.51,76.88,0.1,stand01,280,0,0)*(147.35,103.76,87.64,0.1,stand01,0,0,0)*(144.52,108.62,100.32,1,stand03,306,0,0)*(130.06,108.63,95.89,0.1,stand01,284,0,0)*(116.78,114.12,98.01,1,stand03,313,0,0)*(115.5,114.26,116.15,0.1,stand01,318,0,0)*(106.14,114.32,123.58,0.1,stand01,0,0,0)*(105.1,117.32,142.98,1,stand03,5,0,0)*(111.22,120.61,149.12,0.1,stand01,50,0,0)*(64.54,120.7,149.94,1,stand01,273,0,0)	0	0	3	N100181001	N100181001	0	0	0	0
100181002	(66.52,120.47,149.96,1,stand01,93,0,0)*(146.98,120.36,151.78,0.1,stand01,93,0,0)*(153.62,120.82,147.95,0.1,stand01,178,0,0)*(155.71,114.23,130.98,0.1,stand01,176,0,0)*(157.92,114.32,122.42,0.1,stand01,160,0,0)*(158.01,108.63,109.08,0.1,stand01,234,0,0)*(145.69,108.65,101.44,0.1,stand01,179,0,0)*(148.06,103.64,86.44,0.1,stand01,146,0,0)*(146.12,103.28,62.78,1,stad01,114,0,0)	0	0	3	N100181001	N100181001	0	0	0	0
400115001	(3049.34,20.24,840.33,99,stand01,129,0,0)*(3052.9,20.24,843.11,72,stand01,0,0,0)*(3053.8,20.24,838.8,55,stand01,88,0,0)	0	4,M99000085	4	N400115001	N400115001	(7,M99000079,M99000080)*(7,M99000080,M99000084)	1	0	0
100189001	(3251.63,20.24,851.21,17,stand01,353,0,0)*(3251.63,20.24,851.21,1,stand02,353,0,0)	0	0	2	N100189001	N100189001	0	0	0	0
100252001	(3256.68,20.24,847.78,0,stand02,262,0,0)	0	0	2	N100252021	N100252021	0	0	0	0
300026001	(3444.42,20.16,843.56,23,stand02,4,0,1)*(3443.23,20.16,840.7,57,stand02,201,0,0)*(3439.99,20.16,839.97,73,stand02,251,0,0)*(3439.91,20.16,843.98,35,stand02,356,0,0)	0	0	4	N300026001	N300026001	0	1	0	0
120002001	(214.54,103.19,67.85,1,stand01,277,0,0)*(169.67,103.37,77.29,0.1,stand01,279,0,0)*(152.45,103.52,78.9,1.5,action01,277,190022,0)*(147.59,103.76,87.37,0.1,stand01,343,0,0)*(144.61,108.63,100.26,1.5,action01,312,0,0)*(130.54,108.63,96.14,0.1,stand01,278,0,0)*(116.89,114.12,98.5,0.1,stand01,303,0,0)*(121.43,114.29,116.61,1.5,action01,61,190022,0)*(155.92,114.24,131.95,0.1,stand01,349,0,0)*(153.7,120.84,148.11,0.1,stand01,335,0,0)*(145.84,120.38,152.49,1.5,action01,269,190022,0)*(111.4,120.51,150.06,0.1,stand01,219,0,0)*(105.07,117.32,143.35,0.1,stand01,178,0,0)*(105.74,114.32,123.25,1.5,action01,190,190022,0)*(98.04,113.97,111.47,1.5,action01,219,190022,0)*(98.04,113.97,111.47,2,action02,219,0,0)*(81.37,114.15,114.14,1.5,action01,0,190022,0)*(83.65,114.27,124.47,0.1,stand01,12,0,0)*(84.35,117.33,137.58,0.1,stand01,15,0,0)*(90.05,120.55,145.64,0.1,stand01,334,0,0)*(83.55,120.47,148.02,1.5,action01,270,190022,0)*(68.4,120.47,149.57,1,stand01,281,0,0)	0	0	3	N120002001	N120002001	0	0	0	0
120002003	(66.36,120.47,150.49,1,stand01,94,0,0)*(83.88,120.47,148.62,3,action01,92,190024,0)*(90.04,120.59,145.5,0.1,stand01,178,0,0)*(84.38,117.3,138.5,0.1,stand01,178,0,0)*(83.55,114.27,124.66,0.1,stand01,196,0,0)*(80.71,114.16,114.41,3,action01,194,190024,0)*(96.87,114.11,110.34,0.1,stand01,48,0,0)*(105.95,114.32,123.56,0.1,stand01,0,0,0)*(105.03,117.32,142.65,0.1,stand01,14,0,0)*(110.81,120.63,149.47,3,action01,47,190024,0)*(146.34,120.41,152.9,0.1,stand01,97,0,0)*(153.95,120.84,148.66,0.1,stand01,188,0,0)*(154.39,114.23,132.22,0.1,stand01,175,0,0)*(149.56,114.32,122.43,3,action01,255,190024,0)*(117.68,114.27,112.47,3,action01,195,190024,0)*(116.28,114.12,97.91,0.1,stand01,89,0,0)*(130.36,108.63,96.27,0.1,stand01,89,0,0)*(144.4,108.64,100.51,0.1,stand01,146,0,0)*(147.69,103.69,86.96,0.1,stand01,148,0,0)*(154.01,103.49,78.86,0.1,stand01,89,0,0)*(214.02,103.19,67.87,1,stand01,99,0,0)	0	0	3	N120002003	N120002003	0	0	0	0
120002004	(214.54,103.19,67.85,1,stand01,277,0,0)*(169.67,103.37,77.29,0.1,stand01,279,0,0)*(152.45,103.52,78.9,4.5,action01,277,190025,0)*(147.59,103.76,87.37,0.1,stand01,343,0,0)*(144.61,108.63,100.26,4.5,action01,312,190025,0)*(130.54,108.63,96.14,0.1,stand01,278,0,0)*(116.89,114.12,98.5,0.1,stand01,303,0,0)*(121.43,114.29,116.61,4.5,action01,61,190025,0)*(155.92,114.24,131.95,0.1,stand01,349,0,0)*(153.7,120.84,148.11,0.1,stand01,335,0,0)*(145.84,120.38,152.49,4.5,action01,269,190025,0)*(111.4,120.51,150.06,0.1,stand01,219,0,0)*(105.07,117.32,143.35,0.1,stand01,178,0,0)*(105.74,114.32,123.25,4.5,action01,190,190025,0)*(98.04,113.97,111.47,4.5,action01,219,190025,0)*(81.37,114.15,114.14,4.5,action01,0,190025,0)*(83.65,114.27,124.47,0.1,stand01,12,0,0)*(84.35,117.33,137.58,0.1,stand01,15,0,0)*(90.05,120.55,145.64,0.1,stand01,334,0,0)*(83.55,120.47,148.02,4.5,action01,270,190025,0)*(68.4,120.47,149.57,1,stand01,281,0,0)	0	0	3	N120002004	N120002004	0	0	0	0
120002005	(66.36,120.47,150.49,1,stand01,94,0,0)*(83.88,120.47,148.62,6,action01,92,190026,0)*(90.04,120.59,145.5,0.1,stand01,178,0,0)*(84.38,117.3,138.5,0.1,stand01,178,0,0)*(83.55,114.27,124.66,0.1,stand01,196,0,0)*(80.71,114.16,114.41,6,action01,194,190026,0)*(96.87,114.11,110.34,0.1,stand01,48,0,0)*(105.95,114.32,123.56,0.1,stand01,0,0,0)*(105.03,117.32,142.65,0.1,stand01,14,0,0)*(110.81,120.63,149.47,6,action01,47,190026,0)*(146.34,120.41,152.9,0.1,stand01,97,0,0)*(153.95,120.84,148.66,0.1,stand01,188,0,0)*(154.39,114.23,132.22,0.1,stand01,175,0,0)*(149.56,114.32,122.43,6,action01,255,190026,0)*(117.68,114.27,112.47,6,action01,195,190026,0)*(116.28,114.12,97.91,0.1,stand01,89,0,0)*(130.36,108.63,96.27,0.1,stand01,89,0,0)*(144.4,108.64,100.51,0.1,stand01,146,0,0)*(147.69,103.69,86.96,0.1,stand01,148,0,0)*(154.01,103.49,78.86,0.1,stand01,89,0,0)*(214.02,103.19,67.87,1,stand01,99,0,0)	0	0	3	N120002005	N120002005	0	0	0	0
120002006	(214.54,103.19,67.85,1,stand01,277,0,0)*(169.67,103.37,77.29,0.1,stand01,279,0,0)*(152.45,103.52,78.9,7.5,action01,277,190027,0)*(147.59,103.76,87.37,0.1,stand01,343,0,0)*(144.61,108.63,100.26,7.5,action01,312,190027,0)*(130.54,108.63,96.14,0.1,stand01,278,0,0)*(116.89,114.12,98.5,0.1,stand01,303,0,0)*(121.43,114.29,116.61,7.5,action01,61,190027,0)*(155.92,114.24,131.95,0.1,stand01,349,0,0)*(153.7,120.84,148.11,0.1,stand01,335,0,0)*(145.84,120.38,152.49,7.5,action01,269,190027,0)*(111.4,120.51,150.06,0.1,stand01,219,0,0)*(105.07,117.32,143.35,0.1,stand01,178,0,0)*(105.74,114.32,123.25,7.5,action01,190,190027,0)*(98.04,113.97,111.47,7.5,action01,219,190027,0)*(81.37,114.15,114.14,7.5,action01,0,190027,0)*(83.65,114.27,124.47,0.1,stand01,12,0,0)*(84.35,117.33,137.58,0.1,stand01,15,0,0)*(90.05,120.55,145.64,0.1,stand01,334,0,0)*(83.55,120.47,148.02,7.5,action01,270,190027,0)*(68.4,120.47,149.57,1,stand01,281,0,0)	0	0	3	N120002006	N120002006	0	0	0	0
300035001	(125.98,103.27,46.33,1,stand01,0,0,0)*(106.58,103.08,49.74,105,stand01,351,0,0)*(125.71,102.97,52.94,75,stand01,16,0,0)*(146.73,103.69,85.76,0.1,stand01,0,0,0)*(144.9,108.61,1005.51,0.1,stand01,347,0,0)*(137.91,108.63,103.75,55,stand01,0,0,0)*(130.68,108.63,95.06,0.1,stand01,281,0,0)*(115.49,114.12,98.81,0.1,stand01,292,0,0)*(115.84,114.24,112.03,89,stand01,287,0,0)*(106.63,114.32,122.63,0.1,stand01,0,0,0)*(105.22,117.32,142.54,0.1,stand01,0,0,0)*(110.8,120.68,148.96,11,stand01,0,0,0)*(105.55,120.48,149.93,0.1,stand01,266,0,0)*(90.33,120.47,147.84,0.1,stand01,273,0,0)*(65.44,120.47,149.74,1,stand01,270,0,0)	0	0	3	N300035001	N300035001	0	0	0	0
300010001	(67.73,120.47,150.3,1,stand01,92,0,0)*(90.39,120.59,144.83,0.1,stand01,233,0,0)*(84.77,117.35,138.29,0.1,stand01,188,0,0)*(84.03,114.27,124.6,0.1,stand01,190,0,0)*(82.99,114.24,112.14,0.1,stand01,131,0,0)*(93.68,114.12,110.43,0.1,stand01,78,0,0)*(102.33,113.88,110.22,85,stand01,92,0,0)*(107.92,114.12,105.68,55,stand01,12,0,0)*(113.3,114.2,108.3,67,stand01,294,0,0)*(115,114.24,114.08,75,stand01,252,0,0)*(119.87,114.32,119.76,19,stand01,0,0,0)*(153.97,114.25,125.09,0.1,stand01,60,0,0)*(154.56,114.23,131.52,0.1,stand01,350,0,0)*(153.41,120.76,147.68,0.1,stand01,0,0,0)*(151.58,120.6,150.96,33,stand01,324,0,0)*(149.21,120.31,155.09,77,stand01,0,0,0)*(134.57,120.25,153,0.1,stand01,274,0,0)*(110.64,120.44,151.33,101,stand01,300,0,0)*(79.29,120.47,150.76,56,stand01,0,0,0)*(69.55,120.47,150.22,1,stand01,276,0,0)	0	0	3	N300010001	N300010001	0	0	0	0
400036011	(105.51,114.12,98.1,1,stand01,0,0,0)*(108.95,114.12,105.29,69,stand01,0,0,0)*(111.67,114.12,106.06,35,stand01,0,0,0)*(103.1,113.94,108.95,67,stand01,53,0,0)*(104.23,114.09,115.02,19,stand0,132,0,0)*(105.8,114.32,124.13,0.1,stand01,0,0,0)*(105.07,117.32,143.31,0.1,stand01,32,0,0)*(110.29,120.65,149.37,0.1,stand01,33,0,0)*(103.48,120.54,151.45,65,stand01,0,0,0)*(69.33,120.47,149.22,1,stand01,280,0,0)	0	0	3	N400036011	N400036011	0	0	0	0
300012001	(97.44,120.47,150.81,9,stand01,83,0,0)*(97.44,120.47,150.81,1,stand01,83,0,0)	0	0	2	N300012001	N300012001	0	0	0	0
300012002	(97.44,120.47,150.81,1,stand01,83,0,0)*(96.56,120.47,148.43,0.1,stand01,249,0,0)*(63.55,120.47,149.47,1,stand01,272,0,0)	0	0	3	N300012002	N300012002	0	0	0	0
300066001	(98.91,120.47,150.7,13,stand01,271,0,0)*(98.91,120.47,150.7,1,stand02,271,0,0)	0	0	2	N300012001	N300012001	0	0	0	0
300066002	(98.91,120.47,150.7,1,stand01,271,0,0)*(139.65,120.41,152.23,0.1,stand01,102,0,0)*(150.77,120.59,151.15,0.1,stand01,132,0,0)*(153.84,120.83,148.28,0.1,stand01,183,0,0)*(154.48,114.23,132.33,0.1,stand01,165,0,0)*(157.77,114.32,122.84,0.1,stand01,184,0,0)*(157.75,108.63,109.13,0.1,stand01,207,0,0)*(145.16,108.64,99.83,0.1,stand01,169,0,0)*(147.71,103.77,87.29,0.1,stand01,161,0,0)*(142.37,103.28,62.8,0.1,stand01,208,0,0)*(130.73,103.05,52.56,55,stand01,327,0,0)(126.23,103.26,46.53,1,stand01,195,0,0)	0	0	3	N300066001	N300066001	0	0	0	0
400116001	(122.65,114.5,120.74,9,stand01,284,0,0)*(122.65,114.5,120.74,1,stand02,284,0,0)	0	0	2	N100184011	0	0	0	0	0
400116002	(122.65,114.5,120.74,1,stand01,284,0,0)*(114.86,114.25,115.48,65,stand01,235,0,0)*(116.55,114.12,97.87,0.1,stand01,104,0,0)*(130.8,108.63,96.72,0.1,stand01,99,0,0)*(145.05,108.68,100.17,0.1,stand01,176,0,0)*(146.91,103.7,86.98,0.1,stand01,142,0,0)*(145.35,103.31,68.74,0.1,stand01,194,0,0)*(145.99,103.28,62.85,1,stand01,133,0,0)	0	0	3	N400116001	N400116001	0	0	0	0
400116003	(125.61,119.96,154.69,1,stand01,166,0,0)*(135.88,120.3,151.81,0.1,stand01,94,0,0)*(151.36,120.63,151.8,0.1,stand01,105,0,0)*(154.39,120.82,148.45,0.1,stand01,176,0,0)*(155.15,114.24,130.09,0.1,stand01,178,0,0)*(152.69,114.24,125.26,0.1,stand01,224,0,0)*(128.58,114.38,120.31,0.1,stand01,263,0,0)*(122.65,114.5,120.74,1,stand01,284,0,0)	0	0	5	N400116001	N400116001	0	0	0	0
100184001	(121.6,114.33,121.07,0,stand01,99,0,0)	0	0	2	N100184011	0	0	0	0	0
100184002	(121.6,114.33,121.07,1,stand01,99,0,0)*(115.52,114.24,112.52,70,stand01,294,0,0)*(112.68,114.18,108.64,73,stand01,300,0,0)*(110.95,114.12,105.6,25,stand01,315,0,0)*(107.12,114.12,106.35,45,stand01,11,0,0)*(103.06,113.93,111.19,63,stand01,69,0,0)*(96.47,114.08,112.03,35,stand01,352,0,0)*(83.22,114.26,111.86,0.1,stand01,323,0,0)*(82.39,114.01,119.27,0.1,stand01,14,0,0)*(84.34,117.33,138.01,0.1,stand01,34,0,0)*(90.07,120.56,144.92,0.1,stand01,6,0,0)*(69.81,120.47,149.94,1,stand01,273,0,0)	0	0	3	N100184012	N100184012	0	0	0	0
100184003	(132.63,103.18,49.14,1,stand01,0,0,0)*(142.45,103.28,61.8,0.1,stand01,29,0,0)*(146.75,103.59,81.13,0.1,stand01,0,0,0)*(146.5,103.62,87.96,0.1,stand01,0,0,0)*(144.97,108.63,99.75,0.1,stand01,320,0,0)*(130.71,108.63,96.06,0.1,stand01,287,0,0)*(116.76,114.12,97.82,0.1,stand01,313,0,0)*(114.75,114.13,102.56,0.1,stand01,5,0,0)*(118.59,114.29,114.98,0.1,stand01,31,0,0)*(121.6,114.33,121.07,1,stand01,99,0,0)	0	0	5	N100184012	N100184012	0	0	0	0
300105001	(121.6,114.33,121.07,1,stand01,99,0,0)*(115.52,114.24,112.52,70,stand01,294,0,0)*(112.68,114.18,108.64,73,stand01,300,0,0)*(110.95,114.12,105.6,25,stand01,315,0,0)*(107.12,114.12,106.35,45,stand01,11,0,0)*(103.06,113.93,111.19,63,stand01,69,0,0)*(96.47,114.08,112.03,35,stand01,352,0,0)*(83.22,114.26,111.86,0.1,stand01,323,0,0)*(82.39,114.01,119.27,0.1,stand01,14,0,0)*(84.34,117.33,138.01,0.1,stand01,34,0,0)*(90.07,120.56,144.92,0.1,stand01,6,0,0)*(69.81,120.47,149.94,1,stand01,273,0,0)	0	0	2	N300105001	N300105001	0	0	0	0
300105002	(80.75,114.13,122.72,3,stand01,293,0,0)*(83.87,114.27,124.43,0.1,stand01,0,0,0)*(84.44,117.33,137.82,0.1,stand01,25,0,0)*(90.46,120.57,145.17,0.1,stand01,34,0,0)*(101.58,120.47,149.72,0.1,stand01,91,0,0)*(118.8,119.94,150.64,0.1,stand01,84,0,0)*(125.14,119.9,154.57,1,stand01,0,0,0)	0	0	3	N300105002	N300105002	0	0	0	0
300023001	(80.12,114.18,123.47,9,stand01,173,0,0)*(80.12,114.18,123.47,1,stand02,173,0,0)	0	0	2	N300105101	N300105101	0	0	0	0
300023002	(80.12,114.18,123.47,1,stand01,173,0,0)*(80.92,114.22,112.57,0.1,stand01,156,0,0)*(116.68,114.12,97.71,0.1,stand01,98,0,0)*(129.51,108.63,94.48,0.1,stand01,122,0,0)*(133.14,108.63,88.13,1,stand01,174,0,0)	0	0	3	N300023001	N300023001	0	0	0	0
100180001	(79.7,114.08,122.43,15,stand01,43,0,0)*(79.7,114.08,122.43,1,stand02,43,0,0)	0	0	2	N300105101	N300105101	0	0	0	0
100180002	(79.7,114.08,122.43,5,stand01,43,0,0)*(82.66,114.24,112.37,0.1,stand01,136,0,0)*(116.04,114.12,101.57,0.1,stand01,144,0,0)*(130.65,108.63,96.97,0.1,stand01,89,0,0)*(144.75,108.62,100.49,0.1,stand01,177,0,0)*(148.02,103.66,86.75,0.1,stand01,151,0,0)*(152.19,103.53,79.21,0.1,stand01,90,0,0)*(174.97,103.36,274.51,0.1,stand01,104,0,0)*(209.7,103.18,69.18,1,stand01,111,0,0)	0	0	3	N100180011	N100180011	0	0	0	0
100303001	(133.7,114.32,122.33,9,stand01,288,0,0)*(133.7,114.32,122.33,1,stand02,288,0,0)	0	0	2	N100303011	0	0	0	0	0
100303002	(133.7,114.32,122.33,1,stand01,288,0,0)*(120.27,114.29,117.06,53,stand01,251,0,0)*(105.85,114.32,123.78,0.1,stand01,0,0,0)*(105.07,117.32,142.84,0.1,stand01,26,0,0)*(110.97,120.51,149.88,0.1,stad01,54,0,0)*(134.69,120.1,153.87,35,stand01,62,0,0)*(135.75,120.17,156.15,1,stand01,0,0,0)	0	0	3	N100303012	N100303012	0	0	0	0
100182001	(132.52,114.33,122.58,7,stand01,119,0,0)*(132.52,114.33,122.58,1,stand01,119,0,0)	0	0	2	N100303011	0	0	0	0	0
100182002	(132.52,114.33,122.58,1,stand01,119,0,0)*(120.83,114.32,118.78,36,stand01,333,0,0)*(115.31,114.26,108.85,55,stand01,282,0,0)*(111.14,114.12,103.17,0.1,stand01,288,0,0)*(90.26,114.12,109.21,0.1,stand01,278,0,0)*(82.75,114.22,112.72,0.1,stand01,342,0,0)*(83.75,114.27,124.46,0.1,stand01,9,0,0)*(84.48,117.33,138.63,0.1,stand01,28,0,0)*(90.1,120.59,144.79,0.1,stand01,0,0,0)*(65.76,120.47,150.62,1,stand01,278,0,0)	0	0	3	N100182011	N100182011	0	0	0	0
120003001	(137.77,120.35,155.92,13,stand01,237,0,0)*(137.77,120.35,155.92,1,stand02,237,0,0)	0	0	2	N120003001	N120003001	0	0	0	0
100117001	(74.89,120.79,153.23,29,stand01,186,0,0)*(74.89,120.79,153.23,1,stand02,186,0,0)	0	0	2	N100117501	N100117501	0	1	0	0
100117011	(125.54,117.36,139.35,0,idle01,218,0,0)	0	0	2	N100117502	N100117502	0	1	0	0
100117021	(125.25,117.34,135.57,0,idle01,316,0,0)	0	0	2	N100117503	N100117503	0	1	0	0
120004001	(101.9,114.12,99.69,19,stand01,74,0,0)*(101.9,114.12,99.69,1,stand02,74,0,0)	0	0	2	N120004001	N120004001	0	1	0	0
120005001	(100.32,114.25,121.26,0,stand05,100,0,0)	0	0	2	N120005501	N120005501	0	0	0	0
120006001	(101.16,114.27,122.52,39,stand02,213,0,0)*(101.16,114.27,122.52,1,stand02,213,0,0)	0	0	2	N120006001	N120006001	0	0	0	0
300063001	(123.94,117.36,138.7,0,stand01,104,0,0)	0	0	0	N300063001	N300063001	0	0	0	0
100221001	(124.49,117.35,137.78,0,stand01,86,0,0)	0	0	0	N100221501	N100221501	0	0	0	0
100219001	(123.86,117.35,136.58,0,stand01,67,0,0)	0	0	0	N100219501	N100219501	0	0	0	0
110023001	(122.88,117.35,136.87,0,stand01,72,0,0)	0	0	0	N110023001	N110023001	0	0	0	0
100197001	(122.08,117.37,138.25,0,stand01,92,0,0)	0	0	0	N100197501	N100197501	0	0	0	0
100198001	(107.67,117.32,138.17,0,stand01,90,0,0)	0	0	0	N100198501	N100198501	0	0	0	0
300037001	(107.59,117.32,136.38,0,stand01,42,0,0)	0	0	0	N100198501	N100198501	0	0	0	0
400003001	(116.91,117.41,141.21,0,stand02,216,0,0)	0	0	0	N400003501	N400003501	0	0	0	0
400002001	(116.17,117.41,140.88,0,stand02,89,0,0)	0	0	0	N400003501	N400003501	0	0	0	0
360107001	(110.48,114.18,79.5,0,stand01,180,0,0)	0	0	2	N360107001	0	(7,M00196010,M00196011)*(7,M00196011,M00196012)	1	0	0
100160101	(112.27,120.71,153.52,0,stand01,116,0,0)	0	0	2	N10016002	N10016002	(6,M00106008,10016003)*(6,M00106009,10016004)	0	0	0
990034001	(80.88,120.69,152.94,0,stand01,170,0,0)	0	0	2	N9000011	N9000011	(8,M99000082,0)*(8,M99000083,0)	0	0	0
100084001	(2854.56,20.76,845.36,17,stand01,158,0,0)*(2854.56,20.76,845.36,1,stand02,158,0,0)	0	1,M00160026	2	N100084003	0	0	1	0	0
100085001	(2854.68,20.48,843.72,0,stand01,0,0,0)	0	1,M00160026	2	N100085601	0	(5,M00000000,M00196004)*(7,M00196004,M99000019)	1	0	0
100086001	(53.77,114.73,95.76,0,stand01,90,0,0)	0	0	2	N100086001	N100086001	0	0	0	0
100086011	(45.02,114.12,93.78,1,skill01,209,0,0)*(45.02,114.12,93.78,1,skill02,209,0,0)	0	0	2	N100086011	N100086011	(6,M00196006,100086012)	0	0	0
100086021	(39.66,114.12,95.94,1,skill01,205,0,0)*(39.66,114.12,95.94,1,skill02,205,0,0)	0	0	2	N100086021	N100086021	0	0	0	2
100086031	(53.73,114.12,106.65,1,skill01,24,0,0)*(53.73,114.12,106.65,1,skill02,24,0,0)	0	0	2	N100086002	N100086002	0	0	0	0
100086041	(53.45,114.12,102.63,1,skill01,119,0,0)*(53.45,114.12,102.63,1,skill02,119,0,0)	0	0	2	N100086041	N100086041	0	0	0	2
100086051	(41.28,114.12,103.4,0,stand01,118,0,0)	0	4,M00160026	2	N100086051	N100086051	(5,M00000000,M00196009)	0	0	0
360105601	(35.21,114.12,95.03,10,Stand01,68,0,0)*(36.27,114.12,98.07,12,Stand01,292,0,0)	0	0	1	360105601	360105601	(8,M00196005,0)	0	0	3