#iNpcID	sCoordinate	iNpcType	sSCondition	iMovieType	sDialogueQID	sMobileQID	sSpecialSet	iTalkSteer	iStoreID	iMaxTalk
300225001	(106.92,3.15,29.56,3,stand01,148,0,0)*(106.92,3.15,29.56,1,stand02,148,0,0)*(106.92,3.15,29.56,1,stand03,148,0,0)	0	0,0	2	N300225011	N300225011	0	0	0	0
300240001	(122.64,4.5,52.82,1,stand01,272,0,0)*(105.06,4.5,49.04,0.1,stand01,238,0,0)*(93.5,5.2,37.04,11,stand01,209,0,0)*(93.86,5.2,34.53,0.1,stand01,123,0,0)*(96.08,5.2,34.65,0.1,stand01,23,0,0)*(124.26,4.5,52.67,1,stand01,86,0,0)	0	0,0	3	N300240001	N300240001	0	0	0	0
310001001	(96.02,4.5,62.01,30,stand01,30,0,0)*(98.8,4.5,60.71,30,stand01,48,0,0)	0	0,0	4	N310001001	N310001001	0	1	0	0
310001011	(97.85,4.5,63.59,25,stand01,83,0,0)*(99.82,4.5,63.35,25,stand01,127,0,0)	0	0,0	4	N310001001	N310001001	0	1	0	0
310002001	(55.97,4.87,59.41,1,stand01,326,0,0)*(55.97,4.87,59.41,10,stand02,326,0,0)	0	0,0	2	N310002001	N310002001	0	0	0	0
310003001	(104.03,4.73,61.69,0,stand02,36,0,0)	0	0,0	2	N310003001	N310003001	0	0	0	0
310004001	(79.85,4.81,61.64,19,stand02,275,0,0)*(79.91,4.81,62.82,19,stand02,269,0,0)	0	0,0	4	N310004001	N310004001	0	0	0	0
310004011	(82.52,4.81,61.68,0,stand02,85,0,0)	0	0,0	4	N310004011	N310004011	0	0	0	0
310005001	(60.32,4.5,51.92,0,stand02,265,0,0)	0	0,0	2	N310005001	N310005001	0	0	0	0
310006001	(55.5,5.51,60.75,58,stand02,260,0,0)*(57.11,5.19,63.88,58,stand02,317,0,0)*(59.15,5.02,66.09,58,stand02,315,0,0)*(61.26,5.15,67.9,58,stand02,0,0,0)	0	0,0	4	N310006001	N310006001	0	0	0	0
310006011	(62.22,5.49,70.28,0,stand02,162,0,0)	0	0,0	2	N310006011	N310006011	0	0	0	0
310006021	(55.03,6,68.4,0,stand02,309,0,0)	0	0,0	2	N310006011	N310006011	0	0	0	0
310006031	(102.48,5.27,65.77,0,stand02,216,0,0)	0	0,0	2	N310006011	N310006011	0	0	0	0
310006041	(115.08,5.67,62.67,0,stand02,27,0,0)	0	0,0	2	N310006011	N310006011	0	0	0	0
310007001	(67.01,4.98,68.67,0,stand02,0,0,0)	0	0,0	2	N310007001	N310007001	0	0	0	0
310007011	(112.07,4.95,57.92,0,stand02,0,0,0)	0	0,0	2	N310007001	N310007001	0	0	0	0
310007021	(110.31,6.11,67.35,0,stand02,209,0,0)	0	0,0	2	N310007001	N310007001	0	0	0	0
310007031	(118.17,3.5,43.5,0,stand02,0,0,0)	0	0,0	2	N310007001	N310007001	0	0	0	0
310008001	(117.81,5.02,58.34,0,stand02,175,0,0)	0	0,0	2	N310008001	N310008001	0	0	0	0
310008011	(107.35,5.67,66.43,0,stand02,36,0,0)	0	0,0	2	N310008001	N310008001	0	0	0	0
310008021	(65.81,5.27,70.66,0,stand02,0,0,0)	0	0,0	2	N310008001	N310008001	0	0	0	0
310008031	(52.79,6,64.54,0,stand02,101,0,0)	0	0,0	2	N310008001	N310008001	0	0	0	0
310008041	(123.81,4.02,45.93,0,stand02,183,0,0)	0	0,0	2	N310008001	N310008001	0	0	0	0
310009001	(60.27,4.95,63.7,0,stand02,305,0,0)	0	0,0	2	N310009001	N310009001	0	0	0	0
310009011	(58.25,5.64,68.38,0,stand02,327,0,0)	0	0,0	2	N310009001	N310009001	0	0	0	0
310009021	(116.51,4.72,56.52,0,stand02,0,0,0)	0	0,0	2	N310009001	N310009001	0	0	0	0
310010001	(70.65,4.5,43.52,5,stand01,235,0,0)*(70.65,4.5,43.52,1,stand02,235,0,0)	0	0,0	2	N310010001	N310010001	0	0	0	0
360005001	(93.59,4.6,42.79,0,stand02,260,0,0)	0	0,0	2	N360005001	N360005001	0	0	0	0
100036001	(63.01,4.5,47.01,9,action03,50,0,0)*(63.01,4.5,47.01,1,action04,50,0,0)	0	2,50	2	N100036011	N100036011	0	0	0	0