#iNpcID	sCoordinate	iNpcType	sSCondition	iMovieType	sDialogueQID	sMobileQID	sSpecialSet	iTalkSteer	iStoreID	iMaxTalk
100001001	(998.42,69.61,611.72,0,stand04,137,260079,0)	0	1,M00200004	2	22010015	0	0	0	0	0
100013001	(1981.87,66.48,601.46,18,stand01,148,260080,0)*(1985.41,66.48,602.67,12,stand01,1,260080,1)*(1983,66.48,597.18,8,stand01,180,260080,1)	0	1,M00200004	4	22010016	22010016	0	1	0	0
100413001	(94,52.27,162.64,0,action01,5,260081,0)	0	0	2	22010001	0	0	0	0	0
360056001	(77.36,52.27,165.74,12,stand01,117,260082,1)*(76.65,52.27,159.53,20,stand01,117,260082,1)*(80.44,52.27,161.77,16,stand01,65,260082,1)	0	0	4	22010002	22010002	0	1	0	0
360055001	(101.73,52.27,163.29,0,stand01,272,260083,0)	0	0	2	22010003	0	0	1	0	0
100414001	(77.47,52.27,171.4,0,stand02,87,260084,0)	0	0	2	22010004	0	0	1	0	0
360033001	(84.24,37.7,114.8,0,stand01,141,260085,0)	0	1,M00200008	2	22010005	0	0	1	0	0
360034001	(87.1,51.5,147.2,0,stand01,183,260086,0)	0	0	2	22010006	0	0	1	0	0
360035001	(84.25,50.82,145.23,0,stand01,90,260087,0)	0	0	2	22010007	0	0	0	0	0
360036001	(89.27,50.95,145.47,0,stand01,266,260088,0)	0	0	2	22010008	0	(5,M00000000,M00200007)	0	0	0
360037001	(90.15,52.27,158.6,20,stand01,212,260089,0)*(81.82,52.27,175.2,6,stand01,104,260089,1)	0	0	1	22010009	22010009	0	1	0	0
360038001	(99.1,52.27,158.03,0,stand01,22,260090,0)	0	0	2	22010010	0	0	0	0	0
360039001	(100.01,52.27,159.79,0,stand01,206,260091,0)	0	0	2	22010010	0	0	0	0	0
360042001	(83.8,52.27,180.27,0,stand01,181,260094,0)	0	0	2	22010011	0	0	0	0	0
360043001	(89.43,52.27,180.27,0,stand01,181,260095,0)	0	0	2	22010012	0	0	0	0	0
360044001	(67.82,52.27,183.99,30,stand01,128,260096,1)*(38.1,58.46,200.22,12,stand01,153,260096,1)	0	0	1	22010013	22010013	0	1	0	0
360045001	(117.96,52.92,185.89,0,stand01,190,260097,0)	0	0	2	22010014	0	(5,M00000000,M00200006)	1	0	0
360046001	(95.83,52.27,172.43,10,stand01,184,260098,0)*(92,52.27,172.67,6,stand01,184,260099,1)*(98.86,52.27,172.22,8,stand01,184,200100,1)	0	0	1	22010017	22010017	0	1	0	0
100018001	(102.59,52.27,184.13,0,stand01,0,260102,0)	0	0	2	22010019	0	0	0	0	0
360057001	(100.39,52.27,174.94,0,action04,183,260101,0)	0	0	2	22010018	0	0	0	0	0