#iNpcID	sCoordinate	iNpcType	sSCondition	iMovieType	sDialogueQID	sMobileQID	sSpecialSet	iTalkSteer	iStoreID	iMaxTalk
130001001	(70.8,1.99,73.52,10,stand01,84,0,0)*(76.82,1.99,73.03,70,stand01,89,0,0)*(77.32,1.99,71.79,0.1,stand01,118,0,0)*(87.43,1.99,71.8,70,stand01,33,0,0)*(92.39,1.99,69.19,70,stand01,206,0,0)*(85.83,2.03,67.76,0.1,stand01,273,0,0)*(81.61,1.99,67.89,70,stand01,209,0,0)*(71.16,1.99,72.16,1,stand01,294,0,0)	0	0,0	3	N130001001	N130001001	0	1	0	0
130002001	(95.3,2.11,65.3,0,stand01,0,0,0)	0	0,0	2	N130002001	N130002001	0	1	0	0
130003001	(70.92,1.99,73.14,1,stand01,91,0,0)*(77.11,1.99,73.92,60,stand01,106,0,0)*(79.98,1.99,67.5,60,stand01,185,0,0)*(88.2,1.99,67.56,60,stand01,87,0,0)*(87.65,1.99,72.47,60,stand01,66,0,0)*(85.67,1.99,72.18,30,stand01,347,0,0)*(79.62,1.99,70.85,0.1,stand01,299,0,0)*(70.92,1.99,72.89,1,stand01,277,0,0)	0	0,0	2	N130003001	N130003001	0	1	0	0
130004001	(78.18,1.99,75.61,1,stand01,118,0,0)*(84.65,1.99,75.55,0.1,stand01,120,0,0)*(89.47,1.99,74.14,1,stand01,179,0,0)	0	0,0	5	N130004001	N130004001	0	1	0	0
130004002	(89.47,1.99,74.14,17,stand03,179,130106,0)*(89.47,1.99,74.14,1,stand04,179,0,0)	0	0,0	2	N130004002	N130004002	0	0	0	0
130004003	(89.47,1.99,74.14,1,stand01,179,0,0)*(86.51,1.99,75.47,0.1,stand01,287,0,0)*(79.82,1.99,75.54,1,stand01,308,0,0)	0	0,0	3	N130004003	N130004003	0	1	0	0
130005001	(84.95,1.99,76.17,1,stand01,190,0,0)*(84.12,1.99,74.02,1,stand01,172,0,0)	0	0,0	5	N130005001	N130005001	0	1	0	0
130005002	(84.12,1.99,74.02,9,stand03,172,130105,0)*(84.12,1.99,74.02,1,stand04,172,0,0)	0	0,0	2	N130005002	N130005002	0	0	0	0
130005003	(84.12,1.99,74.02,1,stand01,172,0,0)*(84.35,2.02,76.08,1,stand01,0,0,0)	0	0,0	3	N130005003	N130005003	0	1	0	0
130006001	(66.03,1.99,67.24,1,stand01,93,0,0)*(68.55,1.99,66.56,1,stand01,86,0,0)	0	0,0	5	N130006001	N130006001	0	1	0	0
130006002	(68.55,1.99,66.56,0,stand01,86,0,0)	0	0,0	2	N130006002	N130006002	0	0	0	0
130006003	(68.55,1.99,66.56,1,stand01,86,0,0)*(66.01,1.99,67.22,1,stand01,267,0,0)	0	0,0	3	N130006003	N130006003	0	1	0	0
130007001	(70.98,1.99,72.81,1,stand01,85,0,0)*(78.86,1.99,73.65,1,stand01,173,0,0)	0	0,0	5	N130007001	N130007001	0	1	0	0
130007002	(78.86,1.99,73.65,0,stand01,173,130104,0)	0	0,0	2	N130007002	N130007002	0	0	0	0
130007003	(78.86,1.99,73.65,1,stand01,173,0,0)*(71.1,1.99,72.81,1,stand01,270,0,0)	0	0,0	3	N130007003	N130007003	0	1	0	0
130008001	(90.6,1.99,77.6,0,stand01,147,0,0)	0	0,0	2	N130008001	N130008001	0	1	0	0
130009001	(70.86,2.05,77.36,300,stand01,0,0,0)*(74.11,1.99,53.82,300,stand01,173,0,0)	0	0,0	1	N130009001	N130009001	0	1	0	0
130010001	(86.68,1.99,65.08,1,stand01,37,0,0)*(88.35,1.99,65.44,1,stand01,50,0,0)	0	0,0	5	N130010001	N130010001	0	1	0	0
130010002	(90.84,1.99,66.53,0,stand01,0,130102,0)	0	0,0	2	N130010002	N130010002	0	0	0	0
130010003	(88.16,1.99,66.75,1,stand01,224,0,0)*(85.86,1.99,65.1,1,stand01,181,0,0)	0	0,0	3	N130010003	N130010003	0	1	0	0
130011001	(100.84,1.62,65.86,0,stand01,58,0,0)	0	0,0	2	N130011001	N130011001	0	1	0	0
130011011	(99.11,2.19,67.39,10,stand01,135,0,0)*(93.27,2.01,65.37,35,stand01,0,0,0)*(92.49,1.99,81.24,35,stand01,0,0,0)*(92.4,1.99,75.13,35,stand01,237,0,0)*(86.4,2.02,70.87,35,stand01,0,0,0)*(77.96,1.99,71.2,35,stand01,325,0,0)*(71.66,1.99,77.07,35,stand01,0,0,0)*(72.72,1.99,68.37,35,stand01,234,0,0)*(75.38,2.01,55.28,35,stand01,163,0,0)*(75.62,1.99,63.61,0.1,stand01,24,0,0)*(78.35,1.99,67.71,0.1,stand01,64,0,0)*(86.62,1.99,67.75,0.1,stand01,61,0,0)*(91.11,1.99,68.84,0.1,stand01,85,0,0)	0	0,0	4	N130011011	N130011011	0	1	0	0
130011021	(106.46,0.54,65.72,10,idle01,106,0,0)*(96.01,2.05,6.03,50,idle01,96,0,0)*(94.16,2.05,73.47,50,stand01,159,0,0)*(75.82,2.05,68.37,50,stand01,58,0,0)*(106.46,0.54,65.72,1,stand01,106,0,0)	0	0,0	3	N130011021	N130011021	0	1	0	0
130012001	(81.02,1.99,64.65,20,stand01,0,0,0)*(83.24,1.99,66.94,60,stand01,26,0,0)*(88.02,1.99,66.06,90,stand01,76,0,0)*(85.97,1.99,66.62,0.1,stand01,270,0,0)*(81.8,1.99,64.83,1,stand01,227,0,0)	0	0,0	3	N130012001	N130012001	0	1	0	0
130013001	(65.98,1.99,66.49,5,stand01,89,0,0)*(67.1,1.99,63.53,0.1,stand01,114,0,0)*(70.31,1.99,63.67,0.1,stand01,53,0,0)*(77.18,1.99,65.95,60,stand01,95,0,0)*(84.07,1.99,67.85,0.1,stand01,82,0,0)*(88.67,1.99,68.55,0.1,stand01,85,0,0)*(93.11,1.99,68.54,0.1,stand01,103,0,0)*(107.35,0.29,65.31,1,stand01,111,0,0)	0	0,0	3	N130013001	N130013002	0	1	0	0
130013002	(107.32,0.29,65.39,1,stand01,278,0,0)*(93.09,1.99,68.62,0.1,stand01,299,0,0)*(88.61,1.99,68.6,0.1,stand01,246,0,0)*(84.02,1.99,67.91,0.1,stand01,269,0,0)*(77.14,1.99,66.01,0.1,stand01,270,0,0)*(84.02,1.99,67.91,0.1,stand01,269,0,0)*(70.24,1.99,63.7,0.1,stand01,250,0,0)*(67.08,1.99,63.61,0.1,stand01,291,0,0)*(65.93,1.99,66.55,1,stand01,270,0,0)	0	0,0	3	N130013001	N130013002	0	1	0	0
130014001	(106.82,1.32,88.87,1,stand01,224,0,0)*(94.11,1.99,76.63,0.1,stand01,205,0,0)*(91.67,1.99,72.75,60,stand01,311,0,0)*(86.92,1.99,71.32,0.1,stand01,307,0,0)*(84.26,1.99,71.92,60,stand01,0,0,0)*(81.79,1.99,71.09,35,stand01,317,0,0)*(79.49,1.99,71.65,60,stand01,0,0,0)*(70.13,1.99,68.66,60,stand01,252,0,0)*(70.3,1.99,65.19,30,stand01,258,0,0)*(71.02,2.09,60.29,60,stand01,281,0,0)*(73.55,1.99,58.2,30,stand01,134,0,0)*(77.54,1.99,66.65,60,stand01,105,0,0)*(81.86,1.99,67.48,30,stand01,87,0,0)*(87.73,1.99,68.06,0.1,stand01,34,0,0)*(91.69,1.99,68.72,30,stand01,185,0,0)*(94.78,1.99,74.23,0.1,stand01,23,0,0)*(98.98,2,81.41,0.1,stand01,44,0,0)*(106.49,1.47,89.45,1,stand01,35,0,0)	0	0,0	3	N130014001	N130014001	0	1	0	0
130015001	(77.74,1.99,75.59,1,stand01,201,0,0)*(75.18,1.99,71.43,10,stand01,235,0,0)*(83.73,1.99,70.9,0.1,stand01,77,0,0)*(92.4,1.99,72.22,0.1,stand01,37,0,0)*(99.9,1.99,84.48,1,stand01,50,0,0)	0	0,0	5	N130015002	N130015002	0	1	0	0
130015002	(99.9,1.99,84.48,0,stand01,50,0,0)	0	0,0	2	N130015001	N130015001	0	1	0	0
130015003	(99.9,1.99,84.48,1,stand01,50,0,0)*(94.93,1.99,77.84,0.1,stand01,217,0,0)*(92.18,1.99,73.89,25,stand01,269,0,0)*(90.01,1.99,68.7,50,stand01,178,0,0)*(85.31,1.99,65.7,90,stand01,0,0,0)*(82.18,1.99,66.08,25,stand01,266,0,0)*(79.53,1.99,72.3,25,stand01,0,0,0)*(80.79,1.99,73.19,0.1,stand01,20,0,0)*(80.36,1.99,74.73,0.1,stand01,288,0,0)*(78.85,2.04,75.78,1,stand01,0,0,0)	0	0,0	3	N130015003	N130015003	0	1	0	0
130016001	(107.46,1.1,88.76,1,stand01,238,0,0)*(100.77,2.03,85.05,1,stand01,235,0,0)	0	0,0	5	N130016001	N130016001	0	1	0	0
130016002	(100.77,2.03,85.05,0,stand01,235,0,0)	0	0,0	2	N130015001	N130015001	0	1	0	0
130016003	(100.77,2.03,85.05,1,stand01,235,0,0)*(96.7,1.99,79.22,0.1,stand01,206,0,0)*(95.95,1.99,73.24,0.1,stsand01,177,0,0)*(96.82,2.04,69.18,0.1,stand01,113,0,0)*(114.45,0.07,63.51,1,stand01,93,0,0)	0	0,0	3	N130016002	N130016002	0	1	0	0
130016004	(113.7,0.04,63.86,3,stand01,273,0,0)*(93.21,1.99,66.68,60,stand01,271,0,0)*(93.18,1.99,68.23,0.1,stand01,341,0,0)*(89.74,1.99,71.85,60,stand01,0,0,0)*(86.6,2.04,70.13,60,stand01,58,0,0)*(83.29,2.05,70.09,0.1,stand01,172,0,0)*(85.62,2.66,65.22,1,stand01,166,0,0)	0	0,0	3	N130016002	N130016002	0	1	0	0
130017001	(66.05,1.99,65.87,1,stand01,124,0,0)*(68.3,1.99,62.11,1,stand01,193,0,0)	0	0,0	5	N130017001	N130017001	0	1	0	0
130017002	(68.34,1.99,60.33,0,stand01,84,130101,0)	0	0,0	2	N130017002	N130017002	0	0	0	0
130017003	(68.41,1.99,61.88,1,stand01,0,0,0)*(66.05,1.99,65.95,1,stand01,296,0,0)	0	0,0	3	N130017003	N130017003	0	1	0	0
130018001	(80.19,1.99,64.61,1,stand01,0,0,0)*(80.27,1.99,65.42,1,stand01,0,0,0)	0	0,0	5	N130018001	N130018001	0	1	0	0
130018002	(80.27,1.99,65.42,0,stand01,0,130103,0)	0	0,0	2	N130018002	N130018002	0	0	0	0
130018003	(80.27,1.99,65.42,1,stand01,0,0,0)*(79.38,1.99,64.46,1,stand01,175,0,0)	0	0,0	3	N130018003	N130018003	0	1	0	0
100091001	(75.15,1.99,63.12,0,stand01,-120,0,0)	0	0	2	N27070015	N27070015	(7,9999999,M99000021)	0	0	0