#iNpcID	sCoordinate	iNpcType	sSCondition	iMovieType	sDialogueQID	sMobileQID	sSpecialSet	iTalkSteer	iStoreID	iMaxTalk
100026001	(60.01,50.95,32.48,3,action01,185,0,0)*(60.01,50.95,32.48,1,action02,185,0,0)	0	0	2	N7310001	N7310001	0	0	0	0
100027001	(45.39,54.57,61.84,5,action01,42,0,0)*(45.39,54.57,61.84,1,action02,42,0,0)	0	0	2	N7310002	N7310002	0	0	0	0
100028001	(51.46,50,41.84,70,stand01,0,0,0)*(55.45,51.16,44.04,30,stand01,115,0,0)*(55.05,50,39.75,10,stand01,109,0,0)*(54.2,50,35.76,50,stand01,95,0,0)	0	0	4	N7310003	N7310003	0	1	0	0
100029001	(103.09,54.7,34.89,0,stand01,245,0,0)	0	0	2	N7310004	N7310004	0	0	0	0
100030001	(34.08,52.92,38.37,0,stand01,142,0,0)	0	0	2	N7310005	N7310005	0	1	0	0
100031001	(34.8,52.92,39.2,0,stand01,118,0,0)	0	0	2	N7310005	N7310005	0	1	0	0
100035001	(50.24,50.02,40.94,9,stand01,156,0,0)*(50.24,50.02,40.94,1,stand02,156,0,0)	0	0	2	N7310006	N7310006	0	1	0	0
100419001	(25,52.92,26.75,3,stand01,274,0,0)*(25,52.92,26.75,1,stand02,274,0,0)	0	0	2	N7310007	N7310007	0	1	0	0
100061001	(77.17,51.03,28.31,5,skill01,7,0,1)*(77.17,51.03,28.31,2,skill02,7,0,1)	0	6,9009682,100061,10	4	0	0	(7,9999999,M99000014)	1	0	0
100055001	(102.91,55.83,42.65,10,stand01,-147,0,1)*(102.91,55.83,42.65,1,stand02,-147,0,1)	0	6,9008508,100055,10	4	N7310008	N7310008	0	1	0	0
360032001	(25.85,53.08,13.98,0,stand01,200,0,0)	0	1,M00310014	2	360032001	0	(6,20000041,360032005)	0	0	4