#iNpcID	sCoordinate	iNpcType	sSCondition	iMovieType	sDialogueQID	sMobileQID	sSpecialSet	iTalkSteer	iStoreID	iMaxTalk
100190001	(98.41,76.95,100.01,1,stand02,75,0,0,0)*(103.62,76.92,163.4,11,stand01,72,0,1)	0	0,0	3	N10019002	N10019002	0	1	0	0
100190002	(103.62,76.92,163.4,11,stand01,72,110112,1)*(103.62,76.92,163.4,1,stand02,72,0,1)*(109.21,76.52,159.11,13,stand01,123,110112,0)*(109.21,76.52,159.11,1,stand02,123,0,0)*(110.52,75.17,162.93,17,stand01,0,110112,0)*(110.52,75.17,162.93,1,stand02,0,0,0)	0	0,0	2	N10019001	N10019001	0	1	0	0
100190003	(103.62,76.92,163.4,11,stand01,234,0,1)	0	0,0	3	N10019003	N10019003	0	1	0	0
100192001	(134.46,73.21,134.02,0.1,stand01,40,0,0)*(133.89,73.7,133.14,0.1,stand01,53,0,0)	0	0,0	3	N10019203	N10019203	0	0	0	0
100192002	(134.46,73.21,134.02,6,stand02,40,0,1)*(134.46,73.21,134.02,1,stand03,40,0,1)	0	0,0	2	N10019201	0	0	0	0	0
100192003	(133.89,73.7,133.14,0.1,stand01,223,0,0)*(123.64,77.22,104.89,0.1,stand01,39,0,0)	0	0,0	3	N10019203	N10019203	0	0	0	0
100193001	(99.46,77,99.44,1,stand01,131,0,0)*(99.78,76.96,83.73,1,stand02,0,0,1)	0	0,0	3	N10019301	N10019302	0	1	0	0
100193002	(99.78,76.96,83.73,3,stand02,0,0,1)*(103.98,76.96,80.06,3,stand02,82,0,1)*(104.3,76.96,77.71,3,stand02,64,0,1)*(101.69,76.96,79.34,3,stand02,64,0,1)*(100.4,76.96,88.76,3,stand02,85,0,1)	0	0,0	1	N10019301	N10019302	0	1	0	0
100193003	(99.78,76.96,83.73,1,stand02,0,0,1)*(99.46,77,99.44,1,stand01,274,0,0)	0	0,0	1	N10019301	N10019302	0	1	0	0
100149001	(87.62,78.07,140.76,0,stand01,278,0,0)	0	1,20000040	2	N100149001	N100149001	(6,20000035,N100149002)*(8,20000035,0)*(5,M00000000,20000034)	1	0	0
360003001	(125.33,77.39,118.80,0,stand02,96,0,0)	0	0,0	2	N360003601	N360003601	0	1	0	0
100300001	(120.82,77.12,121.32,0,stand02,0,0,0)	0	0,0	2	N100300001	N100300001	0	1	0	0
360010001	(122.72,75.08,130.74,0,stand02,288,0,0)	0	0,0	2	N360010601	N360010601	0	1	0	0
300112001	(131.24,75.25,123.32,0,stand02,182,0,0)	0	0,0	2	N300112601	N300112601	0	1	0	0
360004001	(134.97,74.66,122.62,0,stand02,249,0,0)	0	0,0	2	N360004601	N360004601	0	1	0	0
100181001	(71.67,80.94,145.88,0.1,stand01,117,0,0)*(108.57,77.15,119.95,0.1,stand01,156,0,0)*(111.26,74.19,69.13,1,stand01,158,0,0)	0	0,0	3	N100181001	N100181001	0	1	0	0
100181002	(111.26,74.19,69.13,0.1,stand01,357,0,0)*(112.84,77.19,118.08,0.1,stand01,329,0,0)*(71.7,80.94,146.01,1,stand01,291,0,0)	0	0,0	3	N100181001	N100181001	0	1	0	0
300018001	(178.82,57.58,5.1,3,stand01,0,0,0)*(109.35,77.19,123.41,170,stand01,352,110113,0)*(110.74,74.14,68.81,1,stand01,188,0,0)	0	0,0	3	N300018602	N300018602	0	1	0	0
300018002	(110.4,74.14,68.81,1,stand01,5,0,0)*(106.3,76.95,84.92,70,stand01,278,110114,0)*(100.63,77.199,106.25,1,stand01,0,0,0)	0	0,0	3	N300018603	N300018603	0	1	0	0