#iNpcID	sCoordinate	iNpcType	sSCondition	iMovieType	sDialogueQID	sMobileQID	sSpecialSet	iTalkSteer	iStoreID	iMaxTalk
100125001	(-1252.27,41.86,16.26,0,stand01,54,0,0)	0	0,0	2	N100125901	N100125901	0	0	0	0
100245001	(-1247.27,41.57,20.05,90,stand01,349,0,0)*(-1248.87,41.62,15.69,90,stand01,181,0,0)	0	0,0	1	N100245901	N100245901	0	0	0	0
100246001	(-1249.27,41.87,11.97,0,stand01,32,0,0)	0	0,0	2	N100246901	N100246901	0	0	0	0
100246011	(-1254.04,41.87,15.18,0,stand01,33,0,0)	0	0,0	2	N100246901	N100246901	0	0	0	0
100246021	(193.56,102.13,157.62,0,stand01,0,0,0)	0	0,0	2	N100246911	N100246911	0	0	0	0
100246031	(193.54,102.13,163.15,0,stand01,178,0,0)	0	0,0	2	N100246911	N100246911	0	0	0	0
100246041	(168.29,102.13,158.84,0,stand01,0,0,0)	0	0,0	2	N100246921	N100246921	0	0	0	0
100246051	(168.27,102.13,161.76,0,stand01,179,0,0)	0	0,0	2	N100246921	N100246921	0	0	0	0
100246061	(160.23,94.01,196.09,3,stand01,258,393401,0)*(164.22,94.01,194.06,0.1,stand01,77,0,0)*(170.13,94.26,195.26,0.1,stand01,100,0,0)*(191.21,99.91,179.55,0.1,stand01,186,0,0)*(191.03,102.13,162.71,30,stand01,111,393403,0)*(191.27,102.13,149.66,0.1,stand01,183,0,0)*(190.1,103.99,136.7,30,stand01,229,0,0)*(178.98,104.62,137.58,0.1,stand01,251,0,0)*(167.39,110.69,134.5,0.1,stand01,224,0,0)*(163.5,113.54,126.4,0.1,stand01,223,0,0)*(148.5,119.97,118.67,0.1,stand01,203,0,0)*(147.12,119.96,114.11,30,stand01,150,393401,0)*(139.38,119.95,118.63,30,stand01,256,393401,0)*(147.67,119.94,120.75,0.1,stand01,68,0,0)*(159.19,113.65,123.88,0.1,stand01,70,0,0)*(164.01,113.51,126.47,0.1,stand01,0,0,0)*(165.59,110.74,132.84,0.1,stand01,38,0,0)*(177.66,104.71,137.81,0.1,stand01,70,0,0)*(187.91,103.99,138.6,0.1,stand01,47,0,0)*(190.55,103.97,145.29,0.1,stand01,0,0,0)*(189.59,102.13,151.78,0.1,stand01,308,0,0)*(181.19,102.13,158.19,0.1,stand01,314,393402,0)*(190.32,102.13,170.25,0.1,stand01,0,0,0)*(190.2,99.73,180.38,0.1,stand01,337,0,0)*(185.5,98.2,189.44,0.1,stand01,321,0,0)*(169.56,94.02,197.16,0.1,stand01,314,0,0)*(162.05,94.01,198.12,0.1,stand01,240,0,0)	0	0,0	4	N100246931	N100246931	0	0	0	0
100246101	(175.3,102.13,162.87,0,stand01,88,393404,0)	0	0,0	2	N100246941	N100246941	0	0	0	0
100246111	(178.02,102.13,165.32,3,idle01,269,0,0)*(178.02,102.13,165.32,1,skill01,269,0,0)	0	0,0	2	N100246951	N100246951	0	0	0	0
100246121	(178.09,102.13,162.94,3,idle01,269,0,0)*(178.09,102.13,162.94,1,skill01,269,0,0)	0	0,0	2	N100246951	N100246951	0	0	0	0
100246131	(178.16,102.13,160.35,3,idle01,269,0,0)*(178.16,102.13,160.35,1,skill01,269,0,0)	0	0,0	2	N100246951	N100246951	0	0	0	0
100246141	(180.75,102.13,160.42,3,idle01,269,0,0)*(180.75,102.13,160.42,1,skill01,269,0,0)	0	0,0	2	N100246951	N100246951	0	0	0	0
100246151	(180.68,102.13,163.01,3,idle01,269,0,0)*(180.68,102.13,163.01,1,skill01,269,0,0)	0	0,0	2	N100246951	N100246951	0	0	0	0
100246161	(180.61,102.13,165.39,3,idle01,269,0,0)*(180.61,102.13,165.39,1,skill01,269,0,0)	0	0,0	2	N100246951	N100246951	0	0	0	0