#iNpcID	sCoordinate	iNpcType	sSCondition	iMovieType	sDialogueQID	sMobileQID	sSpecialSet	iTalkSteer	iStoreID	iMaxTalk
100041001	(158.76,78.16,70.61,29,stand01,273,0,0)*(157.53,78.16,75.9,17,stand01,272,0,0)*(157.24,78.16,67.29,17,stand01,272,0,0)	0	0,0	4	N100041001	N100041001	0	0	0	0
100042021	(151.98,78.16,58.84,1,idle01,181,0,0)*(151.98,78.16,58.84,3,skill01,181,0,0)	0	0,0	2	N100042102	N100042102	0	0	0	0
100042031	(150.22,78.16,58.86,1,idle01,181,0,0)*(150.22,78.16,58.86,3,skill01,181,0,0)	0	0,0	2	N100042103	N100042103	0	0	0	0
100042041	(148.17,78.16,58.88,1,idle01,181,0,0)*(148.17,78.16,58.88,3,skill01,181,0,0)	0	0,0	2	N100042104	N100042104	0	0	0	0
100042051	(146.26,78.16,58.89,1,idle01,181,0,0)*(146.26,78.16,58.89,3,skill01,181,0,0)	0	0,0	2	N100042105	N100042105	0	0	0	0
100042121	(155.13,78.16,64.25,2,idle01,0,0,0)*(155.13,78.16,64.25,3,skill01,0,0,0)	0	0,0	2	N100042106	N100042106	0	0	0	0
100042131	(155.13,78.16,66.57,2,idle01,180,0,0)*(155.13,78.16,66.57,3,skill01,180,0,0)	0	0,0	2	N100042106	N100042106	0	0	0	0
100042141	(152.39,78.16,64.25,2,idle01,0,0,0)*(152.39,78.16,64.25,3,skill01,0,0,0)	0	0,0	2	N100042106	N100042106	0	0	0	0
100042151	(152.39,78.16,66.57,2,idle01,180,0,0)*(152.39,78.16,66.57,3,skill01,180,0,0)	0	0,0	2	N100042106	N100042106	0	0	0	0
100042161	(149.6,78.16,64.25,2,idle01,0,0,0)*(149.6,78.16,64.25,3,skill01,0,0,0)	0	0,0	2	N100042106	N100042106	0	0	0	0
100042171	(149.6,78.16,66.57,2,idle01,180,0,0)*(149.6,78.16,66.57,3,skill01,180,0,0)	0	0,0	2	N100042106	N100042106	0	0	0	0
100042241	(155.13,78.16,74.45,2,idle01,0,0,0)*(155.13,78.16,74.45,3,skill01,0,0,0)	0	0,0	2	N100042106	N100042106	0	0	0	0
100042251	(155.13,78.16,76.78,2,idle01,180,0,0)*(155.13,78.16,76.78,3,skill01,180,0,0)	0	0,0	2	N100042106	N100042106	0	0	0	0
100042261	(152.39,78.16,74.45,2,idle01,0,0,0)*(152.39,78.16,74.45,3,skill01,0,0,0)	0	0,0	2	N100042106	N100042106	0	0	0	0
100042271	(152.39,78.16,76.78,2,idle01,180,0,0)*(152.39,78.16,76.78,3,skill01,180,0,0)	0	0,0	2	N100042106	N100042106	0	0	0	0
100042281	(149.6,78.16,74.45,2,idle01,0,0,0)*(149.6,78.16,74.45,3,skill01,0,0,0)	0	0,0	2	N100042106	N100042106	0	0	0	0
100042291	(149.6,78.16,76.78,2,idle01,180,0,0)*(149.6,78.16,76.78,3,skill01,180,0,0)	0	0,0	2	N100042106	N100042106	0	0	0	0
100042301	(111.58,84.56,113.03,19,stand01,306,0,0)*(113.14,84.56,110.59,23,stand01,109,0,0)*(113.33,84.56,112.95,39,stand01,72,0,0)	0	0,0	4	N100038001	N100038001	0	0	0	0