#iNpcID	sConduct	iTime
300225001	(0,0,LY_fisherman,300225001)	0
300240001	(7,9,LY_ironman2@stand01,300240001)*(11,13,LY_ironman2@stand01,300240001)*(15,17,LY_ironman2@stand01,300240001)	1
310001001	(0,0,LZ_people01,310001001)	0
310001011	(0,0,LZ_people01,310001011)	0
310002001	(0,0,LZ_people02,310002001)	0
310003001	(0,0,LZ_people03,310003001)	0
310004001	(0,0,LZ_people04,310004001)	0
310004011	(0,0,LZ_people04,310004011)	0
310005001	(0,0,LZ_people05,310005001)	0
310006001	(0,0,LZ_people06,310006001)	0
310006011	(0,0,LZ_people06,310006011)	0
310006021	(0,0,LZ_people06,310006021)	0
310006031	(0,0,LZ_people06,310006031)	0
310006041	(0,0,LZ_people06,310006041)	0
310007001	(0,0,LZ_people07,310007001)	0
310007011	(0,0,LZ_people07,310007011)	0
310007021	(0,0,LZ_people07,310007021)	0
310007031	(0,0,LZ_people07,310007031)	0
310008001	(0,0,LZ_people08,310008001)	0
310008011	(0,0,LZ_people08,310008011)	0
310008021	(0,0,LZ_people08,310008021)	0
310008031	(0,0,LZ_people08,310008031)	0
310008041	(0,0,LZ_people08,310008041)	0
310009001	(0,0,LZ_people09,310009001)	0
310009011	(0,0,LZ_people09,310009011)	0
310009021	(0,0,LZ_people09,310009021)	0
310010001	(0,0,LY_chief,310010001)	0
360005001	(0,0,LZ_people04,360005001)	0
100036001	(0,0,WD_Gushi@action03,100036001)	0