#iNpcID	sConduct	iTime
100066001	(0,0,Guanfu_shiyi,100066001)	0
100111001	(0,0,Robber_Heifon_Patorl,100111001)	0
100111002	(0,0,Robber_Heifon_Patorl02,100111002)	0
100109001	(0,0,Robber_black,100109001)	0
100110001	(0,0,Robber_white,100110001)	0
100111003	(0,0,Robber_horse,100111003)	0
100111004	(0,0,Robber_horse,100111004)	0
100107001	(0,0,Robber_big,100107001)	0
100108001	(0,0,Robber_small,100108001)	0
100111005	(0,0,Robber_Heifon,100111005)	0
100111006	(0,0,Robber_Heifon,100111006)	0
100111007	(0,0,Robber_Heifon,100111007)	0
100111008	(0,0,Robber_Heifon,100111008)	0
100111009	(0,0,Robber_Heifon,100111009)	0