#iNpcID	sConduct	iTime
100002001	(0,0,TL_sky,100002001)	0
100007001	(0,0,TL_naluo,100007001)	0
100008001	(0,0,TL_bitch,100008001)	0
100153001	(0,0,LY_joker,100153001)	0
100415001	(0,0,TL_tlpupil,100415001)	0
100415010	(0,0,TL_tlpupil,100415010)	0
100415020	(0,0,TL_tlpupil,100415020)	0
100415030	(0,0,TL_tlpupil,100415030)	0
100033001	(0,0,wyg_poison,100033001)	0
100415050	(0,0,TL_tlpupil,100415050)	0
100415060	(0,0,TL_tlpupil,100415060)	0
100098001	(0,0,Gb_Xiaoyao,100098001)	0
100299001	(0,0,CC_yen,100299001)	0