#iNpcID	sConduct	iTime
100049001	(0,0,SL_Pupil,100049001)	0
100049011	(7,9,SL_Pupil,100049011)*(10,12,SL_Pupil,100049011)*(13,15,SL_Pupil,100049011)*(16,18,SL_Pupil,100049011)	1
100049021	(0,0,SL_Pupil,100049021)	0
100049031	(0,0,SL_Pupil,100049031)	0
100049041	(0,0,SL_Pupil,100049041)	0
100049051	(0,0,SL_Pupil,100049051)	0
100050011	(0,0,SL_Pupil02,100050011)	0
100050021	(0,0,SL_Pupil02,100050021)	0
100050031	(0,0,SL_Pupil02,100050031)	0
100050041	(0,0,SL_Pupil02,100050041)	0
100050051	(0,0,SL_Pupil02,100050051)	0
100050051	(0,0,SL_Pupil02,100050051)	0
100052001	(0,0,Golden18_staff,100052001)	0
100052011	(0,0,Golden18_staff,100052011)	0
100052021	(0,0,Golden18_staff,100052021)	0
100052031	(0,0,Golden18_staff,100052031)	0
100052041	(0,0,Golden18_staff,100052041)	0
100052051	(0,0,Golden18_staff,100052051)	0
100052061	(0,0,Golden18_staff,100052061)	0
100052071	(0,0,Golden18_staff,100052071)	0
100052081	(0,0,Golden18_staff,100052081)	0
100053001	(0,0,Golden18_cuff,100053001)	0
100053011	(0,0,Golden18_cuff,100053011)	0
100053021	(0,0,Golden18_cuff,100053021)	0
100053031	(0,0,Golden18_cuff,100053031)	0
100053041	(0,0,Golden18_cuff,100053041)	0
100053051	(0,0,Golden18_cuff,100053051)	0
100053061	(0,0,Golden18_cuff,100053061)	0
100053071	(0,0,Golden18_cuff,100053071)	0
100053081	(0,0,Golden18_cuff,100053081)	0
100138001	(0,0,Etc_monk,100138001)	0
100138011	(0,0,Etc_monk,100138011)	0
100138021	(0,0,Etc_monk,100138021)	0