#iNpcID	sConduct	iTime
100122001	(0,0,CC_purple,100122001)	0
100124001	(0,0,CC_pupil,100124001)	0
100124011	(0,0,CC_pupil,100124011)	0
100124021	(0,0,CC_pupil,100124021)	0
100124031	(0,0,CC_pupil,100124031)	0
100124041	(0,0,CC_pupil,100124041)	0
100124051	(0,0,CC_pupil,100124051)	0
100124061	(0,0,CC_pupil,100124061)	0
100124071	(0,0,CC_pupil,100124071)	0
100124081	(0,0,CC_pupil,100124081)	0
100124091	(0,0,CC_pupil,100124091)	0
100124101	(8,9,CC_pupil,100124101)*(10,11,CC_pupil,100124102)*(12,13,CC_pupil,100124101)*(14,15,CC_pupil,100124102)*(16,17,CC_pupil,100124101)*(18,19,CC_pupil,100124102)*(20,21,CC_pupil,100124101)*(22,23,CC_pupil,100124102)	1
100124111	(0,0,CC_pupil,100124111)	0
100124121	(7,8,CC_pupil,100124121)*(9,10,CC_pupil,100124122)*(11,12,CC_pupil,100124121)*(13,14,CC_pupil,100124122)*(15,16,CC_pupil,100124121)*(17,18,CC_pupil,100124122)*(19,20,CC_pupil,100124121)*(21,22,CC_pupil,100124122)	1