#iNpcID	sConduct	iTime
100154001	(0,0,LY_horseman,100154001)	0
100161001	(0,0,LY_waiter,100161001)	0
100169001	(0,0,LY_customer01,100169001)	0
100170001	(0,0,LY_customer02,100170001)	0
100172001	(0,0,LY_customer04,100172001)	0
100177001	(7,8,LY_people05_2@stand01,100177001)*(11,12,LY_people05_2@stand01,100177001)*(13,14,LY_people05_2@stand01,100177001)*(15,16,LY_people05_2@stand01,100177001)*(17,18,LY_people05_2@stand01,100177001)	1
100201001	(8,17,LY_scholar,100201001)*(17,18,LY_scholar,100201003)	1
100203001	(8,18.63,LY_tonbohu,100203001)*(18.63,21,LY_tonbohu,100203002)	1
100208001	(0,0,HZ_bitch01,100208001)	0
100209001	(0,0,HZ_bitch02,100209001)	0
100210001	(7,8,HZ_bitch03,100210001)*(9,10,HZ_bitch03,100210002)*(11,12,HZ_bitch03,100210001)*(13,14,HZ_bitch03,100210002)*(15,16,HZ_bitch03,100210001)*(17,18,HZ_bitch03,100210002)*(19,20,HZ_bitch03,100210001)*(21,22,HZ_bitch03,100210002)	1
100211001	(0,0,HZ_bitch04,100211001)	0
100213001	(0,0,HZ_bitch06,100213001)	0
100214001	(0,0,HZ_bitch07,100214001)	0
100218001	(0,0,HZ_piaoke01,100218001)	0
100225001	(0,0,LY_police,100225001)	0
100230001	(0,0,Guanfu_pupil,100230001)	0
100232001	(0,0,LY_waiter,100232001)	0
100232011	(0,0,LY_waiter,100232011)	0
110005001	(0,0,DK_man06,110005001)	0
300001001	(15.2,15.7,HZ_people01,300001001)*(16,16.5,HZ_people01,300001001)*(16.8,17.3,HZ_people01,300001003)	1
300002001	(14.5,15.91,HZ_people02,300002001)*(15.91,21,HZ_people02,300002002)*(0,0,HZ_people02,300002003)	1
300003001	(14.5,15.81,HZ_people03,300003001)*(15.81,21,HZ_people03,300003002)*(0,0,HZ_people03,300003003)	1
300004001	(14.5,16.01,HZ_people04,300004001)*(16.01,21,HZ_people04,300004002)*(0,0,HZ_people04,300004003)	1
300005001	(14.5,15.71,HZ_people05,300005001)*(15.71,21,HZ_people05,300005002)*(0,0,HZ_people05,300005003)	1
300006001	(15.2,17.5,HZ_people06,300006001)*(17.5,21,HZ_people06,300006002)	1
300009001	(17.5,18,HZ_people09,300009001)*(18.3,18.8,HZ_people09,300009001)*(19.1,19.6,HZ_people09,300009001)	1
300010001	(17,17.5,HZ_people10,300010001)*(17.8,18.3,HZ_people10,300010001)*(18.6,19.1,HZ_people10,300010001)	1
300011001	(16,18.5,HZ_people11,300011001)*(18.5,21,HZ_people11,300011002)	1
300013001	(17.3,17.8,HZ_people13,300013001)*(17.8,21,HZ_people13,300013002)	1
300014001	(15.5,15.8,HZ_people14,300014001)*(15.8,21,HZ_people14,300014002)	1
300015001	(15,16,HZ_piaoke01,300015001)*(16,21,HZ_piaoke01,300015002)	1
300016001	(16.7,18.23,HZ_piaoke02,300016001)*(18.23,21,HZ_piaoke02,300016002)	1
300019001	(8,16.3,HZ_child02,300019001)*(16.3,21,HZ_child02,300019002)	1
300020001	(15.86,17.5,HZ_people02,300020001)*(17.5,21,HZ_people02,300020002)	1
300021001	(8,16.2,HZ_word,300021001)*(16.2,21,HZ_word,300021002)	1
300022001	(15.2,16.1,LY_client,300022001)*(16.1,21,LY_client,300022002)	1
300023001	(17.5,18.6,LY_people03,300023001)*(18.6,21,LY_people03,300023002)	1
300024001	(14.8,17.5,LY_people04,300024001)*(17.5,21,LY_people04,300024002)	1
300025001	(8,18,LY_people10,300025001)*(18,21,LY_people10,300025002)	1
300027001	(13,17.5,Etc_Shark2,300027001)*(17.5,21,Etc_Shark2,300027002)	1
300028001	(14.5,19,Etc_Shark2,300028001)*(19,21,Etc_Shark2,300028002)	1
300029001	(14,14.5,BG_pupil,300029001)*(14.8,15.3,BG_pupil,300029001)*(15.6,16.1,BG_pupil,300029001)	1
300030001	(13,18.6,HZ_bitch04,300030001)*(18.6,21,HZ_bitch04,300030002)	1
300031001	(13,18.6,HZ_bitch05,300031001)*(18.6,21,HZ_bitch05,300031002)	1
300032001	(14.7,15.2,HZ_child01,300032001)*(15.2,21,HZ_child01,300032002)	1
300033001	(15.2,15.7,HZ_people06,300033001)*(16,16.5,HZ_people06,300033001)*(16.8,17.3,HZ_people06,300033001)	1
300034001	(15.2,15.8,HZ_people07,300034001)*(15.8,21,HZ_people07,300034002)	1
300037001	(8,15.5,LY_doubtboss,300037001)*(15.5,21,LY_doubtboss,300037002)	1
300038001	(18,18.5,LY_huaan,300038001)*(18.8,19.3,LY_huaan,300038001)*(19.6,20.1,LY_huaan,300038001)	1
300039001	(15.2,16.5,LY_people02,300039001)*(16.5,21,LY_people02,300039002)	1
300041001	(15.2,16.8,LY_people08,300041001)*(16.8,21,LY_people08,300041002)	1
300042001	(14.8,15.3,LY_people09,300042001)*(15.6,16.1,LY_people09,300042001)*(16.4,16.9,LY_people09,300042001)	1
300043001	(15.2,16.9,LY_people10,300043001)*(16.9,21,LY_people10,300043002)	1
300044001	(14.11,14.61,LY_people11,300044001)*(14.91,15.41,LY_people11,300044001)*(15.71,16.21,LY_people11,300044001)	1
300045001	(15.2,17,LY_vseller,300045001)*(17,21,LY_vseller,300045002)	1
300046001	(8,15.5,CD_foodseller,300046001)*(15.5,21,CD_foodseller,300046002)	1
300047001	(8,18.6,DK_man02,300047001)*(18.6,21,DK_man02,300047002)	1
300048001	(8,18.6,DK_man05,300048001)*(18.6,21,DK_man05,300048002)	1
300049001	(15.31,15.81,DK_man06,300049001)*(16.11,16.61,DK_man06,300049001)*(16.91,17.41,DK_man06,300049001)	1
300050001	(8,17.21,DK_woman02,300050001)*(17.21,21,DK_woman02,300050002)	1
300052001	(18.52,19.3,HZ_bitch04,300052001)*(19.3,21,HZ_bitch04,300052002)	1
300053001	(17.52,18,HZ_bitch05,300053001)*(18,21,HZ_bitch05,300053002)	1
300054001	(18,20,HZ_bitch06,300054001)*(20,21,HZ_bitch06,300054002)	1
300055001	(18,20,HZ_bitch07,300055001)*(20,21,HZ_bitch07,300055002)	1
300056001	(8,16.98,HZ_child02,300056001)*(16.98,21,HZ_child02,300056002)	1
300057001	(8,16.98,HZ_child03,300057001)*(16.98,21,HZ_child03,300057002)	1
300058001	(15,15.5,HZ_child04,300058001)*(15.8,16.3,HZ_child04,300058001)*(16.6,17.1,HZ_child04,300058001)	1
300059001	(17.5,18,HZ_child04,300059001)*(18.3,18.8,HZ_child04,300059001)*(19.1,19.6,HZ_child04,300059001)	1
300060001	(14,14.5,HZ_people01,300060001)*(14.8,15.3,HZ_people01,300060001)*(15.6,16.1,HZ_people01,300060001)	1
300063001	(16.2,16.7,HZ_people14,300063001)*(17,17.5,HZ_people14,300063001)*(17.8,18.3,HZ_people14,300063001)	1
300064001	(16.8,17.3,HZ_people14,300064001)*(17.6,18.1,HZ_people14,300064001)*(18.4,18.9,HZ_people14,300064001)	1
300065001	(16.5,17,HZ_piaoke01,300065001)*(17.3,17.8,HZ_piaoke01,300065001)*(18.1,18.6,HZ_piaoke01,300065001)	1
300066001	(15.2,15.7,HZ_piaoke03,300066001)*(16,16.5,HZ_piaoke03,300066001)*(16.8,17.3,HZ_piaoke03,300066001)	1
300067001	(15.7,16.2,HZ_piaoke05,300067001)*(16.5,17,HZ_piaoke05,300067001)*(17.3,17.8,HZ_piaoke05,300067001)	1
300068001	(15.31,15.81,LY_child03,300068001)*(16.11,16.61,LY_child03,300068001)*(16.91,17.41,LY_child03,300068001)	1
300070001	(18.31,19,LY_customer03,300070001)*(19,21,LY_customer03,300070002)	1
300072001	(8,18.5,LY_doubt01,300072001)*(18.5,21,LY_doubt01,300072002)	1
300073001	(8,18.5,LY_doubt03,300073001)*(18.5,21,LY_doubt03,300073002)	1
300075001	(14.8,15.3,LY_people03,300075001)*(15.6,16.1,LY_people03,300075001)*(16.4,16.9,LY_people03,300075001)	1
300078001	(15.61,16.5,LY_Stealer,300078001)*(16.5,21,LY_Stealer,300078002)	1
300081001	(14.7,15.2,BG_pupil,300081001)*(15.5,16,BG_pupil,300081001)*(16.3,16.8,BG_pupil,300081001)	1
300082001	(8,16.4,BG_pupil@action01,300082001)*(16.4,21,BG_pupil,300082002)	1
300083001	(16.56,17.06,DK_man02,300083001)*(17.36,17.86,DK_man02,300083001)*(18.16,18.66,DK_man02,300083001)	1
300085001	(17.5,18,HZ_bitch03,300085001)*(18.3,18.8,HZ_bitch03,300085001)*(19.1,19.6,HZ_bitch03,300085001)	1
300086001	(15.53,16.03,HZ_bitch06,300086001)*(16.33,16.83,HZ_bitch06,300086001)*(17.13,17.63,HZ_bitch06,300086001)	1
300087001	(16.89,17.39,HZ_bitch07,300087001)*(17.69,18.19,HZ_bitch07,300087001)*(18.49,18.99,HZ_bitch07,300087001)	1
300088001	(16.11,16.61,HZ_people01,300088001)*(16.91,17.41,HZ_people01,300088001)*(17.71,18.21,HZ_people01,300088001)	1
300089001	(15.9,16.4,HZ_people03,300089001)*(16.7,17.2,HZ_people03,300089001)*(17.5,18,HZ_people03,300089001)	1
300090001	(14.3,14.8,HZ_people05,300090001)*(15.1,15.6,HZ_people05,300090001)*(15.9,16.4,HZ_people05,300090001)	1
300091001	(16.43,16.93,HZ_people11,300091001)*(17.23,17.73,HZ_people11,300091001)*(18.03,18.53,HZ_people11,300091001)	1
300094001	(15.53,16.03,Sword_pupil,300094001)*(16.33,16.83,Sword_pupil,300094001)*(17.13,17.63,Sword_pupil,300094001)	1
300095001	(15.43,15.93,Sword_pupil,300095001)*(16.23,16.73,Sword_pupil,300095001)*(17.03,17.53,Sword_pupil,300095001)	1
300096001	(8,17.12,LY_customer01@action01,300096001)*(17.12,21,LY_customer01,300096002)	1
300097001	(8,19,LY_customer02@action01,300097001)*(19,21,LY_customer02,300097002)	1
300104001	(17,17.5,LY_fishergirl,300104001)*(17.8,18.3,LY_fishergirl,300104001)*(18.6,19.1,LY_fishergirl,300104001)	1
300108001	(14.67,15.17,LY_people12,300108001)*(15.47,15.97,LY_people12,300108001)*(16.27,16.77,LY_people12,300108001)	1
300109001	(17.9,18.4,LY_scholar,300109001)*(18.7,19.2,LY_scholar,300109001)*(19.5,20,LY_scholar,300109001)	1
300112001	(17.44,17.94,LZ_people09,300112001)*(18.24,18.74,LZ_people09,300112001)*(19.04,19.54,LZ_people09,300112001)	1
300113001	(14.2,14.7,Sword_pupil,300113001)*(15,15.5,Sword_pupil,300113001)*(15.8,16.3,Sword_pupil,300113001)	1
300114001	(13,18,HZ_word,300114001)*(18,21,HZ_word,300114002)*(0,0,HZ_word,300114003)	1
300115001	(12,18.73,HZ_destiny,300115001)*(18.73,21,HZ_destiny,300115002)	1
300117001	(8,18.9,HZ_child05,300117001)*(18.9,19,HZ_child05,300117002)	1
300119001	(0,0,BG_pupil@action01,300119001)	0
300120001	(0,0,BG_pupil@action01,300120001)	0
300121001	(8,16,Etc_Shark2,300121001)*(16,16.4,Etc_Shark2,300121002)*(16.4,20,Etc_Shark2,300121003)	1
300122001	(8,16,Etc_Shark2,300122001)*(16,16.4,Etc_Shark2,300122002)*(16.4,20,Etc_Shark2,300122003)	1
300123001	(0,0,HZ_bitch06,300123001)	0
300124001	(0,0,HZ_bitch07,300124001)	0
300125001	(8,18,HZ_fish,300125001)*(18,21,HZ_fish,300125002)	1
300126001	(8,19.5,HZ_people12,300126001)*(19.5,21,HZ_people12,300126002)	1
300127001	(8,19.5,HZ_piaoke01,300127001)*(19.5,21,HZ_piaoke01,300127002)	1
300128001	(8,18,HZ_umbrella,300128001)*(18,21,HZ_umbrella,300128002)	1
300129001	(8,17.63,KF_pupil,300129001)*(17.63,21,KF_pupil,300129002)	1
300130001	(8,17.63,KF_pupil,300130001)*(17.63,21,KF_pupil,300130002)	1
300131001	(8,17.63,KF_pupil,300131001)*(17.63,21,KF_pupil,300131002)	1
300132001	(0,0,LY_customer01@action01,300132001)	0
300133001	(0,0,LY_customer02@action01,300133001)	0
300135001	(8,18,LY_doubt03,300135001)*(18,21,LY_doubt03,300135002)	1
300136001	(8,18,LY_meatseller,300136001)*(18,21,LY_meatseller,300136002)	1
300137001	(8,18,LY_vseller,300137001)*(18,21,LY_vseller,300137002)	1
300138001	(0,0,BG_pupil@action01,300138001)	0
300139001	(0,0,DK_man02,300139001)	0
300140001	(0,0,HZ_bitch04@action02,300140001)	0
300141001	(0,0,HZ_bitch03,300141001)	0
300142001	(0,0,HZ_bitch05@action01,300142001)	0
300143001	(0,0,HZ_cloth,300143001)	0
300144001	(22.2,11,HZ_oldbitch,300144001)*(11,11.2,HZ_oldbitch,300144002)*(11.2,12,HZ_oldbitch,300144003)*(12,12.2,HZ_oldbitch,300144004)*(12.2,13,HZ_oldbitch,300144001)*(13,13.2,HZ_oldbitch,300144002)*(13.2,14,HZ_oldbitch,300144003)*(14,14.2,HZ_oldbitch,300144004)*(14.2,15,HZ_oldbitch,300144001)*(15,15.2,HZ_oldbitch,300144002)*(15.2,16,HZ_oldbitch,300144003)*(16,16.2,HZ_oldbitch,300144004)*(16.2,17,HZ_oldbitch,300144001)*(17,17.2,HZ_oldbitch,300144002)*(17.2,18,HZ_oldbitch,300144003)*(18,18.2,HZ_oldbitch,300144004)*(18.2,19,HZ_oldbitch,300144001)*(19,19.2,HZ_oldbitch,300144002)*(19.2,20,HZ_oldbitch,300144003)*(20,20.2,HZ_oldbitch,300144004)*(20.2,21,HZ_oldbitch,300144001)*(21,21.2,HZ_oldbitch,300144002)*(21.2,22,HZ_oldbitch,300144003)*(22,22.2,HZ_oldbitch,300144004)	1
300145001	(8,19,HZ_people12,300145001)*(19,8,HZ_people12,300145002)	1
300146001	(0,0,HZ_people13,300146001)	0
300147001	(0,0,HZ_people14,300147001)	0
300148001	(0,0,LY_antiques,300148001)	0
300149001	(0,0,LY_boss,300149001)	0
300150001	(8,13,LY_customer01,300150001)*(21,13,LY_customer01,300150001)	1
300151001	(8,13,LY_customer02,300151001)*(21,13,LY_customer02,300151001)	1
300153001	(0,0,LY_doubt02@action01,300153001)	0
300154001	(0,0,LY_herbboss,300154001)	0
300155001	(0,0,LY_ironman,300155001)	0
360058001	(0,0,LY_ironman,360058001)	0
300156001	(0,0,LY_pawn,300156001)	0
300157001	(0,0,LY_seller,300157001)	0
300161001	(0,0,HZ_bitch02,300161001)	0
300162001	(8,16,HZ_bitch03,300162001)*(16,21,HZ_bitch03,300162002)	1
300163001	(15,15.23,LY_people02,300163001)*(15.23,16.23,LY_people02,300163002)*(16.23,17.23,LY_people02,300163003)	1
300164001	(8,18,LY_people10,300164001)*(18,21,LY_people10,300164002)	1
300166001	(0,0,LY_tea,300166001)	0
300211001	(0,0,Guanfu_pupil,300211001)	0
300212001	(0,0,Guanfu_pupil,300212001)	0
300213001	(0,0,Guanfu_pupil,300213001)	0
300214001	(0,0,Guanfu_pupil,300214001)	0
300215001	(0,0,HZ_people02,300215001)	0
300216001	(0,0,HZ_bitch04@action01,300216001)	0
300217001	(0,0,HZ_bitch06,300217001)	0
300218001	(0,0,HZ_bitch06,300218001)	0
300219001	(0,0,HZ_bitch05@action01,300219001)	0
300220001	(0,0,HZ_bitch02,300220001)	0
300221001	(0,0,LY_doubt02,300221001)	0
300222001	(0,0,LY_doubt02,300222001)	0
300223001	(0,0,LY_doubt02,300223001)	0
300224001	(0,0,LY_doubt02,300224001)	0
300225001	(0,0,LY_fisherman,300225001)	0
300226001	(0,0,KF_pupil,300226001)	0
300227001	(11,12,KF_pupil,300227001)*(13,14,KF_pupil,300227002)*(15,16,KF_pupil,300227003)*(17,18,KF_pupil,300227001)*(19,20,KF_pupil,300227002)*(21,22,KF_pupil,300227003)	1
300228001	(11,12,KF_pupil@action02,300228001)*(13,14,KF_pupil@action02,300228002)*(15,16,KF_pupil@action02,300228003)*(17,18,KF_pupil@action02,300228001)*(19,20,KF_pupil@action02,300228002)*(21,22,KF_pupil@action02,300228003)	1
300229001	(0,0,Jiang_pupil,300229001)	0
300231001	(0,0,HZ_bitch03,300231001)	0
300232001	(0,0,HZ_bitch07,300232001)	0
300233001	(0,0,HZ_bitch01,300233001)	0
300234001	(0,0,HZ_bitch06,300234001)	0
300235001	(0,0,HZ_bitch02,300235001)	0
300236001	(0,0,HZ_oldbitch,300236001)	0
300237001	(0,0,HZ_bitch04,300237001)	0
300238001	(0,0,HZ_bitch05,300238001)	0
300239001	(0,0,HZ_maiyao,300239001)	0
300240001	(9,10,LY_ironman2@stand01,300240001)*(11,12,LY_ironman2@stand01,300240002)*(13,14,LY_ironman2@stand01,300240003)*(14,15,LY_ironman2@stand01,300240001)*(16,17,LY_ironman2@stand01,300240002)*(18,19,LY_ironman2@stand01,300240003)	1
300241001	(7,8,Guanfu_pupil,300241001)*(9,10,Guanfu_pupil,300241002)*(11,12,Guanfu_pupil,300241003)*(13,14,Guanfu_pupil,300241004)*(15,16,Guanfu_pupil,300241001)*(17,18,Guanfu_pupil,300241002)*(19,20,Guanfu_pupil,300241003)*(21,22,Guanfu_pupil,300241004)	1
300243001	(9,10,Guanfu_pupil,300243001)*(10,11,Guanfu_pupil,300243002)*(11,12,Guanfu_pupil,300243003)*(12,13,Guanfu_pupil,300243004)*(13,14,Guanfu_pupil,300243001)*(15,16,Guanfu_pupil,300243002)*(17,18,Guanfu_pupil,300243003)*(18,19,Guanfu_pupil,300243004)	1
300244001	(10,11,Guanfu_pupil,300244001)*(11,12,Guanfu_pupil,300244002)*(12,13,Guanfu_pupil,300244003)*(13,14,Guanfu_pupil,300244004)*(14,15,Guanfu_pupil,300244001)*(15,16,Guanfu_pupil,300244002)*(16,17,Guanfu_pupil,300244003)*(17,18,Guanfu_pupil,300244004)*(18,19,Guanfu_pupil,300244001)*(19,20,Guanfu_pupil,300244002)*(20,21,Guanfu_pupil,300244003)*(21,22,Guanfu_pupil,300244004)	1
300245001	(12,13,KF_pupil,300245001)*(14,15,KF_pupil,300245002)*(16,17,KF_pupil,300245003)*(18,19,KF_pupil,300245001)*(20,21,KF_pupil,300245002)*(22,23,KF_pupil,300245003)	1
300246001	(12,13,KF_pupil@action02,300246001)*(14,15,KF_pupil@action02,300246002)*(16,17,KF_pupil@action02,300246003)*(18,19,KF_pupil@action02,300246001)*(20,21,KF_pupil@action02,300246002)*(22,23,KF_pupil@action02,300246003)	1
300247001	(12.3,12.6,LY_people04,300247001)*(12.6,17.1,LY_people04,300247002)*(17.1,17.4,LY_people04,300247003)	1
300248001	(11.8,12,LY_child04,300248001)*(12,17,LY_child04,300248002)*(17,17.3,LY_child04,300248003)	1
300249001	(11.8,12.1,HZ_people08,300249001)*(12.1,17,HZ_people08,300249002)*(17.2,17.5,HZ_people08,300249003)	1
300250001	(12,12.15,LY_child02,300250001)*(12.15,17.3,LY_child02,300250002)*(17.3,17.35,LY_child02,300250003)	1
300251001	(11.8,12.1,LY_child03,300251001)*(12.1,17,LY_child03,300251002)*(17,17.3,LY_child03,300251003)	1
300252001	(11.7,12,HZ_child04,300252001)*(12,17,HZ_child04,300252002)*(17,17.3,HZ_child04,300252003)	1
300253001	(11,15,LY_xian,300253001)	1
100234001	(9,11,LY_people12,100234001)*(11,13,LY_people12,100234002)*(13,15,LY_people12,100234001)*(15,17,LY_people12,100234002)	1
300046011	(0,0,CD_foodseller,300046011)	0
300048011	(0,0,DK_man05,300048011)	0
300048021	(0,0,DK_man05,300048021)	0
100285001	(7,15,LY_fishergirl,100285001)*(15,16,LY_fishergirl,100285001)	1
100252001	(0,0,LY_Ren,100252001)	0
100195001	(0,0,LY_doubt01,100195001)	0
100197001	(0,0,LY_doubt03,100197001)	0
100257001	(0,0,LY_doubt05,100257001)	0
300037011	(0,0,LY_doubtboss,300037011)	0
100279001	(0,0,LY_fisher,100279001)	0
310012001	(0,0,DK_woman02,310012001)	0
100180001	(0,0,LY_people08,100180001)	0
300283001	(0,0,DK_man06,300283001)	0
300284001	(0,0,CD_foodseller,300284001)	0
300285001	(0,0,HZ_people06,300285001)	0
300286001	(0,0,DK_man01,300286001)	0
100297001	(0,0,KF_ruxiulin,100297001)	0