#iNpcID	sConduct	iTime
100130	(0,0,TL_Pupil,100130001)	0
100050	(0,0,SL_pupil02,100050001)	0
100130	(0,0,TL_Pupil,100130002)	0
100130	(0,0,TL_Pupil,100130003)	0
100130	(0,0,TL_Pupil,100130004)	0
100274	(0,0,SL_wdien,100274001)	0
100050	(0,0,SL_pupil02,100050002)	0
100130	(0,0,TL_Pupil,100130005)	0
100049	(0,0,SL_pupil,100049001)	0
100050	(0,0,SL_pupil02,100050003)	0
100126	(0,0,TL_eat,100126001)	0
100127	(0,0,TL_drink,100127001)	0
100128	(0,0,TL_sex,100128001)	0
100129	(0,0,TL_gamble,100129001)	0
100011	(0,0,TL_ghost,100011001)	0
100010	(0,0,TL_mohu,100010001)	0
100044	(0,0,SL_master01,100044001)	0
100045	(0,0,SL_wuse,100045001)	0
100046	(0,0,SL_wuhei,100046001)	0
100109	(0,0,Robber_black,100109001)	0
100110	(0,0,Robber_white,100110001)	0
100053	(0,0,Golden18_cuff,100053001)	0
100053	(0,0,Golden18_cuff,100053002)	0
100051	(0,0,Golden18_blade,100051001)	0
100051	(0,0,Golden18_blade,100051002)	0
100130	(0,0,TL_Pupil,100130006)	0
100130	(0,0,TL_Pupil,100130007)	0
100130	(0,0,TL_Pupil,100130008)	0
100130	(0,0,TL_Pupil,100130009)	0
100130	(0,0,TL_Pupil,100130010)	0
100130	(0,0,TL_Pupil,100130011)	0
100130	(0,0,TL_Pupil,100130012)	0
100050	(0,0,SL_pupil02,100050004)	0
100050	(0,0,SL_pupil02,100050005)	0
100050	(0,0,SL_pupil02,100050006)	0
100050021	(0,0,SL_Pupil02,100050021)	0
100050031	(0,0,SL_Pupil02,100050031)	0