#iNpcID	sConduct	iTime
100095001	(0,0,Weapon_pupil,100095001)	0
360024001	(0,0,LY_ironman,360024001)	0
360058001	(0,0,LY_ironman,360058001)	0
100093001	(0,0,Weapon_master,100093001)	0
100095011	(0,0,Weapon_pupil,100095011)	0
100095021	(0,0,Weapon_pupil,100095021)	0
100095031	(0,0,Weapon_pupil,100095031)	0
100095041	(0,0,Weapon_pupil,100095041)	0
100095161	(0,0,Weapon_pupil,100095161)	0
100193001	(0,0,LY_flowerman,100193001)	0
360019001	(0,0,Weapon_pupil,360019001)	0
100095171	(0,0,Weapon_pupil,100095171)	0
100095181	(0,0,Weapon_pupil,100095181)	0
360121001	(0,0,HZ_bitch04,360121001)	0
360121011	(0,0,HZ_bitch04,360121011)	0
360121021	(0,0,HZ_bitch04,360121021)	0
360121051	(9,10,HZ_bitch04,360121051)*(12,13,HZ_bitch04,360121052)*(15,16,HZ_bitch04,360121051)*(18,19,HZ_bitch04,360121052)*(21,22,HZ_bitch04,360121051)	1
100094001	(0,0,Weapon_nan,100094001)	0
100095191	(0,0,Weapon_pupil_c,100095191)	0
100095201	(0,0,Weapon_pupil,100095201)	0
100095211	(0,0,Weapon_pupil,100095211)	0
100095221	(0,0,Weapon_pupil,100095221)	0
100095231	(0,0,Weapon_pupil,100095231)	0
100095241	(0,0,Weapon_pupil,100095241)	0
100095251	(0,0,Weapon_pupil,100095251)	0
100095261	(0,0,Weapon_pupil,100095261)	0
100095271	(0,0,Weapon_pupil,100095271)	0
910004001	(0,0,CROCODILE,910004001)	0