#iNpcID	sConduct	iTime
100125001	(0,0,WS_Cao,100125001)	0
100245001	(0,0,WS_master,100245001)	0
100246001	(0,0,WS_pupil1,100246001)	0
100246011	(0,0,WS_pupil1,100246011)	0
100246021	(0,0,WS_pupil1,100246021)	0
100246031	(0,0,WS_pupil1,100246031)	0
100246041	(0,0,WS_pupil1,100246041)	0
100246051	(0,0,WS_pupil1,100246051)	0
100246061	(0,0,WS_pupil1,100246061)	0
100246101	(0,0,WS_pupil1,100246101)	0
100246111	(0,0,WS_pupil1,100246111)	0
100246121	(0,0,WS_pupil1,100246121)	0
100246131	(0,0,WS_pupil1,100246131)	0
100246141	(0,0,WS_pupil1,100246141)	0
100246151	(0,0,WS_pupil1,100246151)	0
100246161	(0,0,WS_pupil1,100246161)	0