#iNpcID	sConduct	iTime
100089	(0,0,BG_sheng02,100089001)	0
100085	(0,0,Blade_Fei,100085001)	0
100123	(0,0,CC_green,100123001)	0
100124	(0,0,CC_pupil,100124001)	0
360027	(0,0,CC_pupil,360027001)	0
360029	(0,0,CC_pupil,360029001)	0
360030	(0,0,CC_pupil,360030001)	0
100122	(0,0,CC_purple,100122001)	0
100098	(0,0,Gb_Xiaoyao,100098001)	0
100075	(0,0,Jiang_Yu,100075001)	0
100047	(0,0,SL_Wucheng,100047001)	0
100072	(0,0,Sword_Feng,100072001)	0
100094	(0,0,Weapon_nan,100094001)	0
100081	(0,0,TM_Guannan,100081001)	0
100037	(0,0,WD_Fang,100037001)	0
100128	(0,0,TL_mohu,100128001)	0