#iNpcID	sConduct	iTime
360089231	(0,0,HO_man02,360089231)	0
360100231	(0,0,HO_man06,360100231)	0
360102231	(0,0,HO_man08,360102231)	0
100057231	(0,0,Pili_red2,100057231)	0
100070001	(0,0,Pili_pupil,100070001)	0
100070011	(0,0,Pili_pupil,100070011)	0
100070021	(0,0,Pili_pupil,100070021)	0
100070031	(0,0,Pili_pupil,100070031)	0
100070041	(0,0,Pili_pupil,100070041)	0
100070051	(0,0,Pili_pupil,100070051)	0
100070061	(0,0,Pili_pupil,100070061)	0
100070101	(0,0,Pili_pupil,100070101)	0
100070111	(0,0,Pili_pupil,100070111)	0
100070121	(0,0,Pili_pupil,100070121)	0
100070131	(0,0,Pili_pupil,100070131)	0
100070141	(0,0,Pili_pupil,100070141)	0
100070201	(0,0,Pili_pupil,100070201)	0
100070211	(0,0,Pili_pupil,100070211)	0
100070221	(0,0,Pili_pupil,100070221)	0
100070231	(0,0,Pili_pupil,100070231)	0
100070241	(0,0,Pili_pupil,100070241)	0