#iNpcID	sConduct	iTime
100057001	(0,0,Pili_red2,100057001)	0
100033001	(0,0,Wyg_Poison,100033001)	0
127000001	(0,0,Rogue04,127000001)	0
127000002	(0,0,HO_child01,127000002)	0
127000003	(0,0,HO_man01,127000003)	0
127000004	(0,0,HO_man02,127000004)	0
127000005	(0,0,Rogue02,127000005)	0
127000006	(0,0,HZ_people10,127000006)	0
127000007	(0,0,HZ_people05,127000007)	0
127000008	(0,0,WD_papa,127000008)	0
127000009	(0,0,HO_man03,127000009)	0
127000010	(0,0,HO_man01,127000010)	0
127000011	(0,0,Weapon_pupil,127000011)	0
127000012	(0,0,HO_man04,127000012)	0
130001001	(0,0,HO_child01,130001001)	0
130002001	(0,0,HO_man01,130002001)	0
130003001	(0,0,HO_man02,130003001)	0
130004001	(0.0,HO_man03,130004001)	0
130005001	(0,0,HO_man04,130005002)	0
130006001	(0,0,HO_man05,130006002)	0
130007001	(0,0,HO_man06,130007002)	0
130008001	(0,0,HO_man07,130008001)	0
130009001	(0,0,HO_man08,130009001)	0
130010001	(0,0,HO_oldman01,130010002)	0
130011001	(0,0,HO_soldier,130011001)	0
130011011	(0,0,HO_soldier,130011011)	0
130011021	(11.1,13,HO_soldier,130011021)*(19.1,21,HO_soldier,130011021)	1
130012001	(5,6,HO_tourist01,130012001)*(7,8,HO_tourist01,130012001)*(9,10,HO_tourist01,130012001)*(11,12,HO_tourist01,130012001)*(13,14,HO_tourist01,130012001)*(15,16,HO_tourist01,130012001)*(17,18,HO_tourist01,130012001)*(20,21,HO_tourist01,130012001)	1
130013001	(6.9,7.2,HO_woman01,130013001)*(8.1,9.1,HO_woman01,130013002)*(10.1,11.1,HO_woman01,130013001)*(13.1,14.1,HO_woman01,130013002)*(16.1,17.1,HO_woman01,130013001)*(19.1,20.1,HO_woman01,130013002)	1
130014001	(6.1,8,HO_woman02,130014001)*(10.1,13,HO_woman02,130014001)*(15.1,17,HO_woman02,130014001)	1
130015001	(9.8,10,HO_woman03,130015001)*(10,16.5,HO_woman03,130015002)*(16.4,18,HO_woman03,130015003)	1
130016001	(16.4,16.5,HO_woman04,130016001)*(10,16.5,HO_woman04,130016002)*(16.5,17,HO_woman04,130016003)*(18.2,19,HO_woman04,130016004)	1
130017001	(5.2,5.4,HO_woman05,130017001)*(5.4,18.1,HO_woman05,130017002)*(18.1,18.3,HO_woman05,130017003)	1
130018001	(5.1,5.2,HO_woman05,130018001)*(5.2,18,HO_woman05,130018002)*(18,18.1,HO_woman05,130018003)	1
990053001	(5.1,5.2,rain,990053001)	0
100091001	(0,0,TS_Yang,100091001)	0