#iNpcID	sConduct	iTime
100056002	(0,0,Hunter_ziwen_bow,100056002)	0
100080001	(0,0,TM_master,100080001)	0
100081001	(0,0,TM_Guannan,100081001)	0
100082001	(0,0,TM_Chunhei,100082001)	0
100083001	(0,0,TM_pupil,100083001)	0
100083011	(0,0,TM_pupil,100083011)	0
100083021	(0,0,TM_pupil,100083021)	0
100084001	(0,0,Blade_master,100084001)	0
100085001	(0,0,Blade_Fei,100085001)	0
100086001	(0,0,Blade_pupil,100086001)	0
100086011	(0,0,Blade_pupil,100086011)	0
100086021	(0,0,Blade_pupil,100086021)	0
100086031	(0,0,Blade_pupil,100086031)	0
100086041	(0,0,Blade_pupil,100086041)	0
100086051	(0,0,Blade_pupil,100086051)	0
100096001	(8,16,BC_Gong,100096001)*(16,19,BC_Gong,100096002)	1
100097001	(0,0,BC_pupil,100097002)	0
100097011	(0,0,BC_pupil,100097011)	0
100097021	(0,0,BC_pupil,100097021)	0
100097031	(7.5,7.6,BC_pupil,100097031)*(7.6,18.5,BC_pupil,100097032)*(18.5,18.6,BC_pupil,100097033)	1
100097041	(7.5,7.6,BC_pupil,100097041)*(7.6,18.5,BC_pupil,100097042)*(18.5,18.6,BC_pupil,100097043)	1
100097051	(0,0,BC_pupil,100097051)	0
100097061	(0,0,BC_pupil,100097061)	0
100097101	(0,0,BC_pupil,100097101)	0
100097111	(0,0,BC_pupil,100097111)	0
100097121	(0,0,BC_pupil,100097121)	0
100097131	(0,0,BC_pupil,100097131)	0
100097141	(0,0,BC_pupil,100097141)	0
100097201	(9,10,BC_pupil,100097201)*(11,12,BC_pupil,100097201)*(13,14,BC_pupil,100097201)*(15,16,BC_pupil,100097201)*(17,18,BC_pupil,100097201)*(19,20,BC_pupil,100097201)	1
100097211	(8.5,9.5,BC_pupil,100097211)*(10.5,11.5,BC_pupil,100097211)*(12.5,13.5,BC_pupil,100097211)*(14.5,15.5,BC_pupil,100097211)*(16.5,17.5,BC_pupil,100097211)*(18.5,19.5,BC_pupil,100097211)*(20.5,21.5,BC_pupil,100097211)*(22.5,23.5,BC_pupil,100097211)	1
100134001	(0,0,Etc_hsu1@action01,100134001)	0
100135001	(0,0,Etc_hsu2,100135001)	0
100149001	(13,15.5,LY_hunter,100149001)*(15.1,18,LY_hunter,100149002)	1
100154001	(7,7.1,LY_horseman,100154001)*(7.1,19,LY_horseman,100154002)*(19,19.1,LY_horseman,100154003)	1
100155001	(0,0,LY_herbboss,100155001)	0
100157001	(0,0,LY_pawn,100157001)	0
100158001	(0,0,LY_ironman,100158001)	0
100159001	(0,0,LY_seller,100159001)	0
100160001	(7.9,8.2,LY_drawseller,100160001)*(8.2,17.8,LY_drawseller,100160002)*(17.8,18.2,LY_drawseller,100160003)	1
100162001	(0,0,LY_boss,100162001)	0
100163001	(6,6.3,LY_chief,100163001)*(6.3,18.1,LY_chief,100163002)*(18.1,18.4,LY_chief,100163003)	1
100166001	(6.3,17.85,LY_vseller,100166001)*(17.85,18.5,LY_vseller,100166002)	1
100167001	(0,0,LY_tea,100167001)	0
100168001	(7.5,17,LY_noodle,100168001)*(17,17.3,LY_noodle,100168002)	1
100169001	(8,16,LY_customer01@action01,100169001)*(16,17,LY_customer01,100169002)	1
100170001	(8,16,LY_customer02@action01,100170001)*(16,17,LY_customer02,100170002)	1
100174001	(0,0,LY_people02,100174001)	0
100177001	(13,14,LY_people05,100177001)*(14,15,LY_people05,100177002)*(16,17,LY_people05,100177001)*(17,18,LY_people05,100177002)*(18,19,LY_people05,100177001)*(19,20,LY_people05,100177002)	1
100178001	(7,14.2,LY_people06,100178001)*(14.2,16,LY_people06,100178002)	1
100180001	(7,17.1,LY_people08,100180001)*(17.1,19,LY_people08,100180002)	1
100181001	(13,14,LY_people09,100181002)*(14,15,LY_people09,100181001)*(15,16,LY_people09,100181002)*(16,17,LY_people09,100181001)*(17,18,LY_people09,100181002)*(18,19,LY_people09,100181001)*(19,20,LY_people09,100181002)	1
100182001	(7,17.2,LY_people10,100182001)*(17.2,19,LY_people10,100182002)	1
100184001	(7,15.5,LY_child01,100184001)*(15.5,17,LY_child01,100184002)	1
100185001	(9.1,9.3,LY_child02,100185002)*(9.3,15.1,LY_child02,100185001)*(15.1,15.3,LY_child02,100185003)	1
100187001	(12.9,16.2,LY_child04,100187001)*(16.2,17,LY_child04,100187002)	1
100189001	(0,0,LY_baibai,100189001)	0
100195001	(8,14,LY_doubt01@action01,100195001)*(14,15,LY_doubt01,100195002)	1
100196001	(8,15,LY_doubt02@action01,100196001)*(15,16,LY_doubt02,100196002)	1
100199001	(9,16,LY_doubt05@action01,100199001)*(16,19,LY_doubt05,100199002)	1
100204001	(0,0,CD_nian,100204001)	0
100205001	(0,0,CD_fulon,100205001)	0
100220001	(13,17,HZ_piaoke03,100220001)	1
100221001	(14.1,16,HZ_piaoke04,100221001)	1
100225001	(0,0,LY_police,100225001)	0
100225011	(7,8,LY_police,100225011)*(8,9,LY_police,100225012)*(9,10,LY_police,100225013)*(10,11,LY_police,100225011)*(11,12,LY_police,100225012)*(12,13,LY_police,100225013)*(13,14,LY_police,100225011)*(14,15,LY_police,100225012)*(15,16,LY_police,100225013)*(16,17,LY_police,100225011)*(17,18,LY_police,100225011)*(18,19,LY_police,100225012)*(19,20,LY_police,100225013)*(20,21,LY_police,100225011)*(21,22,LY_police,100225012)*(22,23,LY_police,100225013)	1
100225021	(7,8,LY_police,100225023)*(8,9,LY_police,100225021)*(9,10,LY_police,100225022)*(10,11,LY_police,100225023)*(11,12,LY_police,100225021)*(12,13,LY_police,100225022)*(13,14,LY_police,100225023)*(14,15,LY_police,100225021)*(15,16,LY_police,100225022)*(16,17,LY_police,100225023)*(17,18,LY_police,100225021)*(18,19,LY_police,100225022)*(19,20,LY_police,100225023)*(20,21,LY_police,100225021)*(21,22,LY_police,100225022)	1
100231001	(7,14.2,LY_xian,100231001)*(14.2,16,LY_xian,100231002)	1
100232001	(7,8,LY_waiter,100232001)*(8,9,LY_waiter,100232002)*(9,10,LY_waiter,100232003)*(10,11,LY_waiter,100232004)*(11,12,LY_waiter,100232001)*(12,13,LY_waiter,100232002)*(13,14,LY_waiter,100232003)*(14,15,LY_waiter,100232004)*(15,16,LY_waiter,100232001)*(16,17,LY_waiter,100232002)*(17,18,LY_waiter,100232003)*(18,19,LY_waiter,100232004)*(19,20,LY_waiter,100232001)*(20,21,LY_waiter,100232002)	1
100232011	(7,8,LY_waiter,100232011)*(8,9,LY_waiter,100232012)*(9,10,LY_waiter,100232013)*(10,11,LY_waiter,100232014)*(11,12,LY_waiter,100232011)*(12,13,LY_waiter,100232012)*(13,14,LY_waiter,100232013)*(14,15,LY_waiter,100232014)*(15,16,LY_waiter,100232011)*(16,17,LY_waiter,100232012)*(17,18,LY_waiter,100232013)*(18,19,LY_waiter,100232014)*(19,20,LY_waiter,100232011)*(20,21,LY_waiter,100232012)	0
100232021	(0,0,LY_waiter,100232021)	0
100232031	(0,0,LY_waiter,100232031)	0
100232051	(0,0,LY_waiter,100232051)	0
100232061	(0,0,LY_waiter,100232061)	0
100234001	(12,14,LY_people12,100234001)*(14,16,LY_people12,100234001)*(16,18,LY_people12,100234001)	1
100252001	(0,0,LY_Ren,100252001)	0
100286001	(12,14,DK_woman01,100286001)*(15,17,DK_woman01,100286001)	1
100303001	(7,17.2,LY_people07,100303001)*(17.2,19,LY_people07,100303002)	1
110001001	(0,0,LY_horseman,110001001)	0
110013001	(7,16,LY_seller,110013001)*(16,17,LY_seller,110013002)	1
120002001	(19,21,Clock_man,120002001)*(21,23,Clock_man,120002003)*(23,1,Clock_man,120002004)*(1,3,Clock_man,120002005)*(3,5,Clock_man,120002001)	1
120003001	(0,0,LY_whitemother,120003001)	0
300001001	(7,16,HZ_people01,300001001)*(16,17,HZ_people01,300001002)	1
300007001	(8.9,9.2,HZ_people07,300007001)*(9.2,15.15,HZ_people07,300007002)*(15.15,15.4,HZ_people07,300007003)	1
300009001	(13,15,HZ_people09,300009001)	1
300010001	(15.2,17,HZ_people10,300010001)	1
300012001	(7,16.3,HZ_people12,300012001)*(16.3,18,HZ_people12,300012002)	1
300014001	(0,0,HZ_people14,300014001)	0
300018001	(13,15,HZ_child01,300018001)	1
300023001	(7,17.1,LY_people03,300023001)*(17.1,19,LY_people03,300023002)	1
300026001	(0,0,LY_scholar,300026001)	0
300033001	(12.9,16.2,HZ_people06,300033001)*(16.2,17,HZ_people06,300033002)	1
300035001	(13.1,15,HZ_turtle,300035001)	1
300057001	(7,16,HZ_child03,300057001)*(16,17,HZ_child03,300057002)	1
300058001	(9,9.2,HZ_child04,300058001)*(9.2,15.2,HZ_child04,300058002)*(15.2,15.5,HZ_child04,300058003)	1
300059001	(7,15.9,HZ_child04,300059001)*(15.9,16,HZ_child04,300059002)	1
300066001	(7,16.3,HZ_piaoke03,300066001)*(16.3,18,HZ_piaoke03,300066002)	1
300111001	(16.3,17,LZ_people08,300111001)	1
310003001	(16.3,17,LZ_people03,310003001)	1
310005001	(0,0,LZ_people05,310005001)	0
310007001	(16.3,17,LZ_people07,310007001)	1
360024001	(0,0,LY_ironman,360024001)	0
360105601	(0,0,LY_customer01,360105601)	0
400002001	(9,16,TS_pulgirl,400002001)*(16,19,TS_pulgirl,400002002)	1
400003001	(9,16,TS_pulgirl,400003001)*(16,19,TS_pulgirl,400003002)	1
400006001	(9,16,DK_man06,400006001)*(16,19,DK_man06,400006002)	1
400007001	(0,0,HZ_people02,400007001)	0
400008001	(0,0,LY_child03,400008001)	0
400010001	(0,0,CC_pupil,400010001)	0
400011001	(0,0,CC_pupil,400011001)	0
400012001	(0,0,CC_pupil,400012001)	0
400013001	(0,0,CC_pupil,400013001)	0
400015001	(9,16,LY_customer01@action01,400015001)*(16,19,LY_customer01@action01,400015002)*(0,0,LY_customer01@action01,400015003)	0
400016001	(8,17,LY_customer02@action01,400016001)*(17,17.2,LY_customer02@action01,400016002)	1
400017001	(6,18,LY_waiter,400017001)*(18,19,LY_waiter,400017002)	1
400018001	(6,18.1,LY_meatseller,400018001)*(18.1,19,LY_meatseller,400018002)	1
400020001	(7.8,7.9,LY_people03,400020001)*(7.9,17,LY_people03,400020002)*(17,17.1,LY_people03,400020003)	1
400023001	(6.3,6.5,HZ_cloth,400023001)*(6.5,17.9,HZ_cloth,400023002)*(17.9,18.2,HZ_cloth,400023003)	1
400032001	(9,16,Gb_pupil01,400032001)*(16,19,Gb_pupil01,400032002)	1
400033001	(0,0,Gb_pupil01,400033001)	0
400034001	(0,0,CD_corpse,400034001)	0
400035001	(0,0,DK_man02,400034001)	0
400036001	(0,0,DK_man05,400035001)	0
400036011	(15.3,17,HZ_people09,400036011)	1
400059001	(0,0,Gb_pupil01,400059001)	0
400090001	(0,0,HZ_people04,400090001)	0
400097001	(0,0,HZ_piaoke01,400097001)	0
400099001	(0,0,HZ_fish,400099001)	0
400105001	(6,6.3,LY_meatseller,400105001)*(6.3,18.1,LY_meatseller,400105002)*(18.1,18.4,LY_meatseller,400105003)	1
400106001	(13.6,13.9,DK_man07,400106001)*(17.1,17.5,DK_man07,400106002)	1
400107001	(13.2,15,HZ_cloth,400107001)*(16.2,18,HZ_cloth,400107001)	1
400108001	(12.7,14.7,HZ_maiyao,400108001)*(15.7,17.7,HZ_maiyao,400108001)	1
400109001	(0,0,LZ_people04,400109001)	0
400110001	(7,13,LY_fishergirl,400110003)*(13,15,LY_fishergirl,400110001)*(15,15.1,LY_fishergirl,400110002)*(15.1,23,LY_fishergirl,400110003)	1
400111001	(14,14.2,LY_fisher,400111001)*(14.2,16.3,LY_fisher,400111002)*(16.3,16.5,LY_fisher,400111003)	1
400112001	(0,0,HZ_word,400112001)	0
400112011	(0,0,HZ_word,400112011)	0
400113001	(12,13.5,HZ_umbrella,400113001)*(14,15.5,HZ_umbrella,400113001)*(17,18.5,HZ_umbrella,400113001)	1
400114001	(0,0,TL_gamble@action01,400114001)	0
400115001	(0,0,HZ_fish,400115001)	0
400116001	(7,15.5,HZ_umbrella,400116001)*(15.5,17,HZ_umbrella,400116002)	1
100160101	(0,0,LY_drawseller,100160101)	0