#iNpcID	sConduct	iTime
100089	(0,0,BG_sheng02,100089001)	0
100078	(0,0,Biao_Wei,100078001)	0
100085	(0,0,Blade_Fei,100085001)	0
100299	(0,0,CC_yen,100299001)	0
100092	(0,0,Etc_fu,100092001)	0
100060	(0,0,Fist_chili,100060001)	0
100098	(0,0,Gb_Xiaoyao,100098001)	0
100075	(0,0,Jiang_Yu,100075001)	0
100297	(0,0,KF_ruxiulin,100297001)	0
100057	(0,0,Pili_red2,100057001)	0
100043	(0,0,SL_Xue,100043001)	0
100072	(0,0,Sword_Feng,100072001)	0
100082	(0,0,TM_Chunhei,100082001)	0
100081	(0,0,TM_Guannan,100081001)	0
100120	(0,0,TS_Juan,100120001)	0
100037	(0,0,WD_Fang,100037001)	0
100036	(0,0,WD_Gushi,100036001)	0
100094	(0,0,Weapon_nan,100094001)	0
100246001	(0,0,WS_pupil1,100246001)	0
100246002	(0,0,WS_pupil1,100246002)	0
100246003	(0,0,WS_pupil1,100246003)	0
100246004	(0,0,WS_pupil1,100246004)	0
100125	(0,0,WS_cao,100125001)	0
100021	(0,0,Xyg_wanglong,100021001)	0
100245	(0,0,WS_master,100245001)	0
100044	(0,0,SL_master01,100044001)	0
100038	(0,0,WD_master,100038001)	0
100246005	(0,0,WS_pupil1,100246005)	0
100246006	(0,0,WS_pupil1,100246006)	0