#iNpcID	sConduct	iTime
110010001	(0,0,TS_pulgirl,110010001)	0
110010002	(0,0,TS_pulgirl,110010002)	0
110010003	(0,0,TS_pulgirl,110010003)	0
100120001	(0,0,TS_Juan,100120001)	0
100121001	(0,0,TS_pupil,100121001)	0
100121002	(0,0,TS_pupil,100121002)	0
100121003	(0,0,TS_pupil,100121003)	0
100121004	(0,0,TS_pupil,100121004)	0
100121005	(0,0,TS_pupil,100121005)	0
100118001	(0,0,TS_master,100118001)	0
100119001	(0,0,TS_Yilan,100119001)	0
100121006	(0,0,TS_pupil,100121006)	0
100036001	(0,0,WD_Gushi,100036001)	0