#iNpcID	sConduct	iTime
100022	(8,15,Etc_54jie,100022001)*(15,16,Etc_54jie,100022002)	1
100023	(8,15,Etc_54lei,100023001)*(15,16,Etc_54lei,100023002)	1
100024	(8,15,Etc_54zhao,100024001)*(15,16,Etc_54zhao,100024002)	1
100025	(8,15,Etc_54sai,100025001)*(15,16,Etc_54sai,100025002)	1
100137	(6,6.1,Etc_oldmonk,100137001)*(6.1,16,Etc_oldmonk,100137002)*(16,17,Etc_oldmonk,100137003)	1
100138	(0,0,Jiang_pupil,100138001)	0
100146	(5,5.2,LY_white,100146001)*(5.2,18,LY_white,100146002)*(18,18.2,LY_white,100146003)	1
100150	(5,5.2,LY_meatseller,100150001)*(5.2,18,LY_meatseller,100150002)*(18,18.2,LY_meatseller,100150003)	1
100151	(0,0,LY_fisher,100151001)	0
100152	(5,5.2,LY_fishergirl,100152001)*(5.2,18,LY_fishergirl,100152002)*(18,18.2,LY_fishergirl,100152003)	1
100153	(7.9,8.1,LY_joker,100153001)*(8.1,17,LY_joker,100153002)*(17,17.2,LY_joker,100153003)	1
100154	(0,0,LY_horseman,100154001)	0
100155	(0,0,LY_herbboss,100155001)	0
100156	(0,0,LY_antiques,100156001)	0
100157	(0,0,LY_pawn,100157001)	0
100158	(0,0,LY_ironman,100158001)	0
100159	(0,0,LY_seller,100159001)	0
100160	(5,5.2,LY_drawseller,100160001)*(5.2,18,LY_drawseller,100160002)*(18,18.2,LY_drawseller,100160003)	1
100161	(0,0,LY_waiter,100161001)	0
100162	(0,0,LY_boss,100162001)	0
100163	(0,0,LY_chief,100163001)	0
100165	(0,0,LY_soldier,100165001)	0
100166	(5,5.2,LY_vseller,100166001)*(5.2,18,LY_vseller,100166002)*(18,18.2,LY_vseller,100166003)	1
100167	(0,0,LY_tea,100167001)	0
100168	(5,5.2,LY_noodle,100168001)*(5.2,18,LY_noodle,100168002)*(18,18.2,LY_noodle,100168003)	1
100191	(0,0,LY_Xian,100191001)	0
100194	(0,0,LY_doubtboss,100194001)	0
100195	(0,0,LY_doubt01,100195001)	0
100196	(0,0,LY_doubt02,100196001)	0
100197	(0,0,LY_doubt03,100197001)	0
100198	(0,0,LY_doubt04,100198001)	0
100199	(0,0,LY_doubt05,100199001)	0
100201	(0,0,LY_scholar,100201001)	0
100206	(5,5.2,CD_foodseller,100206001)*(5.2,17,CD_foodseller,100206002)*(17,17.2,CD_foodseller,100206003)	1
100209	(7,17,HZ_bitch02,100209001)*(17,18,HZ_bitch02,100209002)	1
100211	(7,17,HZ_bitch04,100211001)*(17,18,HZ_bitch04,100211002)	1
100212	(7,17,HZ_bitch05,100212001)*(17,18,HZ_bitch05,100212002)	1
100225	(0,0,LY_police,100225001)	0
100226	(0,0,LY_soldier,100226001)	0
100231	(0,0,LY_xian,100231001)	0
100232	(0,0,LY_waiter,100232001)	0
100233	(0,0,LY_chief,100233001)	0
100262	(23,1,LY_police,100262001)*(1,3,LY_police,100262002)*(3,5,LY_police,100262001)*(5,7,LY_police,100262002)*(7,9,LY_police,100262001)*(9,11,LY_police,100262002)*(11,13,LY_police,100262001)*(13,15,LY_police,100262002)*(15,17,LY_police,100262001)*(17,19,LY_police,100262002)*(19,21,LY_police,100262001)*(21,23,LY_police,100262002)	1
110001	(7,7.1,LY_horseman,110001001)*(7.1,17,LY_horseman,110001002)*(17,17.1,LY_horseman,110001003)	1
110002	(7,7.1,HZ_maiyao,110002001)*(7.1,17,HZ_maiyao,110002002)*(17,17.1,HZ_maiyao,110002003)	1
110003	(0,0,LY_waiter,110003001)	0
110006	(0,0,HZ_people02,110006001)	0
110015	(5,5.2,HZ_fish,110015001)*(5.2,17,HZ_fish,110015002)*(17,17.2,HZ_fish,110015003)	1
300009	(5,7,HZ_people09,300009001)*(7,9,HZ_people09,300009002)*(9,11,HZ_people09,300009001)*(11,13,HZ_people09,300009002)*(13,15,HZ_people09,300009001)*(15,17,HZ_people09,300009002)	1
300136	(0,0,LY_meatseller,300136001)	0
360004	(8,8.1,LZ_people04,360004001)*(8.1,16,LZ_people04,360004002)*(16,16.1,LZ_people04,360004003)	1