#iNpcID	sConduct	iTime
100036001	(0,0,WD_Gushi,100036001)	0
100037001	(0,0,WD_fang,100037001)	0
100038001	(0,0,WD_master,100038001)	0
100039001	(0,0,WD_wife,100039001)	0
100041001	(0,0,WD_guya,100041001)	0
100042001	(0,0,WD_pupil,100042001)	0
100042011	(0,0,WD_pupil,100042011)	0
100042021	(0,0,WD_pupil,100042021)	0
100042031	(0,0,WD_pupil,100042031)	0
100042041	(0,0,WD_pupil,100042041)	0
100042051	(0,0,WD_pupil,100042051)	0
100042061	(0,0,WD_pupil,100042061)	0
100042071	(0,0,WD_pupil,100042071)	0
100042081	(0,0,WD_pupil,100042081)	0
100042091	(0,0,WD_pupil,100042091)	0
100042101	(0,0,WD_pupil,100042101)	0
100042111	(0,0,WD_pupil,100042111)	0
100042121	(0,0,WD_pupil,100042121)	0
100042131	(0,0,WD_pupil,100042131)	0
100042141	(0,0,WD_pupil,100042141)	0
100042151	(0,0,WD_pupil,100042151)	0
100042161	(0,0,WD_pupil,100042161)	0
100042171	(0,0,WD_pupil,100042171)	0
100042181	(0,0,WD_pupil,100042181)	0
100042191	(0,0,WD_pupil,100042191)	0
100042201	(0,0,WD_pupil,100042201)	0
100042211	(0,0,WD_pupil,100042211)	0
100042221	(0,0,WD_pupil,100042221)	0
100042231	(0,0,WD_pupil,100042231)	0
100042241	(0,0,WD_pupil,100042241)	0
100042251	(0,0,WD_pupil,100042251)	0
100042261	(0,0,WD_pupil,100042261)	0
100042271	(0,0,WD_pupil,100042271)	0
100042281	(0,0,WD_pupil,100042281)	0
100042291	(0,0,WD_pupil,100042291)	0
100042301	(0,0,WD_pupil,100042301)	0
100042311	(0,0,WD_pupil,100042311)	0
100042321	(0,0,WD_pupil,100042321)	0