#iNpcID	sConduct	iTime
100190	(14,14.2,LY_worker,100190001)*(14.2,18,LY_worker,100190002)*(18,18.2,LY_worker,100190003)	1
100193	(8,8.2,LY_flowerman,100193001)*(8.2,17,LY_flowerman,100193002)*(17,17.2,LY_flowerman,100193003)	1
100149	(0,0,LY_hunter,100149001)	0
360003	(0,0,LZ_people03,360003001)	0
100300	(0,0,LZ_people02,100300001)	0
360010	(0,0,LZ_people06,360010001)	0
300112	(0,0,LZ_people09,300112001)	0
360004	(0,0,LZ_people04,360004001)	0
100181	(14,15,LY_people09,100181001)*(15,16,LY_people09,100181002)*(16,17,LY_people09,100181001)*(17,18,LY_people09,100181002)	1
300018	(15,16,HZ_child01,300018001)*(16,17,HZ_child01,300018002)	1
100037	(13.1,13.3,WD_fang,100037001)*(13.3,17.8,WD_fang,100037002)*(17.8,18,WD_fang,100037003)	1
100042	(13.1,13.3,WD_pupil,100042001)*(13.3,17.8,WD_pupil,100042002)*(17.8,18,WD_pupil,100042003)	1
100036	(13.2,13.4,WD_Gushi,100036001)*(13.4,18,WD_Gushi,100036002)*(17.9,18.1,WD_Gushi,100036003)	1