#iNpcID	sConduct	iTime
100138001	(0,0,Etc_monk,100138001)	0
110101001	(6.8,7,Etc_oldmonk,110101001)*(7,11.1,Etc_oldmonk,110101002)*(11.1,12,Etc_oldmonk,110101003)	1
110102001	(6.6,6.9,DK_man01,110102001)*(6.9,11,DK_man01,110102002)*(11,12,DK_man01,110102003)	1
400108001	(6.8,7.1,HZ_maiyao,400108001)*(7.1,11.15,HZ_maiyao,400108002)*(11.15,12,HZ_maiyao,400108003)	1
300060001	(6.7,7,HZ_people01,300060001)*(7,11,HZ_people01,300060002)*(11,12,HZ_people01,300060003)	1
400107001	(6.7,6.9,HZ_cloth,400107001)*(6.9,11,HZ_cloth,400107002)*(11,12,HZ_cloth,400107003)	1
100071	(0,0,Sword_master,100071)	0
100084	(0,0,Blade_master,100084)	0
100072	(0,0,Sword_Feng,100072)	0
100085	(0,0,Blade_Fei,100085)	0
100227001	(0,0,Sword_pupil,100227001)	0
100086001	(0,0,Blade_pupil,100086001)	0
100080	(0,0,TM_master,100080)	0
100081	(0,0,TM_Guannan,100081)	0
100088	(0,0,BG_master,100088)	0
100089	(0,0,BG_sheng02,100089)	0
990050001	(0,0,Etc_Shark2,990050001)	0
990049001	(0,0,Etc_jpassa,990049001)	0
990050002	(0,0,Etc_Shark2,990050002)	0