#iNpcID	sConduct	iTime
515001	(0,0,DL_pupil,515001001)	0
515002	(0,0,DL_pupil2,515002001)	0
515003	(0,0,DL_pupil2,515003001)	0
515004	(0,0,DL_pupil2,515004001)	0
515005	(0,0,DL_pupil2,515005001)	0
515006	(0,0,DL_pupil,515006001)	0
515007	(0,0,DL_pupil2,515007001)	0
515008	(0,0,DL_pupil,515008001)	0
515009	(0,0,DL_pupil,515009001)	0
515010	(0,0,DL_pupil2,515010001)	0
515011	(0,0,DL_pupil,515011001)	0
515012	(0,0,DL_pupil,515012001)	0
515013	(0,0,DL_pupil,515013001)	0
515014	(0,0,DL_pupil,515014001)	0
100067	(0,0,DL_yellow,100067001)	0