#iNpcID	sConduct	iTime
100116001	(0,0,East_Killer,100116001)	0
100116002	(0,0,East_Killer,100116002)	0
100116003	(0,0,East_Killer,100116003)	0
100116004	(0,0,East_Killer,100116004)	0
100116005	(0,0,East_Killer,100116005)	0
100116006	(0,0,East_Killer,100116006)	0
100116007	(0,0,East_Killer,100116007)	0
100116008	(0,0,East_Killer,100116008)	0
100116009	(0,0,East_Killer,100116009)	0
100116010	(0,0,East_Killer,100116010)	0
100116011	(0,0,East_Killer,100116011)	0
100116012	(0,0,East_Killer,100116012)	0
100116013	(0,0,East_Killer,100116013)	0
100116014	(0,0,East_Killer,100116014)	0
100101001	(0,0,Gb_older,100101001)	0
100102001	(0,0,Gb_pupil01,100102001)	0
100102002	(0,0,Gb_pupil01,100102002)	0
100102003	(0,0,Gb_pupil01,100102003)	0
100102004	(0,0,Gb_pupil01,100102004)	0
100102005	(0,0,Gb_pupil01,100102005)	0
100103001	(0,0,Gb_pupil02,100103001)	0
100103002	(0,0,Gb_pupil02,100103002)	0
100144001	(0,0,Etc_jp02,100144001)	0