#iNpcID	sConduct	iTime
100278	(0,0,DK_man01,100278001)	0
100279	(0,0,LY_fisherman,100279001)	0
100280	(0,0,LY_people06,100280001)	0
100284	(0,0,LY_vseller,100284001)	0
100285	(0,0,DK_woman03,100285001)	0
100281	(0,0,DK_man06,100281001)	0
100282	(0,0,LY_people09,100282001)	0
100283	(0,0,LY_hunter,100283001)	0
100286	(0,0,DK_woman01,100286001)	0
100289	(0,0,LY_xian,100289001)	0
100290	(0,0,LY_customer02,100290001)	0
100291	(0,0,LY_customer01@action01,100291001)	0
100292	(0,0,LY_doubt05@action01,100292001)	0
100293	(0,0,LY_seller,100293001)	0
100294	(0,0,LY_people10,100294001)	0
100295	(0,0,LY_flowerman,100295001)	0
505003	(0,0,LZ_people02,505003001)	0
100232	(0,0,LY_waiter,100232001)	0
505007	(0,0,BC_pupil,505007001)	0
100148	(0,0,LY_ren,100148001)	0
505009	(0,0,LY_ironman2@stand01,505009001)	0
505010	(0,0,LY_customer03,505010001)	0
100189	(0,0,LY_baibai,100189001)	0
100158	(0,0,LY_ironman,100158001)	0
100288	(0,0,LY_child01,100288001)	0
505011001	(0,0,TS_pupil,505011001)	0
505015001	(0,0,Xiuluo_03,505015001)	0
990013	(0,0,Heluo_Huang,990013001)	0