#iNpcID	sConduct	iTime
100278	(0,0,DK_man01,100278001)	0
100279	(0,0,LY_fisherman,100279001)	0
100280	(0,0,LY_people04,100280001)	0
100284	(0,0,LY_vseller,100284001)	0
100285	(0,0,DK_woman03,100285001)	0
100281	(0,0,DK_man06,100281001)	0
100282	(0,0,LY_people09,100282001)	0
100283	(0,0,LY_hunter,100283001)	0
100286	(0,0,DK_woman01,100286001)	0
100287	(0,0,LY_child03,100287001)	0
100288	(0,0,LY_child02,100288001)	0
100289	(0,0,LY_xian,100289001)	0
100290	(0,0,LY_customer02,100290001)	0
100291	(0,0,LY_customer01@action01,100291001)	0
100292	(0,0,LY_doubt05@action01,100292001)	0
100293	(0,0,LY_seller,100293001)	0
100294	(0,0,LY_people10,100294001)	0
100295	(0,0,LY_flowerman,100295001)	0
505001	(0,0,LY_fisher,505001001)	0
505002	(0,0,LZ_people03,505002001)	0
505003	(0,0,LZ_people02,505003001)	0
100232	(0,0,LY_waiter,100232001)	0
505004	(0,0,LY_people03,505004001)	0
505005	(0,0,LY_fishergirl,505005001)	0
505006	(0,0,LY_people04,505006001)	0
505007	(0,0,BC_pupil,505007001)	0
100148	(0,0,LY_ren,100148001)	0
505008	(0,0,HZ_destiny,505008001)	0
505009	(0,0,LY_ironman2@stand01,505009001)	0
505010	(0,0,LY_customer03,505010001)	0
505011	(0,0,TS_pupil,505011001)	0
505012	(0,0,Xiuluo_03,505012001)	0
505013	(0,0,Xiuluo_03,505013001)	0
100189	(0,0,LY_baibai,100189001)	0
505014	(0,0,Gb_pupil01,505014001)	0
100158	(0,0,LY_ironman,100158001)	0
100298	(0,0,SL_wdien,100298001)	0
990013	(0,0,Heluo_Huang,990013001)	0