#iNpcID	sConduct	iTime
500020	(0,0,TL_Pupil,500020001)	0
100022	(0,0,Etc_54jie,100022001)	0
100023	(0,0,Etc_54lei,100023001)	0
100024	(0,0,Etc_54zhao,100024001)	0
100025	(0,0,Etc_54sai,100025001)	0
100060001	(0,0,Fist_chili,100060001)	0
100064	(0,0,Fist_master,100064001)	0
100071	(0,0,Sword_master,100071001)	0
100072001	(0,0,Sword_Feng,100072001)	0
100073	(0,0,Sword_pupil,100073001)	0
100076	(0,0,Jiang_pupil,100076001)	0
100077	(0,0,Biao_master,100077001)	0
100078001	(0,0,Biao_Wei,100078001)	0
100079	(0,0,Biao_pupil,100079001)	0
100090	(0,0,BG_pupil,100090001)	0
300080	(0,0,BG_pupil,100090002)	0
300081	(0,0,BG_pupil,100090003)	0
100101	(14,19,Gb_older,100101001)	0
100102	(1,9,Gb_pupil01,100102004)*(9,9.2,Gb_pupil01,100102001)*(9.2,17,Gb_pupil01,100102002)*(17,17.2,Gb_pupil01,100102003)*(17.2,1,Gb_pupil01,100102004)	1
100134	(0,0,Etc_hsu1@action01,100134001)	0
100137	(6,6.1,Etc_oldmonk,100137001)*(6.1,16,Etc_oldmonk,100137002)*(16,17,Etc_oldmonk,100137003)	1
100138	(0,0,etc_monk,100138001)	0
100146	(5,5.2,LY_white,100146001)*(5.2,18,LY_white,100146002)*(18,18.2,LY_white,100146003)*(18.2,5,LY_white,100146004)	1
100147	(0,0,LY_whitemother,100147001)	0
100148	(0,0,LY_Ren,100148001)	0
100150	(5,5.2,LY_meatseller,100150001)*(5.2,18,LY_meatseller,100150002)*(18,18.2,LY_meatseller,100150003)	1
100151	(0,0,LY_fisher,100151001)	0
100152	(5,5.2,LY_fishergirl,100152001)*(5.2,18,LY_fishergirl,100152002)*(18,18.2,LY_fishergirl,100152003)*(18.2,5,LY_fishergirl,100152004)	1
100154	(0,0,LY_horseman,100154001)	0
100155	(0,0,LY_herbboss,100155001)	0
100156	(0,0,LY_antiques,100156001)	0
100157	(0,0,LY_pawn,100157001)	0
100158	(0,0,LY_ironman,100158001)	0
100159	(0,0,LY_seller,100159001)	0
100160	(5,5.2,LY_drawseller,100160001)*(5.2,18,LY_drawseller,100160002)*(18,18.2,LY_drawseller,100160003)	1
100161	(0,0,LY_waiter,100161001)	0
100162	(0,0,LY_boss,100162001)	0
100163	(0,0,LY_chief,100163001)	0
100164	(0,0,LY_client,100164001)	0
100165	(0,0,LY_soldier,100165001)	0
100166	(5,5.2,LY_vseller,100166001)*(5.2,18,LY_vseller,100166002)*(18,18.2,LY_vseller,100166003)	1
100167	(0,0,LY_tea,100167001)	0
100168	(5,5.2,LY_noodle,100168001)*(5.2,18,LY_noodle,100168002)*(18,18.2,LY_noodle,100168003)	1
100169	(0,0,LY_customer01,100169001)	0
100170	(0,0,LY_customer02,100170001)	0
100171	(15,16,LY_customer03,100171001)*(16,18,LY_customer03,100171002)*(18,20,LY_customer03,100171003)	1
100184	(15.2,15.5,LY_child01,100184001)*(15.5,16.5,LY_child01,100184002)*(16.5,18,LY_child01,100184003)	1
100185	(16,16.3,LY_child02,100185001)*(16.3,17.8,LY_child02,100185002)*(17.8,18.5,LY_child02,100185003)	1
100186	(15.2,15.5,LY_child03,100186001)*(15.5,16.5,LY_child03,100186002)*(16.5,18,LY_child03,100186003)	1
100187	(17,17.3,LY_child04,100187001)*(17.3,18.4,LY_child04,100187002)*(18.4,19,LY_child04,100187003)	1
100189	(8,19,LY_baibai,100189001)*(19,20,LY_baibai,100189002)	1
100191	(0,0,LY_Xian,100191001)	0
100194	(0,0,LY_doubtboss,100194001)	0
100195	(0,0,LY_doubt01,100195001)	0
100196	(0,0,LY_doubt02,100196001)	0
100197	(0,0,LY_doubt03,100197001)	0
100198	(0,0,LY_doubt04,100198001)	0
100199	(0,0,LY_doubt05,100199001)	0
100206	(5,5.2,CD_foodseller,100206001)*(5.2,17,CD_foodseller,100206002)*(17,17.2,CD_foodseller,100206003)	1
100210	(0,0,HZ_bitch03,100210001)	0
100219	(15.5,16,HZ_piaoke02,100219001)*(16,16.8,HZ_piaoke02,100219002)*(16.8,18,HZ_piaoke02,100219003)	1
100225	(0,0,LY_police,100225001)	0
100226	(0,0,LY_soldier,100226001)	0
100227	(0,0,Sword_pupil,100227001)	0
100228	(0,0,Sword_pupil,100228001)	0
100231	(0,0,LY_xian,100231001)	0
100232	(0,0,LY_waiter,100232001)	0
100233	(0,0,LY_chief,100233001)	0
100234	(15.9,16.1,LY_people12,100234001)*(16.1,16.9,LY_people12,100234002)*(16.9,18,LY_people12,100234003)	1
100235	(0,0,Biao_pupil,100235001)	0
100236	(0,0,Biao_pupil,100236001)	0
100242	(0,0,Sword_pupil,100242001)	0
100243	(0,0,Sword_pupil,100243001)	0
100250	(8,8.05,LY_fishergirl,100250001)*(8.05,16,LY_fishergirl,100250002)*(16,17,LY_fishergirl,100250003)	1
100262	(23,1,LY_police,100262001)*(1,3,LY_police,100262002)*(3,5,LY_police,100262001)*(5,7,LY_police,100262002)*(7,9,LY_police,100262001)*(9,11,LY_police,100262002)*(11,13,LY_police,100262001)*(13,15,LY_police,100262002)*(15,17,LY_police,100262001)*(17,19,LY_police,100262002)*(19,21,LY_police,100262001)*(21,23,LY_police,100262002)	1
100280	(13,13.1,LY_people04,100280001)*(13.1,17,LY_people04,100280002)*(17,17.1,LY_people04,100280003)	1
100286	(9,10,DK_woman01,100286001)*(17,18,DK_woman01,100286001)	1
100291	(8,17,LY_baibai,100261001)*(17,17.1,LY_baibai,100261002)	1
100300	(0,0,LZ_people02,100300001)	0
100303	(9,16,LY_people07,100303001)*(16,17,LY_people07,100303002)	1
100304	(5,17,CD_fulon,100304001)*(17,17.2,CD_fulon,100304002)	1
100321	(8,19,Jiang_pupil,100321001)	0
100401	(8,19,Horse,100401001)	0
100402	(8,19,horse_02,100402001)	0
100403	(0,0,HZ_bitch03,100403001)	0
100404	(0,0,HZ_bitch03,100404001)	0
100405	(0,0,HZ_bitch03,100405001)	0
100407	(0,0,HZ_bitch03,100407001)	0
100408	(0,0,HZ_bitch03,100408001)	0
110001	(7,7.1,LY_horseman,110001001)*(7.1,17,LY_horseman,110001002)*(17,17.1,LY_horseman,110001003)	1
110002	(7,7.1,HZ_maiyao,110002001)*(7.1,17,HZ_maiyao,110002002)*(17,17.1,HZ_maiyao,110002003)	1
110003	(0,0,LY_waiter,110003001)	0
110004	(0,0,LY_seller,110004001)	0
110006	(0,0,HZ_people02,110006001)	0
110007	(15.2,16,Biao_pupil,110007001)*(17,18,Biao_pupil,110007001)	1
110008	(15.2,16,Biao_pupil@action05,110008001)*(17,18,Biao_pupil@action05,110008001)	1
110009	(15.2,16,Biao_pupil@action01,110009001)*(17,18,Biao_pupil@action01,110009001)	1
110014	(13,13.2,LY_people07,110014001)*(13.2,17,LY_people07,110014002)*(17,18,LY_people07,110014003)	1
110015	(5,5.2,HZ_fish,110015001)*(5.2,17,HZ_fish,110015002)*(17,17.2,HZ_fish,110015003)	1
300001	(13,13.2,HZ_people01,300001001)*(13.2,17,HZ_people01,300001002)*(17,18,HZ_people01,300001003)	1
300006	(0,0,HZ_people06,300006001)	0
300009	(5,7,HZ_people09,300009001)*(7,9,HZ_people09,300009002)*(9,11,HZ_people09,300009001)*(11,13,HZ_people09,300009002)*(13,15,HZ_people09,300009001)*(15,17,HZ_people09,300009002)	1
300021	(9,16,HZ_word,300021001)*(16,17,HZ_word,300021001)	1
300041	(9,16,LY_people08,300041001)*(16,17,LY_people08,300041001)	1
300085	(0,0,HZ_bitch03,300085001)	0
300094	(10,10.5,Sword_pupil,300094001)*(10.5,11,Sword_pupil,300094002)*(11,20,Sword_pupil,300094003)	1
300095	(10,10.5,Sword_pupil,300095001)*(10.5,11,Sword_pupil,300095002)*(11,20,Sword_pupil,300095003)	1
300115	(15.1,16,HZ_destiny,300115001)*(16,16.5,HZ_destiny,300115002)*(16.5,19,HZ_destiny,300115003)	1
300136	(0,0,LY_meatseller,300136001)	0
360004	(8,8.1,LZ_people04,360004001)*(8.1,16,LZ_people04,360004002)*(16,16.1,LZ_people04,360004003)	1
900001	(0,0,LY_people11,900001001)	0