#iNpcID	sConduct	iTime
100036001	(0,0,WD_gushi,100036001)	0
100038001	(0,0,WD_master,100038001)	0
100039001	(0,0,WD_wife,100039001)	0
100042301	(0,0,WD_pupil,100042301)	0
100041001	(0,0,WD_guya,100041001)	0
100042031	(0,0,WD_pupil,100042031)	0
100042241	(0,0,WD_pupil,100042241)	0
100042251	(0,0,WD_pupil,100042251)	0
100042261	(0,0,WD_pupil,100042261)	0
100042271	(0,0,WD_pupil,100042271)	0
100042281	(0,0,WD_pupil,100042281)	0
100042291	(0,0,WD_pupil,100042291)	0
100042121	(0,0,WD_pupil,100042121)	0
100042131	(0,0,WD_pupil,100042131)	0
100042141	(0,0,WD_pupil,100042141)	0
100042151	(0,0,WD_pupil,100042151)	0
100042161	(0,0,WD_pupil,100042161)	0
100042171	(0,0,WD_pupil,100042171)	0