#iNpcID	sConduct	iTime
100001	(0,0,TL_ysky,100001001)	0
100013	(0,0,TL_gongxiyao,100013001)	0
100413	(0,0,Ma_boy,100413001)	0
360056	(0,0,HZ_people14,360056001)	0
360055	(0,0,LY_people12,360055001)	0
100414	(0,0,Ma_GrilandBaby,100414001)	0
360033	(0,0,TL_tlpupil,360033001)	0
360034	(0,0,TL_tlpupil,360034001)	0
360035	(0,0,TL_tlpupil,360035001)	0
360036	(0,0,TL_tlpupil,360036001)	0
360037	(0,0,TL_tlpupil,360037001)	0
360038	(0,0,TL_tlpupil,360038001)	0
360039	(0,0,TL_tlpupil,360039001)	0
360042	(0,0,TL_tlpupil,360042001)	0
360043	(0,0,TL_tlpupil,360043001)	0
360044	(0,0,TL_tlpupil,360044001)	0
360045	(0,0,TL_tlpupil,360045001)	0
360046	(0,0,TL_tlpupil,360046001)	0
100018	(0,0,Xyg_Xuanmin2,100018001)	0
360057	(0,0,TL_tlpupil@action04,360057001)	0