#iNpcID	sConduct	iTime
100190	(5,5.5,LY_worker,100190001)*(5.5,17,LY_worker,100190002)*(17,17.5,LY_worker,100190003)	1
100193	(8,8.2,LY_flowerman,100193001)*(8.2,17,LY_flowerman,100193002)*(17,17.2,LY_flowerman,100193003)	1
100149	(0,0,LY_hunter,100149001)	0
360003	(0,0,LZ_people03,360003001)	0
100300	(0,0,LZ_people02,100300001)	0
360010	(0,0,LZ_people06,360010001)	0
300112	(0,0,LZ_people09,300112001)	0
360004	(0,0,LZ_people04,360004001)	0
100181	(8,9,LY_people09,100181001)*(10,11,LY_people09,100181002)*(13,14,LY_people09,100181001)*(15,16,LY_people09,100181002)	1
300018	(10,12,HZ_child01,300018001)*(14,16,HZ_child01,300018002)	1