#iNpcID	sConduct	iTime
100095001	(0,0,Weapon_pupil,100095001)	0
360024001	(0,0,LY_ironman,360024001)	0
360058001	(0,0,LY_ironman,360058001)	0
100093001	(6,7,Weapon_master,100093001)*(7,8,Weapon_master,100093002)*(11,12,Weapon_master,100093001)*(12,13,Weapon_master,100093002)*(17,18,Weapon_master,100093001)*(18,19,Weapon_master,100093002)	1
100095011	(0,0,Weapon_pupil,100095011)	0
100095021	(0,0,Weapon_pupil,100095021)	0
100095031	(0,0,Weapon_pupil,100095031)	0
100095041	(0,0,Weapon_pupil,100095041)	0
100095161	(0,0,Weapon_pupil,100095161)	0
100193001	(0,0,LY_flowerman,100193001)	0
360019001	(0,0,Weapon_pupil,360019001)	0
100095171	(0,0,Weapon_pupil,100095171)	0
100095181	(0,0,Weapon_pupil,100095181)	0
360121001	(0,0,HZ_bitch04,360121001)	0
360121011	(0,0,HZ_bitch04,360121011)	0
360121021	(0,0,HZ_bitch04,360121021)	0
360121031	(0,0,HZ_bitch04,360121031)	0
360121041	(0,0,HZ_bitch04,360121041)	0
360121051	(9,10,HZ_bitch04,360121051)*(12,13,HZ_bitch04,360121052)*(15,16,HZ_bitch04,360121051)*(18,19,HZ_bitch04,360121052)*(21,22,HZ_bitch04,360121051)	1
100094001	(7,11,Weapon_nan,100094001)*(11,11.2,Weapon_nan,100094002)*(11.2,20,Weapon_nan,100094003)	1
100095191	(0,0,Weapon_pupil_c,100095191)	0
100095201	(0,0,Weapon_pupil,100095201)	0
100095211	(0,0,Weapon_pupil,100095211)	0