#iNpcID	sConduct	iTime
520001	(0,0,TL_Pupil,520001001)	0
520002	(0,0,TL_Pupil,520002001)	0
100129	(0,0,TL_Gamble@action01,100129001)	0
520004	(0,0,TL_Pupil,520004001)	0
520005	(0,0,TL_Pupil,520005001)	0
520006	(0,0,TL_Pupil,520006001)	0
100127	(0,0,TL_drink,100127001)	0
520008	(0,0,TL_Pupil,520008001)	0
100058	(0,0,DL_blue,100058001)	0
100128	(0,0,TL_sex,100128001)	0
100126	(0,0,TL_eat,100126001)	0
520012	(0,0,TL_Pupil,520012001)	0
520013	(0,0,TL_Pupil,520013001)	0
520014	(0,0,TL_Pupil,520014001)	0
520015	(0,0,TL_Pupil,520015001)	0
520016	(0,0,TL_Pupil,520016001)	0
520017	(0,0,TL_Pupil,520017001)	0
520018	(0,0,TL_Pupil,520018001)	0
520019	(0,0,TL_Pupil,520019001)	0
100018	(0,0,xyg_xuanmin,100018001)	0