#iNpcID	sConduct	iTime
100022001	(0,21,Etc_54jie,100022001)	0
100023001	(0,21,Etc_54Lei,100023001)	0
100024001	(0,21,Etc_54zhao,100024001)	0
100025001	(0,21,Etc_54sai,100025001)	0
100058001	(0,0,DL_blue,100058001)	0
100135001	(13.98,19.73,Etc_hsu2,100135001)*(19.73,21,Etc_hsu2,100135002)	1
100154001	(0,0,LY_horseman,100154001)	0
100161001	(0,0,LY_waiter,100161001)	0
100172001	(0,0,LY_customer04,100172001)	0
100201001	(8,17,LY_people07,100201001)*(17,18,LY_people07,100201003)	1
100203001	(8,18.63,LY_tonbohu,100203001)*(18.63,21,LY_tonbohu,100203002)	1
100208001	(0,0,HZ_bitch01,100208001)	0
100209001	(0,0,HZ_bitch02,100209001)	0
100210001	(7,8,HZ_bitch03,100210001)*(9,10,HZ_bitch03,100210002)*(11,12,HZ_bitch03,100210001)*(13,14,HZ_bitch03,100210002)*(15,16,HZ_bitch03,100210001)*(17,18,HZ_bitch03,100210002)*(19,20,HZ_bitch03,100210001)*(21,22,HZ_bitch03,100210002)	1
100211001	(0,0,HZ_bitch04,100211001)	0
100213001	(0,0,HZ_bitch06,100213001)	0
100218001	(0,0,HZ_piaoke01,100218001)	0
100420001	(0,0,HZ_piaoke02,100420001)	0
100421001	(0,0,HZ_bitch05@action01,100421001)	0
100225001	(0,0,LY_police,100225001)	0
100230001	(0,0,Guanfu_pupil,100230001)	0
100232001	(0,0,LY_waiter,100232001)	0
100232011	(0,0,LY_waiter,100232011)	0
100298001	(8,18,SL_wdien,100298001)*(18,21,SL_wdien,100298002)*(0,0,SL_wdien,100298003)	1
110005001	(0,0,DK_man06,110005001)	0
300002001	(14.5,15.91,HZ_people02,300002001)*(15.91,21,HZ_people02,300002002)*(0,0,HZ_people02,300002003)	1
300003001	(14.5,15.81,HZ_people03,300003001)*(15.81,21,HZ_people03,300003002)*(0,0,HZ_people03,300003003)	1
300004001	(14.5,16.01,HZ_people04,300004001)*(16.01,21,HZ_people04,300004002)*(0,0,HZ_people04,300004003)	1
300005001	(14.5,15.71,HZ_people05,300005001)*(15.71,21,HZ_people05,300005002)*(0,0,HZ_people05,300005003)	1
300027001	(13,17.5,Etc_Shark2,300027001)*(17.5,21,Etc_Shark2,300027002)	1
300028001	(14.5,19,Etc_Shark2,300028001)*(19,21,Etc_Shark2,300028002)	1
300050001	(8,17.21,DK_woman02,300050001)*(17.21,21,DK_woman02,300050002)	1
300114001	(13,18,HZ_word,300114001)*(18,21,HZ_word,300114002)*(0,0,HZ_word,300114003)	1
300117001	(8,18.9,HZ_child05,300117001)*(18.9,19,HZ_child05,300117002)	1
300121001	(8,16,Etc_Shark2,300121001)*(16,16.4,Etc_Shark2,300121002)*(16.4,20,Etc_Shark2,300121003)	1
300122001	(8,16,Etc_Shark2,300122001)*(16,16.4,Etc_Shark2,300122002)*(16.4,20,Etc_Shark2,300122003)	1
300125001	(8,18,HZ_fish,300125001)*(18,21,HZ_fish,300125002)	1
300126001	(8,19.5,HZ_people12,300126001)*(19.5,21,HZ_people12,300126002)	1
300127001	(8,19.5,HZ_piaoke01,300127001)*(19.5,21,HZ_piaoke01,300127002)	1
300128001	(8,18,HZ_umbrella,300128001)*(18,21,HZ_umbrella,300128002)	1
300129001	(8,17.63,KF_pupil,300129001)*(17.63,21,KF_pupil,300129002)	1
300130001	(8,17.63,KF_pupil,300130001)*(17.63,21,KF_pupil,300130002)	1
300131001	(8,17.63,KF_pupil,300131001)*(17.63,21,KF_pupil,300131002)	1
300132001	(0,0,LY_customer01@action01,300132001)	0
300133001	(0,0,LY_customer02@action01,300133001)	0
300135001	(8,18,LY_doubt03,300135001)*(18,21,LY_doubt03,300135002)	1
300136001	(8,18,LY_meatseller,300136001)*(18,21,LY_meatseller,300136002)	1
300137001	(8,18,LY_vseller,300137001)*(18,21,LY_vseller,300137002)	1
300138001	(0,0,BG_pupil@action01,300138001)	0
300139001	(0,0,DK_man02,300139001)	0
300140001	(0,0,HZ_bitch04@action02,300140001)	0
300141001	(0,0,HZ_bitch03,300141001)	0
300142001	(0,0,HZ_bitch05@action01,300142001)	0
300143001	(0,0,HZ_cloth,300143001)	0
300144001	(22.2,11,HZ_oldbitch,300144001)*(11,11.2,HZ_oldbitch,300144002)*(11.2,12,HZ_oldbitch,300144003)*(12,12.2,HZ_oldbitch,300144004)*(12.2,13,HZ_oldbitch,300144001)*(13,13.2,HZ_oldbitch,300144002)*(13.2,14,HZ_oldbitch,300144003)*(14,14.2,HZ_oldbitch,300144004)*(14.2,15,HZ_oldbitch,300144001)*(15,15.2,HZ_oldbitch,300144002)*(15.2,16,HZ_oldbitch,300144003)*(16,16.2,HZ_oldbitch,300144004)*(16.2,17,HZ_oldbitch,300144001)*(17,17.2,HZ_oldbitch,300144002)*(17.2,18,HZ_oldbitch,300144003)*(18,18.2,HZ_oldbitch,300144004)*(18.2,19,HZ_oldbitch,300144001)*(19,19.2,HZ_oldbitch,300144002)*(19.2,20,HZ_oldbitch,300144003)*(20,20.2,HZ_oldbitch,300144004)*(20.2,21,HZ_oldbitch,300144001)*(21,21.2,HZ_oldbitch,300144002)*(21.2,22,HZ_oldbitch,300144003)*(22,22.2,HZ_oldbitch,300144004)	1
300145001	(8,19,HZ_people12,300145001)*(19,8,HZ_people12,300145002)	1
300146001	(0,0,HZ_people13,300146001)	0
300147001	(0,0,HZ_people14,300147001)	0
300148001	(0,0,LY_antiques,300148001)	0
300149001	(0,0,LY_boss,300149001)	0
300150001	(8,13,LY_customer01,300150001)*(21,13,LY_customer01,300150001)	1
300151001	(8,13,LY_customer02,300151001)*(21,13,LY_customer02,300151001)	1
300154001	(0,0,LY_herbboss,300154001)	0
300155001	(0,0,LY_ironman,300155001)	0
360058001	(0,0,LY_ironman,360058001)	0
300156001	(0,0,LY_pawn,300156001)	0
100157001	(0,0,LY_pawn,100157001)	0
300157001	(0,0,LY_seller,300157001)	0
300162001	(8,16,HZ_bitch03,300162001)*(16,21,HZ_bitch03,300162002)	1
300163001	(15,15.23,LY_people02,300163001)*(15.23,16.23,LY_people02,300163002)*(16.23,17.23,LY_people02,300163003)	1
300164001	(8,18,LY_people10,300164001)*(18,21,LY_people10,300164002)	1
300166001	(0,0,LY_tea,300166001)	0
300211001	(0,0,Guanfu_pupil,300211001)	0
300212001	(0,0,Guanfu_pupil,300212001)	0
300213001	(0,0,Guanfu_pupil,300213001)	0
300214001	(0,0,Guanfu_pupil,300214001)	0
300215001	(0,0,HZ_people02,300215001)	0
300216001	(0,0,HZ_bitch04@action01,300216001)	0
300217001	(0,0,HZ_bitch06,300217001)	0
300218001	(0,0,HZ_bitch06,300218001)	0
300219001	(0,0,HZ_bitch05@action01,300219001)	0
300220001	(0,0,HZ_bitch02,300220001)	0
300220002	(0,0,HZ_bitch02,300220002)	0
300220003	(0,0,HZ_bitch02,300220003)	0
300221001	(0,0,LY_doubt02,300221001)	0
300222001	(0,0,LY_doubt02,300222001)	0
300225001	(0,0,LY_fisherman,300225001)	0
300226001	(0,0,KF_pupil,300226001)	0
300227001	(11,12,KF_pupil,300227001)*(13,14,KF_pupil,300227002)*(15,16,KF_pupil,300227003)*(17,18,KF_pupil,300227001)*(19,20,KF_pupil,300227002)*(21,22,KF_pupil,300227003)	1
300228001	(11,12,KF_pupil@action02,300228001)*(13,14,KF_pupil@action02,300228002)*(15,16,KF_pupil@action02,300228003)*(17,18,KF_pupil@action02,300228001)*(19,20,KF_pupil@action02,300228002)*(21,22,KF_pupil@action02,300228003)	1
300240001	(9,10,LY_ironman2@stand01,300240001)*(11,12,LY_ironman2@stand01,300240002)*(13,14,LY_ironman2@stand01,300240003)*(14,15,LY_ironman2@stand01,300240001)*(16,17,LY_ironman2@stand01,300240002)*(18,19,LY_ironman2@stand01,300240003)	1
300241001	(7,8,Guanfu_pupil,300241001)*(9,10,Guanfu_pupil,300241002)*(11,12,Guanfu_pupil,300241003)*(13,14,Guanfu_pupil,300241004)*(15,16,Guanfu_pupil,300241001)*(17,18,Guanfu_pupil,300241002)*(19,20,Guanfu_pupil,300241003)*(21,22,Guanfu_pupil,300241004)	1
300242001	(6,7,Guanfu_pupil,300242001)*(8,9,Guanfu_pupil,300242002)*(10,11,Guanfu_pupil,300242003)*(12,13,Guanfu_pupil,300242004)*(14,15,Guanfu_pupil,300242001)*(16,17,Guanfu_pupil,300242002)*(18,19,Guanfu_pupil,300242003)*(20,21,Guanfu_pupil,300242004)	1
300245001	(12,13,KF_pupil,300245001)*(14,15,KF_pupil,300245002)*(16,17,KF_pupil,300245003)*(18,19,KF_pupil,300245001)*(20,21,KF_pupil,300245002)*(22,23,KF_pupil,300245003)	1
300246001	(12,13,KF_pupil@action02,300246001)*(14,15,KF_pupil@action02,300246002)*(16,17,KF_pupil@action02,300246003)*(18,19,KF_pupil@action02,300246001)*(20,21,KF_pupil@action02,300246002)*(22,23,KF_pupil@action02,300246003)	1
300253001	(11,15,LY_xian,300253001)	1
300203001	(13,15,East_king,300203001)	1
100299001	(13,15,CC_yen,100299001)	1
300204001	(13,15,Guanfu_killer,300204001)	1
100248001	(13,15,Guanfu_killer,100248001)	1
100134001	(0,0,Etc_hsu1@action01,100134001)	0
310013001	(0,0,HZ_chief@action01,310013001)	0
300271001	(0,0,DK_man01,300271001)	0
300272001	(0,0,HZ_bitch05,300272001)	0
300274001	(0,0,HZ_piaoke04,300274001)	0
300275001	(0,0,KF_pupil,300275001)	0
300276001	(0,0,HZ_people07,300276001)	0
300283001	(0,0,DK_man06,300283001)	0
300284001	(0,0,CD_foodseller,300284001)	0
300285001	(0,0,HZ_people06,300285001)	0
300286001	(0,0,DK_man01,300286001)	0
300032001	(9,17,HZ_child01,300032001)*(17,21,HZ_child01,300032002)	1
100057001	(0,0,Pili_red,100057001)	0
100070001	(0,0,Pili_pupil,100070001)	0
100070002	(0,0,Pili_pupil,100070002)	0
100096001	(0,0,BC_Gong,100096001)	0
100043001	(0,0,SL_Xue,100043001)	0
100059001	(0,0,Etc_shiyan,100059001)	0
100065001	(0,0,Guanfu_Gan,100065001)	0